33 0.867958 0.325893 0.264085 0.186384
151 0.813380 0.314732 0.373239 0.225446
121 0.693662 0.120536 0.126761 0.089286
0 0.500000 0.121652 0.232394 0.160714
67 0.475352 0.222098 0.112676 0.078125
1 0.200704 0.218750 0.221831 0.132812
1 0.797535 0.223214 0.151408 0.123884
15 0.424296 0.287946 0.056338 0.051339
71 0.475352 0.287946 0.073944 0.089286
117 0.621479 0.302455 0.119718 0.082589
101 0.848592 0.314732 0.214789 0.100446
88 0.519366 0.356027 0.123239 0.075893
122 0.866197 0.520089 0.198944 0.116071
128 0.816901 0.564732 0.188380 0.103795
67 0.306338 0.597098 0.112676 0.078125
16 0.725352 0.621652 0.056338 0.037946
99 0.255282 0.702009 0.077465 0.062500
115 0.940141 0.768973 0.119718 0.084821
2 0.200704 0.748884 0.161972 0.133929
135 0.709507 0.787946 0.133803 0.089286
37 0.866197 0.828125 0.112676 0.061384
0 0.500000 0.840402 0.214789 0.162946
45 0.184859 0.887277 0.095070 0.078125
133 0.510563 0.897321 0.147887 0.080357
129 0.535211 0.037946 0.292254 0.075893
65 0.489437 0.066964 0.123239 0.091518
65 0.688380 0.792411 0.123239 0.093750
12 0.489437 0.041295 0.059859 0.037946
7 0.713028 0.071429 0.063380 0.013393
8 0.672535 0.071429 0.026408 0.021205
5 0.200704 0.136161 0.139085 0.027902
9 0.489437 0.139509 0.040493 0.031250
5 0.797535 0.149554 0.140845 0.034598
7 0.503521 0.178571 0.065141 0.013393
8 0.457746 0.178571 0.031690 0.022321
7 0.494718 0.244420 0.063380 0.013393
14 0.848592 0.247768 0.073944 0.013393
8 0.454225 0.244420 0.028169 0.020089
8 0.623239 0.247768 0.029930 0.021205
8 0.848592 0.258929 0.044014 0.034598
12 0.475352 0.289062 0.028169 0.017857
8 0.519366 0.315848 0.028169 0.020089
9 0.475352 0.363839 0.052817 0.039062
8 0.866197 0.458705 0.042254 0.026786
8 0.816901 0.495536 0.036972 0.023438
7 0.327465 0.558036 0.063380 0.013393
8 0.278169 0.558036 0.044014 0.034598
7 0.258803 0.674107 0.035211 0.013393
8 0.225352 0.674107 0.044014 0.034598
7 0.975352 0.727679 0.049296 0.013393
8 0.934859 0.727679 0.038732 0.026786
8 0.709507 0.739955 0.038732 0.026786
5 0.200704 0.767857 0.137324 0.022321
7 0.200704 0.847098 0.063380 0.013393
8 0.160211 0.847098 0.028169 0.022321
8 0.510563 0.854911 0.029930 0.021205
12 0.186620 0.867188 0.058099 0.042411
6 0.500000 0.928571 0.253521 0.046875
