86 0.850352 0.637277 0.299296 0.165179
122 0.098592 0.106027 0.197183 0.116071
0 0.500000 0.117188 0.211268 0.169643
19 0.628521 0.196429 0.073944 0.060268
1 0.200704 0.227679 0.158451 0.116071
3 0.797535 0.210938 0.165493 0.149554
124 0.832747 0.366071 0.102113 0.058036
132 0.797535 0.484375 0.147887 0.102679
59 0.579225 0.527902 0.077465 0.051339
22 0.242958 0.562500 0.084507 0.055804
18 0.177817 0.627232 0.049296 0.035714
81 0.626761 0.629464 0.154930 0.082589
124 0.788732 0.659598 0.089789 0.073661
126 0.714789 0.674107 0.151408 0.109375
126 0.478873 0.677455 0.151408 0.109375
2 0.200704 0.751116 0.179577 0.129464
0 0.500000 0.845982 0.221831 0.151786
25 0.860915 0.360491 0.056338 0.029018
27 0.419014 0.886161 0.276408 0.137277
6 0.500000 0.022321 0.250000 0.044643
8 0.021127 0.046875 0.042254 0.034598
4 0.809859 0.093750 0.123239 0.015625
5 0.797535 0.118304 0.140845 0.029018
5 0.200704 0.151786 0.146127 0.030134
7 0.661972 0.162946 0.091549 0.012277
8 0.609155 0.162946 0.026408 0.021205
7 0.867958 0.341518 0.091549 0.012277
8 0.808099 0.341518 0.035211 0.022321
8 0.860915 0.345982 0.028169 0.020089
153 0.822183 0.395089 0.045775 0.035714
7 0.816901 0.428571 0.061620 0.013393
8 0.771127 0.428571 0.036972 0.023438
12 0.797535 0.479911 0.028169 0.025670
8 0.242958 0.534598 0.033451 0.022321
7 0.642606 0.587054 0.059859 0.012277
9 0.580986 0.578125 0.047535 0.035714
8 0.602113 0.585938 0.028169 0.022321
7 0.207746 0.604911 0.089789 0.012277
8 0.153169 0.606027 0.028169 0.020089
7 0.730634 0.622768 0.063380 0.012277
7 0.514085 0.625000 0.091549 0.012277
8 0.684859 0.621652 0.035211 0.022321
8 0.457746 0.625000 0.029930 0.021205
9 0.242958 0.616071 0.068662 0.050223
12 0.714789 0.665179 0.035211 0.033482
9 0.626761 0.694196 0.063380 0.043527
9 0.714789 0.764509 0.028169 0.020089
5 0.200704 0.787946 0.137324 0.023438
6 0.500000 0.936384 0.251761 0.046875
