151 0.744718 0.574777 0.443662 0.227679
44 0.927817 0.078125 0.144366 0.104911
96 0.878521 0.143973 0.140845 0.069196
0 0.500000 0.107143 0.278169 0.189732
71 0.364437 0.210938 0.084507 0.069196
117 0.325704 0.242188 0.119718 0.078125
3 0.200704 0.216518 0.218310 0.138393
68 0.246479 0.309152 0.095070 0.055804
58 0.466549 0.328125 0.112676 0.071429
22 0.957747 0.362723 0.084507 0.049107
78 0.190141 0.385045 0.091549 0.060268
51 0.908451 0.513393 0.169014 0.095982
75 0.257042 0.524554 0.080986 0.116071
142 0.667253 0.582589 0.080986 0.066964
101 0.744718 0.574777 0.204225 0.095982
105 0.299296 0.589286 0.154930 0.109375
72 0.839789 0.593750 0.140845 0.104911
102 0.130282 0.598214 0.140845 0.133929
145 0.917253 0.641741 0.098592 0.062500
121 0.514085 0.633929 0.102113 0.078125
22 0.686620 0.679688 0.070423 0.046875
105 0.149648 0.672991 0.154930 0.109375
68 0.917253 0.732143 0.091549 0.055804
2 0.797535 0.743304 0.176056 0.145089
128 0.367958 0.762277 0.207746 0.125000
109 0.362676 0.814732 0.095070 0.055804
107 0.135563 0.813616 0.137324 0.142857
34 0.698944 0.872768 0.179577 0.040179
22 0.853873 0.891741 0.070423 0.046875
0 0.500000 0.845982 0.214789 0.152902
25 0.792253 0.103795 0.130282 0.029018
57 0.517606 0.537946 0.607394 0.309152
94 0.160211 0.744420 0.169014 0.087054
6 0.500000 0.021205 0.250000 0.042411
7 0.957747 0.030134 0.061620 0.013393
8 0.915493 0.030134 0.031690 0.022321
12 0.792253 0.049107 0.040493 0.035714
8 0.792253 0.078125 0.028169 0.022321
4 0.211268 0.104911 0.126761 0.015625
7 0.901408 0.108259 0.063380 0.013393
8 0.855634 0.108259 0.035211 0.022321
5 0.200704 0.130580 0.144366 0.029018
7 0.385563 0.176339 0.063380 0.012277
8 0.338028 0.176339 0.040493 0.025670
8 0.327465 0.185268 0.044014 0.034598
7 0.255282 0.281250 0.035211 0.013393
7 0.482394 0.292411 0.059859 0.012277
8 0.221831 0.281250 0.044014 0.034598
8 0.441901 0.292411 0.028169 0.022321
7 0.926056 0.469866 0.063380 0.013393
8 0.880282 0.470982 0.036972 0.023438
14 0.744718 0.508929 0.073944 0.013393
8 0.744718 0.517857 0.028169 0.022321
7 0.151408 0.531250 0.065141 0.013393
8 0.109155 0.531250 0.033451 0.022321
7 0.320423 0.537946 0.065141 0.013393
7 0.862676 0.542411 0.061620 0.013393
8 0.271127 0.537946 0.036972 0.029018
8 0.667253 0.539062 0.042254 0.026786
8 0.820423 0.542411 0.033451 0.021205
7 0.536972 0.594866 0.063380 0.013393
8 0.491197 0.594866 0.035211 0.022321
8 0.919014 0.598214 0.026408 0.021205
12 0.130282 0.604911 0.040493 0.026786
8 0.149648 0.612723 0.035211 0.022321
7 0.707747 0.660714 0.063380 0.014509
8 0.661972 0.660714 0.036972 0.023438
7 0.179577 0.699777 0.063380 0.013393
8 0.369718 0.694196 0.036972 0.023438
8 0.133803 0.699777 0.035211 0.022321
8 0.919014 0.705357 0.026408 0.021205
7 0.144366 0.736607 0.033451 0.012277
8 0.117958 0.737723 0.028169 0.022321
5 0.797535 0.772321 0.161972 0.027902
7 0.383803 0.784598 0.063380 0.013393
8 0.341549 0.784598 0.028169 0.022321
9 0.917253 0.787946 0.052817 0.037946
12 0.135563 0.823661 0.052817 0.039062
7 0.721831 0.854911 0.065141 0.013393
8 0.677817 0.854911 0.028169 0.022321
9 0.369718 0.858259 0.058099 0.040179
8 0.855634 0.870536 0.026408 0.021205
9 0.135563 0.930804 0.028169 0.020089
6 0.500000 0.933036 0.253521 0.046875
