87 0.591549 0.707589 0.394366 0.199777
123 0.130282 0.116071 0.237676 0.111607
0 0.500000 0.107143 0.278169 0.189732
121 0.093310 0.235491 0.133803 0.084821
2 0.200704 0.219866 0.190141 0.131696
3 0.797535 0.222098 0.154930 0.127232
71 0.632042 0.356027 0.098592 0.073661
52 0.264085 0.361607 0.119718 0.062500
131 0.823944 0.371652 0.154930 0.091518
80 0.580986 0.581473 0.098592 0.078125
16 0.593310 0.784598 0.052817 0.051339
2 0.200704 0.748884 0.161972 0.133929
1 0.797535 0.752232 0.154930 0.128348
90 0.322183 0.804688 0.091549 0.060268
49 0.753521 0.796875 0.102113 0.084821
0 0.500000 0.840402 0.214789 0.162946
41 0.378521 0.301339 0.140845 0.127232
6 0.500000 0.022321 0.250000 0.044643
8 0.130282 0.045759 0.040493 0.026786
153 0.677817 0.100446 0.049296 0.035714
4 0.809859 0.116071 0.126761 0.015625
5 0.200704 0.135045 0.146127 0.029018
5 0.799296 0.140625 0.139085 0.026786
7 0.133803 0.191964 0.089789 0.014509
8 0.073944 0.191964 0.036972 0.023438
12 0.095070 0.227679 0.029930 0.024554
7 0.394366 0.235491 0.061620 0.013393
8 0.348592 0.235491 0.038732 0.026786
7 0.674296 0.312500 0.095070 0.014509
7 0.845070 0.329241 0.061620 0.013393
12 0.632042 0.319196 0.059859 0.035714
8 0.264085 0.328125 0.036972 0.029018
8 0.799296 0.329241 0.036972 0.029018
9 0.633803 0.402902 0.086268 0.062500
7 0.598592 0.539062 0.061620 0.013393
8 0.551056 0.539062 0.038732 0.026786
8 0.753521 0.741071 0.036972 0.029018
5 0.200704 0.763393 0.146127 0.027902
12 0.595070 0.761161 0.051056 0.037946
8 0.299296 0.770089 0.036972 0.029018
5 0.799296 0.774554 0.139085 0.022321
12 0.322183 0.781250 0.045775 0.033482
9 0.323944 0.873884 0.036972 0.026786
