151 0.417254 0.658482 0.443662 0.227679
0 0.500000 0.117188 0.197183 0.169643
85 0.633803 0.176339 0.109155 0.102679
2 0.797535 0.219866 0.190141 0.131696
46 0.649648 0.321429 0.119718 0.075893
66 0.343310 0.334821 0.105634 0.071429
134 0.841549 0.309152 0.197183 0.138393
68 0.779930 0.484375 0.084507 0.049107
140 0.836268 0.608259 0.095070 0.064732
142 0.475352 0.612723 0.096831 0.062500
101 0.417254 0.659598 0.207746 0.098214
140 0.369718 0.680804 0.084507 0.102679
18 0.397887 0.779018 0.056338 0.049107
1 0.200704 0.750000 0.209507 0.130580
3 0.797535 0.739955 0.193662 0.151786
0 0.500000 0.843750 0.183099 0.156250
91 0.577465 0.487723 0.158451 0.089286
39 0.193662 0.582589 0.073944 0.049107
6 0.500000 0.022321 0.250000 0.044643
7 0.637324 0.127232 0.029930 0.012277
8 0.605634 0.127232 0.044014 0.034598
5 0.797535 0.136161 0.158451 0.031250
8 0.841549 0.236607 0.038732 0.026786
8 0.651408 0.273438 0.036972 0.029018
8 0.345070 0.283482 0.033451 0.021205
12 0.651408 0.303571 0.047535 0.040179
12 0.345070 0.314732 0.036972 0.033482
8 0.577465 0.435268 0.044014 0.034598
12 0.779930 0.444196 0.035211 0.027902
7 0.799296 0.453125 0.061620 0.012277
8 0.757042 0.454241 0.033451 0.022321
9 0.781690 0.541295 0.047535 0.033482
7 0.225352 0.553571 0.091549 0.012277
8 0.169014 0.553571 0.029930 0.021205
8 0.838028 0.564732 0.029930 0.021205
8 0.473592 0.568080 0.028169 0.020089
14 0.417254 0.590402 0.073944 0.013393
8 0.419014 0.599330 0.033451 0.022321
12 0.838028 0.591518 0.047535 0.041295
7 0.390845 0.627232 0.063380 0.011161
8 0.341549 0.627232 0.042254 0.026786
12 0.419014 0.658482 0.029930 0.025670
9 0.836268 0.671875 0.052817 0.039062
12 0.369718 0.684152 0.038732 0.029018
7 0.419014 0.751116 0.065141 0.013393
8 0.376761 0.751116 0.033451 0.022321
5 0.200704 0.770089 0.160211 0.027902
9 0.369718 0.767857 0.047535 0.034598
5 0.799296 0.781250 0.149648 0.024554
4 0.804577 0.823661 0.126761 0.015625
