0 0.500000 0.125000 0.216549 0.152902
3 0.200704 0.219866 0.154930 0.131696
106 0.271127 0.293527 0.165493 0.100446
60 0.480634 0.332589 0.080986 0.064732
16 0.827465 0.427455 0.051056 0.042411
16 0.688380 0.435268 0.063380 0.044643
111 0.205986 0.440848 0.154930 0.120536
136 0.250000 0.563616 0.161972 0.089286
128 0.693662 0.601562 0.207746 0.131696
2 0.200704 0.748884 0.165493 0.133929
2 0.797535 0.751116 0.179577 0.129464
131 0.366197 0.848214 0.144366 0.089286
0 0.500000 0.839286 0.227113 0.165179
94 0.470070 0.809152 0.073944 0.066964
150 0.521127 0.829241 0.088028 0.066964
6 0.500000 0.026786 0.250000 0.042411
4 0.211268 0.111607 0.126761 0.015625
5 0.200704 0.140625 0.160211 0.032366
7 0.274648 0.241071 0.033451 0.013393
8 0.246479 0.241071 0.028169 0.022321
12 0.482394 0.308036 0.040493 0.034598
7 0.225352 0.379464 0.061620 0.014509
8 0.179577 0.379464 0.031690 0.022321
12 0.827465 0.377232 0.054577 0.042411
8 0.827465 0.389509 0.028169 0.022321
8 0.688380 0.400670 0.031690 0.022321
9 0.827465 0.479911 0.044014 0.031250
8 0.250000 0.501116 0.042254 0.026786
8 0.693662 0.531250 0.035211 0.022321
12 0.693662 0.591518 0.065141 0.045759
9 0.693662 0.697545 0.065141 0.046875
8 0.471831 0.770089 0.036972 0.023438
5 0.200704 0.773438 0.144366 0.024554
5 0.799296 0.779018 0.160211 0.025670
8 0.366197 0.796875 0.035211 0.022321
6 0.500000 0.928571 0.250000 0.045759
