77 0.355634 0.126116 0.149648 0.136161
0 0.500000 0.125000 0.186620 0.154018
146 0.304577 0.161830 0.130282 0.098214
3 0.200704 0.222098 0.209507 0.127232
80 0.901408 0.267857 0.123239 0.082589
145 0.105634 0.311384 0.091549 0.060268
103 0.786972 0.347098 0.147887 0.087054
20 0.142606 0.367188 0.077465 0.049107
135 0.582747 0.345982 0.140845 0.102679
99 0.304577 0.532366 0.091549 0.055804
16 0.860915 0.562500 0.045775 0.042411
100 0.080986 0.546875 0.151408 0.089286
49 0.375000 0.564732 0.102113 0.089286
104 0.197183 0.645089 0.084507 0.051339
98 0.635563 0.667411 0.077465 0.087054
122 0.278169 0.666295 0.195423 0.113839
23 0.677817 0.718750 0.063380 0.064732
16 0.297535 0.732143 0.056338 0.044643
34 0.644366 0.736607 0.176056 0.042411
1 0.200704 0.754464 0.176056 0.122768
1 0.799296 0.750000 0.170775 0.130580
0 0.500000 0.849330 0.165493 0.145089
113 0.526408 0.909598 0.102113 0.082589
84 0.654930 0.080357 0.116197 0.069196
125 0.119718 0.264509 0.110915 0.087054
41 0.679577 0.299107 0.137324 0.129464
48 0.156690 0.560268 0.116197 0.060268
7 0.373239 0.056920 0.061620 0.013393
8 0.330986 0.056920 0.033451 0.022321
12 0.654930 0.062500 0.051056 0.045759
8 0.306338 0.106027 0.036972 0.029018
4 0.211268 0.116071 0.126761 0.015625
9 0.654930 0.147321 0.029930 0.021205
5 0.200704 0.145089 0.146127 0.035714
12 0.306338 0.160714 0.065141 0.041295
8 0.901408 0.219866 0.040493 0.026786
8 0.679577 0.223214 0.042254 0.026786
9 0.306338 0.244420 0.040493 0.031250
8 0.786972 0.290179 0.038732 0.026786
7 0.598592 0.296875 0.059859 0.012277
8 0.556338 0.297991 0.033451 0.022321
8 0.144366 0.337054 0.036972 0.023438
8 0.080986 0.487723 0.038732 0.026786
8 0.158451 0.515625 0.036972 0.023438
12 0.304577 0.514509 0.038732 0.033482
8 0.376761 0.522321 0.026408 0.021205
8 0.197183 0.604911 0.028169 0.020089
8 0.278169 0.610491 0.033451 0.022321
7 0.654930 0.621652 0.065141 0.013393
8 0.612676 0.621652 0.033451 0.022321
9 0.156690 0.627232 0.035211 0.025670
8 0.677817 0.680804 0.042254 0.026786
12 0.299296 0.680804 0.051056 0.043527
7 0.334507 0.709821 0.088028 0.012277
8 0.281690 0.709821 0.029930 0.021205
5 0.799296 0.762277 0.153169 0.024554
5 0.200704 0.772321 0.144366 0.024554
9 0.297535 0.789062 0.035211 0.026786
7 0.544014 0.868304 0.063380 0.013393
8 0.500000 0.868304 0.035211 0.022321
