56 0.306338 0.649554 0.332746 0.166295
56 0.422535 0.763393 0.332746 0.166295
100 0.691901 0.099330 0.165493 0.087054
146 0.309859 0.122768 0.109155 0.095982
0 0.500000 0.104911 0.257042 0.194196
1 0.797535 0.229911 0.161972 0.111607
85 0.147887 0.287946 0.098592 0.089286
121 0.197183 0.279018 0.098592 0.107143
111 0.375000 0.329241 0.151408 0.131696
135 0.517606 0.369420 0.161972 0.102679
127 0.843310 0.431920 0.137324 0.091518
46 0.582747 0.583705 0.109155 0.073661
52 0.750000 0.602679 0.109155 0.066964
146 0.431338 0.594866 0.109155 0.095982
133 0.362676 0.593750 0.169014 0.102679
105 0.089789 0.626116 0.179577 0.111607
112 0.359155 0.652902 0.105634 0.107143
53 0.102113 0.710938 0.063380 0.033482
139 0.427817 0.706473 0.116197 0.069196
2 0.200704 0.743304 0.176056 0.145089
2 0.797535 0.743304 0.176056 0.145089
145 0.146127 0.796875 0.091549 0.060268
0 0.500000 0.840402 0.218310 0.162946
24 0.593310 0.093750 0.042254 0.026786
125 0.850352 0.053571 0.147887 0.107143
7 0.718310 0.056920 0.065141 0.013393
8 0.672535 0.056920 0.035211 0.022321
7 0.346831 0.069196 0.088028 0.012277
8 0.295775 0.069196 0.026408 0.021205
7 0.605634 0.082589 0.059859 0.012277
8 0.566901 0.083705 0.028169 0.022321
5 0.797535 0.157366 0.147887 0.029018
7 0.214789 0.220982 0.061620 0.012277
8 0.169014 0.220982 0.044014 0.034598
7 0.415493 0.256696 0.095070 0.012277
8 0.353873 0.257812 0.035211 0.022321
7 0.528169 0.314732 0.033451 0.012277
8 0.496479 0.313616 0.038732 0.026786
12 0.517606 0.366071 0.061620 0.041295
8 0.845070 0.379464 0.036972 0.029018
7 0.454225 0.541295 0.063380 0.013393
7 0.383803 0.544643 0.061620 0.014509
8 0.345070 0.544643 0.026408 0.021205
8 0.582747 0.546875 0.028169 0.020089
8 0.404930 0.542411 0.044014 0.034598
7 0.767606 0.565848 0.061620 0.013393
7 0.066901 0.569196 0.091549 0.014509
8 0.720070 0.565848 0.042254 0.026786
8 0.014085 0.569196 0.026408 0.021205
12 0.582747 0.573661 0.042254 0.032366
8 0.359155 0.595982 0.031690 0.022321
8 0.427817 0.674107 0.028169 0.022321
8 0.102113 0.679688 0.031690 0.022321
8 0.119718 0.767857 0.033451 0.021205
5 0.797535 0.772321 0.147887 0.023438
5 0.200704 0.776786 0.154930 0.024554
9 0.420775 0.875000 0.038732 0.027902
6 0.500000 0.928571 0.253521 0.046875
