119 0.297535 0.054688 0.450704 0.109375
33 0.419014 0.301339 0.364437 0.181920
119 0.855634 0.468750 0.288732 0.227679
33 0.302817 0.657366 0.364437 0.183036
151 0.635563 0.723214 0.447183 0.225446
0 0.500000 0.123884 0.197183 0.156250
81 0.542253 0.197545 0.154930 0.082589
134 0.617958 0.181920 0.190141 0.149554
135 0.591549 0.229911 0.172535 0.093750
1 0.200704 0.224330 0.176056 0.122768
111 0.744718 0.246652 0.154930 0.120536
23 0.845070 0.296875 0.059859 0.062500
102 0.628521 0.270089 0.144366 0.127232
122 0.904930 0.339286 0.190141 0.107143
134 0.489437 0.327009 0.197183 0.138393
111 0.209507 0.370536 0.154930 0.120536
71 0.522887 0.401786 0.059859 0.084821
34 0.149648 0.427455 0.176056 0.040179
49 0.563380 0.408482 0.102113 0.078125
28 0.815141 0.520089 0.112676 0.084821
123 0.454225 0.526786 0.225352 0.127232
52 0.144366 0.587054 0.130282 0.058036
21 0.679577 0.672991 0.084507 0.051339
31 0.357394 0.724330 0.109155 0.069196
101 0.635563 0.724330 0.193662 0.107143
85 0.552817 0.746652 0.105634 0.084821
2 0.200704 0.742188 0.158451 0.147321
3 0.797535 0.748884 0.169014 0.133929
0 0.500000 0.840402 0.214789 0.162946
25 0.408451 0.234375 0.123239 0.029018
150 0.538732 0.279018 0.088028 0.066964
150 0.526408 0.553571 0.095070 0.053571
92 0.140845 0.739955 0.190141 0.080357
6 0.500000 0.023438 0.250000 0.042411
7 0.635563 0.108259 0.066901 0.013393
8 0.589789 0.108259 0.035211 0.022321
8 0.542253 0.137277 0.038732 0.026786
5 0.200704 0.145089 0.139085 0.027902
7 0.602113 0.178571 0.033451 0.012277
8 0.573944 0.178571 0.028169 0.022321
7 0.764085 0.187500 0.063380 0.012277
8 0.721831 0.187500 0.028169 0.022321
12 0.542253 0.189732 0.042254 0.027902
8 0.408451 0.203125 0.026408 0.021205
7 0.524648 0.261161 0.091549 0.012277
7 0.866197 0.268973 0.063380 0.013393
8 0.461268 0.261161 0.044014 0.034598
8 0.823944 0.270089 0.029930 0.021205
7 0.975352 0.283482 0.047535 0.012277
8 0.934859 0.282366 0.042254 0.026786
7 0.225352 0.304688 0.061620 0.013393
8 0.184859 0.304688 0.028169 0.020089
8 0.522887 0.343750 0.042254 0.026786
8 0.563380 0.360491 0.028169 0.020089
7 0.471831 0.462054 0.061620 0.014509
8 0.422535 0.462054 0.044014 0.034598
7 0.832747 0.478795 0.063380 0.013393
8 0.788732 0.477679 0.035211 0.023438
12 0.816901 0.501116 0.058099 0.040179
7 0.176056 0.551339 0.091549 0.012277
8 0.123239 0.551339 0.026408 0.021205
9 0.815141 0.593750 0.052817 0.039062
7 0.702465 0.647321 0.063380 0.012277
8 0.653169 0.646205 0.042254 0.026786
14 0.635563 0.654018 0.070423 0.013393
8 0.635563 0.670759 0.028169 0.020089
7 0.380282 0.689732 0.063380 0.012277
8 0.341549 0.689732 0.026408 0.021205
7 0.158451 0.700893 0.065141 0.012277
8 0.552817 0.698661 0.029930 0.021205
8 0.112676 0.699777 0.036972 0.029018
12 0.140845 0.732143 0.051056 0.037946
5 0.200704 0.773438 0.142606 0.024554
5 0.797535 0.774554 0.158451 0.030134
9 0.302817 0.774554 0.054577 0.041295
4 0.804577 0.820312 0.123239 0.015625
9 0.637324 0.814732 0.040493 0.030134
6 0.500000 0.935268 0.253521 0.046875
