87 0.649648 0.178571 0.387324 0.202009
86 0.153169 0.781250 0.306338 0.166295
0 0.500000 0.118304 0.214789 0.167411
104 0.964789 0.253348 0.070423 0.053571
2 0.200704 0.219866 0.214789 0.131696
2 0.797535 0.219866 0.183099 0.131696
76 0.744718 0.235491 0.151408 0.138393
31 0.373239 0.283482 0.100352 0.054688
82 0.579225 0.272321 0.154930 0.122768
102 0.514085 0.276786 0.151408 0.122768
80 0.809859 0.302455 0.109155 0.075893
19 0.735915 0.319196 0.073944 0.049107
103 0.635563 0.320312 0.137324 0.082589
16 0.211268 0.370536 0.051056 0.042411
20 0.633803 0.366071 0.063380 0.055804
22 0.195423 0.414062 0.070423 0.064732
37 0.144366 0.506696 0.098592 0.108259
77 0.461268 0.497768 0.149648 0.138393
106 0.151408 0.604911 0.165493 0.100446
64 0.072183 0.686384 0.144366 0.082589
102 0.308099 0.706473 0.214789 0.093750
3 0.200704 0.739955 0.193662 0.151786
0 0.500000 0.845982 0.221831 0.151786
116 0.411972 0.133929 0.102113 0.080357
48 0.325704 0.267857 0.119718 0.073661
84 0.417254 0.620536 0.123239 0.095982
92 0.450704 0.881696 0.190141 0.080357
5 0.200704 0.136161 0.146127 0.029018
5 0.797535 0.138393 0.144366 0.029018
8 0.746479 0.162946 0.026408 0.021205
8 0.514085 0.206473 0.036972 0.029018
8 0.580986 0.208705 0.036972 0.029018
7 0.343310 0.229911 0.059859 0.012277
8 0.964789 0.224330 0.036972 0.029018
8 0.302817 0.229911 0.033451 0.022321
8 0.373239 0.247768 0.035211 0.022321
7 0.829225 0.265625 0.063380 0.013393
8 0.637324 0.267857 0.026408 0.021205
8 0.779930 0.265625 0.042254 0.026786
8 0.735915 0.286830 0.031690 0.022321
9 0.964789 0.314732 0.056338 0.041295
8 0.609155 0.337054 0.036972 0.023438
12 0.633803 0.328125 0.047535 0.044643
7 0.202465 0.381696 0.035211 0.011161
8 0.172535 0.381696 0.031690 0.022321
7 0.500000 0.430804 0.093310 0.013393
8 0.441901 0.430804 0.031690 0.022321
8 0.144366 0.441964 0.040493 0.025670
8 0.151408 0.535714 0.044014 0.034598
7 0.440141 0.571429 0.061620 0.014509
8 0.394366 0.571429 0.040493 0.026786
9 0.461268 0.595982 0.036972 0.026786
7 0.072183 0.647321 0.063380 0.013393
8 0.028169 0.647321 0.036972 0.029018
8 0.309859 0.651786 0.044014 0.034598
9 0.151408 0.678571 0.054577 0.039062
5 0.200704 0.787946 0.144366 0.026786
4 0.207746 0.818080 0.126761 0.015625
8 0.450704 0.828125 0.044014 0.034598
9 0.137324 0.895089 0.051056 0.036830
6 0.500000 0.939732 0.253521 0.046875
