63 0.375000 0.073661 0.084507 0.058036
47 0.642606 0.100446 0.123239 0.095982
15 0.357394 0.146205 0.049296 0.035714
109 0.257042 0.172991 0.095070 0.051339
0 0.500000 0.123884 0.190141 0.156250
73 0.404930 0.196429 0.102113 0.060268
149 0.473592 0.253348 0.112676 0.060268
2 0.200704 0.218750 0.179577 0.133929
2 0.797535 0.219866 0.190141 0.131696
74 0.047535 0.387277 0.095070 0.055804
141 0.646127 0.350446 0.147887 0.142857
64 0.292254 0.437500 0.154930 0.069196
40 0.146127 0.431920 0.126761 0.091518
15 0.466549 0.616071 0.059859 0.049107
16 0.140845 0.648438 0.044014 0.040179
117 0.359155 0.646205 0.112676 0.087054
95 0.875000 0.697545 0.112676 0.078125
106 0.677817 0.699777 0.179577 0.107143
3 0.200704 0.746652 0.190141 0.138393
131 0.077465 0.820312 0.154930 0.091518
0 0.500000 0.850446 0.190141 0.142857
98 0.635563 0.915179 0.080986 0.069196
129 0.676056 0.270089 0.390845 0.194196
54 0.325704 0.347098 0.133803 0.089286
116 0.698944 0.380580 0.095070 0.075893
94 0.635563 0.495536 0.197183 0.089286
6 0.500000 0.023438 0.250000 0.042411
7 0.397887 0.049107 0.065141 0.012277
8 0.642606 0.044643 0.028169 0.022321
8 0.352113 0.049107 0.036972 0.029018
12 0.376761 0.049107 0.040493 0.034598
12 0.642606 0.095982 0.052817 0.041295
8 0.359155 0.110491 0.040493 0.026786
9 0.375000 0.130580 0.049296 0.033482
5 0.200704 0.136161 0.147887 0.029018
5 0.799296 0.136161 0.149648 0.030134
7 0.278169 0.151786 0.061620 0.013393
8 0.235915 0.151786 0.031690 0.022321
12 0.257042 0.152902 0.035211 0.022321
8 0.383803 0.167411 0.035211 0.022321
12 0.404930 0.167411 0.047535 0.045759
9 0.642606 0.167411 0.084507 0.062500
7 0.482394 0.223214 0.035211 0.012277
8 0.448944 0.223214 0.042254 0.026786
9 0.257042 0.225446 0.065141 0.045759
7 0.670775 0.279018 0.063380 0.013393
8 0.626761 0.279018 0.036972 0.029018
7 0.047535 0.357143 0.035211 0.013393
8 0.021127 0.357143 0.028169 0.020089
7 0.177817 0.388393 0.091549 0.013393
8 0.116197 0.388393 0.042254 0.026786
7 0.311620 0.405134 0.056338 0.011161
8 0.265845 0.405134 0.042254 0.026786
7 0.676056 0.446429 0.096831 0.014509
8 0.609155 0.446429 0.040493 0.026786
12 0.637324 0.475446 0.033451 0.023438
8 0.468310 0.574777 0.040493 0.026786
8 0.359155 0.593750 0.035211 0.022321
8 0.677817 0.636161 0.028169 0.022321
8 0.876761 0.651786 0.033451 0.022321
12 0.677817 0.689732 0.024648 0.023438
8 0.017606 0.776786 0.026408 0.021205
9 0.875000 0.774554 0.042254 0.032366
5 0.200704 0.777902 0.144366 0.026786
4 0.209507 0.821429 0.126761 0.015625
8 0.635563 0.877232 0.028169 0.020089
