87 0.573944 0.225446 0.396127 0.197545
0 0.500000 0.117188 0.211268 0.169643
1 0.200704 0.226562 0.161972 0.118304
3 0.797535 0.220982 0.144366 0.129464
40 0.519366 0.265625 0.126761 0.082589
133 0.751761 0.251116 0.137324 0.116071
15 0.568662 0.345982 0.049296 0.037946
74 0.732394 0.338170 0.077465 0.055804
110 0.411972 0.334821 0.133803 0.069196
140 0.227113 0.353795 0.080986 0.089286
16 0.211268 0.475446 0.054577 0.042411
40 0.146127 0.570312 0.126761 0.082589
29 0.786972 0.603795 0.158451 0.075893
49 0.626761 0.626116 0.102113 0.084821
140 0.635563 0.662946 0.073944 0.055804
17 0.139085 0.703125 0.070423 0.053571
2 0.200704 0.748884 0.151408 0.133929
0 0.500000 0.850446 0.214789 0.142857
36 0.352113 0.080357 0.445423 0.159598
54 0.934859 0.302455 0.123239 0.078125
6 0.500000 0.022321 0.250000 0.044643
4 0.809859 0.113839 0.126761 0.015625
5 0.799296 0.138393 0.142606 0.027902
5 0.200704 0.149554 0.140845 0.026786
7 0.771127 0.196429 0.059859 0.012277
8 0.728873 0.196429 0.036972 0.023438
8 0.519366 0.210938 0.028169 0.022321
7 0.450704 0.301339 0.093310 0.013393
8 0.732394 0.296875 0.036972 0.023438
8 0.392606 0.301339 0.028169 0.022321
8 0.228873 0.303571 0.033451 0.022321
9 0.519366 0.337054 0.035211 0.026786
7 0.169014 0.526786 0.065141 0.013393
8 0.126761 0.526786 0.029930 0.021205
8 0.626761 0.569196 0.036972 0.029018
12 0.786972 0.570312 0.066901 0.040179
12 0.626761 0.617188 0.038732 0.031250
8 0.637324 0.632812 0.036972 0.029018
7 0.154930 0.671875 0.063380 0.011161
8 0.112676 0.671875 0.028169 0.022321
5 0.200704 0.773438 0.161972 0.026786
