151 0.459507 0.373884 0.447183 0.229911
0 0.500000 0.126116 0.190141 0.151786
3 0.200704 0.212054 0.176056 0.147321
2 0.797535 0.219866 0.176056 0.131696
112 0.628521 0.257812 0.186620 0.093750
106 0.473592 0.256696 0.179577 0.107143
131 0.209507 0.369420 0.144366 0.089286
101 0.459507 0.373884 0.144366 0.098214
100 0.193662 0.484375 0.117958 0.039062
120 0.904930 0.506696 0.151408 0.095982
106 0.454225 0.561384 0.179577 0.107143
42 0.137324 0.588170 0.084507 0.055804
127 0.575704 0.651786 0.137324 0.091518
124 0.683099 0.723214 0.095070 0.058036
111 0.424296 0.727679 0.151408 0.120536
3 0.797535 0.748884 0.169014 0.133929
131 0.102113 0.819196 0.161972 0.091518
78 0.323944 0.860491 0.091549 0.060268
0 0.500000 0.840402 0.214789 0.162946
69 0.528169 0.244420 0.070423 0.053571
27 0.056338 0.650670 0.112676 0.091518
4 0.211268 0.097098 0.126761 0.015625
5 0.200704 0.122768 0.147887 0.030134
5 0.797535 0.139509 0.154930 0.031250
7 0.510563 0.202009 0.089789 0.011161
8 0.628521 0.195312 0.038732 0.026786
8 0.455986 0.202009 0.028169 0.022321
12 0.630282 0.244420 0.026408 0.022321
12 0.475352 0.245536 0.036972 0.027902
14 0.459507 0.308036 0.070423 0.013393
8 0.461268 0.316964 0.036972 0.023438
8 0.211268 0.312500 0.044014 0.034598
9 0.475352 0.345982 0.044014 0.030134
12 0.459507 0.363839 0.031690 0.025670
12 0.193662 0.441964 0.038732 0.024554
8 0.904930 0.448661 0.044014 0.034598
7 0.214789 0.459821 0.066901 0.013393
8 0.172535 0.459821 0.026408 0.021205
9 0.459507 0.453125 0.066901 0.045759
9 0.193662 0.527902 0.065141 0.042411
7 0.153169 0.558036 0.063380 0.011161
8 0.105634 0.558036 0.040493 0.026786
7 0.595070 0.604911 0.065141 0.014509
8 0.549296 0.604911 0.031690 0.022321
12 0.577465 0.636161 0.044014 0.039062
7 0.457746 0.671875 0.089789 0.012277
8 0.401408 0.671875 0.033451 0.022321
8 0.683099 0.690848 0.040493 0.026786
9 0.575704 0.720982 0.056338 0.043527
7 0.123239 0.770089 0.063380 0.012277
8 0.084507 0.770089 0.026408 0.021205
5 0.799296 0.789062 0.149648 0.024554
4 0.804577 0.814732 0.126761 0.015625
9 0.424296 0.821429 0.042254 0.031250
9 0.102113 0.887277 0.061620 0.044643
