52 0.204225 0.083705 0.112676 0.055804
0 0.500000 0.107143 0.278169 0.189732
97 0.420775 0.206473 0.105634 0.084821
3 0.200704 0.210938 0.165493 0.149554
32 0.419014 0.275670 0.095070 0.058036
121 0.586268 0.318080 0.119718 0.082589
106 0.306338 0.342634 0.179577 0.107143
85 0.475352 0.363839 0.102113 0.104911
138 0.651408 0.372768 0.154930 0.109375
118 0.080986 0.422991 0.073944 0.091518
122 0.580986 0.411830 0.198944 0.116071
89 0.207746 0.422991 0.105634 0.104911
71 0.869718 0.541295 0.073944 0.078125
120 0.642606 0.601562 0.140845 0.089286
77 0.797535 0.627232 0.151408 0.133929
107 0.195423 0.628348 0.140845 0.142857
111 0.408451 0.723214 0.147887 0.113839
95 0.934859 0.745536 0.130282 0.073661
112 0.088028 0.800223 0.133803 0.087054
21 0.220070 0.848214 0.073944 0.046875
0 0.500000 0.840402 0.214789 0.162946
25 0.107394 0.117188 0.123239 0.031250
91 0.318662 0.152902 0.172535 0.102679
65 0.153169 0.188616 0.126761 0.087054
116 0.149648 0.506696 0.098592 0.060268
69 0.417254 0.752232 0.091549 0.062500
92 0.589789 0.803571 0.169014 0.075893
6 0.500000 0.022321 0.221831 0.044643
12 0.204225 0.041295 0.072183 0.035714
7 0.225352 0.060268 0.061620 0.014509
8 0.176056 0.060268 0.042254 0.026786
4 0.211268 0.093750 0.126761 0.015625
7 0.123239 0.102679 0.061620 0.014509
8 0.084507 0.102679 0.026408 0.021205
5 0.200704 0.122768 0.161972 0.040179
7 0.172535 0.142857 0.061620 0.013393
8 0.132042 0.142857 0.028169 0.020089
12 0.318662 0.143973 0.035211 0.022321
9 0.204225 0.138393 0.049296 0.034598
7 0.436620 0.167411 0.063380 0.013393
8 0.394366 0.167411 0.029930 0.021205
12 0.153169 0.181920 0.024648 0.020089
8 0.419014 0.244420 0.028169 0.020089
7 0.607394 0.280134 0.063380 0.013393
8 0.566901 0.281250 0.026408 0.021205
8 0.651408 0.310268 0.026408 0.021205
7 0.602113 0.357143 0.059859 0.012277
8 0.563380 0.357143 0.029930 0.021205
8 0.080986 0.366071 0.029930 0.021205
7 0.211268 0.372768 0.035211 0.012277
8 0.184859 0.372768 0.028169 0.020089
12 0.651408 0.370536 0.040493 0.030134
9 0.588028 0.397321 0.047535 0.033482
12 0.580986 0.406250 0.024648 0.023438
12 0.080986 0.404018 0.033451 0.027902
9 0.651408 0.453125 0.049296 0.034598
8 0.869718 0.495536 0.044014 0.034598
9 0.080986 0.502232 0.051056 0.037946
7 0.661972 0.555804 0.065141 0.014509
7 0.218310 0.558036 0.063380 0.011161
8 0.616197 0.554688 0.033451 0.022321
8 0.797535 0.555804 0.028169 0.022321
8 0.176056 0.558036 0.028169 0.020089
12 0.197183 0.640625 0.022887 0.018973
7 0.426056 0.660714 0.063380 0.012277
8 0.383803 0.660714 0.029930 0.021205
7 0.982394 0.705357 0.035211 0.013393
8 0.950704 0.705357 0.036972 0.023438
9 0.197183 0.728795 0.054577 0.040179
7 0.121479 0.754464 0.095070 0.012277
8 0.063380 0.754464 0.033451 0.022321
8 0.591549 0.754464 0.044014 0.034598
12 0.591549 0.783482 0.036972 0.032366
8 0.220070 0.821429 0.028169 0.022321
9 0.589789 0.867188 0.063380 0.044643
