119 0.235915 0.285714 0.450704 0.227679
33 0.366197 0.529018 0.364437 0.181920
1 0.797535 0.229911 0.151408 0.111607
109 0.911972 0.262277 0.080986 0.049107
19 0.242958 0.271205 0.070423 0.064732
124 0.220070 0.286830 0.102113 0.058036
149 0.579225 0.366071 0.105634 0.102679
68 0.147887 0.401786 0.109155 0.093750
43 0.093310 0.448661 0.095070 0.082589
66 0.746479 0.524554 0.105634 0.071429
28 0.801056 0.599330 0.140845 0.091518
138 0.427817 0.620536 0.158451 0.116071
101 0.304577 0.662946 0.137324 0.080357
72 0.360915 0.672991 0.137324 0.095982
77 0.514085 0.726562 0.153169 0.154018
73 0.677817 0.777902 0.109155 0.062500
1 0.200704 0.757812 0.161972 0.116071
3 0.797535 0.748884 0.169014 0.133929
0 0.500000 0.847098 0.200704 0.149554
61 0.390845 0.888393 0.109155 0.073661
54 0.889085 0.631696 0.144366 0.080357
48 0.264085 0.736607 0.112676 0.064732
5 0.797535 0.159598 0.154930 0.031250
8 0.911972 0.229911 0.028169 0.022321
8 0.242958 0.231027 0.028169 0.020089
8 0.221831 0.250000 0.029930 0.021205
8 0.147887 0.341518 0.036972 0.023438
8 0.093310 0.400670 0.031690 0.022321
8 0.746479 0.479911 0.042254 0.026786
8 0.801056 0.545759 0.042254 0.026786
12 0.801056 0.573661 0.059859 0.044643
14 0.304577 0.607143 0.070423 0.013393
7 0.323944 0.622768 0.065141 0.013393
8 0.360915 0.617188 0.042254 0.026786
8 0.278169 0.622768 0.033451 0.022321
7 0.529930 0.645089 0.063380 0.012277
8 0.489437 0.645089 0.029930 0.021205
9 0.364437 0.647321 0.045775 0.033482
12 0.360915 0.666295 0.066901 0.042411
9 0.802817 0.669643 0.068662 0.045759
8 0.264085 0.705357 0.031690 0.022321
8 0.679577 0.745536 0.036972 0.023438
9 0.304577 0.737723 0.052817 0.037946
9 0.360915 0.745536 0.052817 0.035714
5 0.797535 0.775670 0.140845 0.026786
5 0.200704 0.787946 0.137324 0.025670
4 0.806338 0.822545 0.126761 0.015625
8 0.390845 0.851562 0.031690 0.022321
