86 0.161972 0.674107 0.322183 0.168527
0 0.500000 0.125000 0.186620 0.154018
2 0.200704 0.219866 0.177817 0.131696
3 0.797535 0.213170 0.207746 0.145089
127 0.297535 0.316964 0.137324 0.091518
72 0.853873 0.319196 0.140845 0.104911
139 0.107394 0.357143 0.126761 0.078125
77 0.364437 0.358259 0.147887 0.136161
61 0.728873 0.426339 0.144366 0.080357
71 0.788732 0.428571 0.073944 0.082589
124 0.519366 0.537946 0.084507 0.047991
96 0.146127 0.550223 0.140845 0.069196
35 0.878521 0.569196 0.091549 0.044643
109 0.519366 0.629464 0.052817 0.051339
72 0.626761 0.760045 0.137324 0.098214
21 0.360915 0.845982 0.073944 0.044643
0 0.500000 0.839286 0.227113 0.165179
150 0.190141 0.222098 0.088028 0.066964
24 0.105634 0.568080 0.045775 0.037946
6 0.500000 0.025670 0.248239 0.044643
4 0.809859 0.098214 0.126761 0.015625
5 0.799296 0.122768 0.139085 0.027902
5 0.200704 0.136161 0.156690 0.031250
7 0.316901 0.272321 0.058099 0.013393
8 0.271127 0.272321 0.036972 0.029018
8 0.366197 0.289062 0.033451 0.022321
12 0.297535 0.305804 0.052817 0.030134
8 0.109155 0.316964 0.026408 0.021205
7 0.762324 0.383929 0.091549 0.012277
8 0.705986 0.385045 0.028169 0.020089
8 0.788732 0.382812 0.042254 0.026786
12 0.788732 0.405134 0.059859 0.040179
7 0.544014 0.508929 0.063380 0.012277
8 0.503521 0.508929 0.026408 0.021205
8 0.147887 0.507812 0.036972 0.029018
7 0.901408 0.546875 0.063380 0.013393
7 0.117958 0.549107 0.035211 0.012277
8 0.862676 0.546875 0.026408 0.021205
8 0.084507 0.550223 0.038732 0.026786
7 0.552817 0.600446 0.091549 0.012277
8 0.500000 0.600446 0.026408 0.021205
9 0.880282 0.609375 0.089789 0.065848
7 0.663732 0.712054 0.091549 0.012277
8 0.605634 0.710938 0.033451 0.022321
7 0.397887 0.820312 0.093310 0.013393
8 0.334507 0.820312 0.042254 0.026786
