133 0.246479 0.060268 0.126761 0.104911
0 0.500000 0.118304 0.218310 0.167411
2 0.200704 0.219866 0.176056 0.131696
2 0.799296 0.216518 0.188380 0.138393
131 0.316901 0.371652 0.161972 0.091518
131 0.797535 0.546875 0.154930 0.091518
118 0.517606 0.570312 0.105634 0.082589
81 0.857394 0.629464 0.144366 0.082589
45 0.044014 0.767857 0.088028 0.073661
3 0.200704 0.739955 0.193662 0.151786
1 0.799296 0.742188 0.184859 0.147321
141 0.332746 0.829241 0.130282 0.133929
0 0.500000 0.842634 0.239437 0.158482
25 0.054577 0.165179 0.109155 0.026786
25 0.311620 0.170759 0.066901 0.042411
54 0.526408 0.242188 0.151408 0.087054
54 0.919014 0.420759 0.154930 0.089286
24 0.448944 0.747768 0.070423 0.031250
150 0.473592 0.902902 0.105634 0.084821
8 0.246479 0.010045 0.028169 0.020089
5 0.799296 0.129464 0.149648 0.031250
8 0.311620 0.133929 0.028169 0.022321
5 0.200704 0.138393 0.146127 0.031250
8 0.042254 0.146205 0.033451 0.022321
9 0.040493 0.209821 0.035211 0.025670
7 0.339789 0.325893 0.066901 0.013393
8 0.292254 0.325893 0.036972 0.023438
8 0.799296 0.497768 0.036972 0.029018
8 0.517606 0.523438 0.042254 0.026786
8 0.832747 0.592634 0.035211 0.022321
7 0.042254 0.726562 0.033451 0.011161
7 0.464789 0.727679 0.059859 0.012277
8 0.015845 0.726562 0.031690 0.022321
8 0.420775 0.728795 0.035211 0.022321
8 0.334507 0.750000 0.044014 0.034598
5 0.797535 0.774554 0.151408 0.029018
5 0.200704 0.781250 0.142606 0.023438
4 0.205986 0.814732 0.126761 0.015625
