33 0.838028 0.892857 0.080986 0.059152
21 0.853873 0.088170 0.080986 0.046875
106 0.258803 0.082589 0.179577 0.107143
139 0.117958 0.125000 0.123239 0.073661
0 0.500000 0.125000 0.190141 0.154018
124 0.904930 0.175223 0.098592 0.060268
102 0.371479 0.207589 0.197183 0.078125
1 0.200704 0.223214 0.151408 0.123884
1 0.797535 0.227679 0.158451 0.116071
136 0.621479 0.265625 0.105634 0.093750
134 0.473592 0.283482 0.190141 0.149554
126 0.147887 0.308036 0.151408 0.109375
88 0.404930 0.339286 0.123239 0.069196
40 0.346831 0.376116 0.133803 0.093750
32 0.132042 0.410714 0.098592 0.064732
81 0.637324 0.405134 0.151408 0.084821
139 0.339789 0.518973 0.116197 0.066964
114 0.250000 0.537946 0.144366 0.093750
130 0.647887 0.540179 0.151408 0.125000
149 0.426056 0.606027 0.112676 0.060268
66 0.519366 0.601562 0.105634 0.071429
28 0.848592 0.658482 0.137324 0.080357
83 0.318662 0.670759 0.077465 0.055804
120 0.848592 0.694196 0.149648 0.078125
85 0.059859 0.706473 0.119718 0.102679
85 0.639085 0.733259 0.109155 0.084821
112 0.573944 0.723214 0.102113 0.111607
3 0.797535 0.739955 0.193662 0.151786
0 0.500000 0.852679 0.225352 0.139509
129 0.919014 0.234375 0.160211 0.152902
8 0.258803 0.031250 0.035211 0.023438
8 0.853873 0.061384 0.038732 0.026786
7 0.137324 0.083705 0.061620 0.013393
8 0.088028 0.084821 0.044014 0.034598
7 0.926056 0.142857 0.063380 0.012277
8 0.885563 0.142857 0.028169 0.020089
5 0.200704 0.142857 0.149648 0.030134
5 0.797535 0.156250 0.154930 0.031250
8 0.373239 0.167411 0.026408 0.021205
9 0.260563 0.165179 0.061620 0.044643
8 0.473592 0.193080 0.042254 0.026786
8 0.623239 0.215402 0.036972 0.029018
7 0.177817 0.254464 0.091549 0.012277
8 0.123239 0.253348 0.028169 0.022321
8 0.404930 0.301339 0.036972 0.023438
7 0.352113 0.332589 0.033451 0.012277
8 0.320423 0.332589 0.040493 0.025670
9 0.623239 0.348214 0.058099 0.039062
7 0.658451 0.367188 0.061620 0.011161
8 0.612676 0.367188 0.038732 0.026786
8 0.132042 0.375000 0.028169 0.022321
8 0.647887 0.462054 0.026408 0.021205
8 0.250000 0.475446 0.033451 0.022321
8 0.341549 0.475446 0.044014 0.034598
7 0.538732 0.562500 0.058099 0.011161
8 0.498239 0.562500 0.028169 0.020089
12 0.426056 0.587054 0.049296 0.027902
7 0.882042 0.618304 0.091549 0.013393
8 0.820423 0.618304 0.040493 0.025670
8 0.035211 0.641741 0.033451 0.022321
8 0.318662 0.643973 0.028169 0.020089
8 0.848592 0.643973 0.036972 0.029018
8 0.573944 0.658482 0.029930 0.021205
9 0.426056 0.667411 0.052817 0.036830
8 0.640845 0.683036 0.029930 0.021205
12 0.573944 0.720982 0.024648 0.020089
5 0.799296 0.772321 0.146127 0.027902
4 0.806338 0.820312 0.126761 0.015625
6 0.500000 0.934152 0.253521 0.046875
