17 0.213028 0.127232 0.084507 0.044643
0 0.500000 0.104911 0.257042 0.194196
109 0.028169 0.223214 0.056338 0.082589
2 0.200704 0.219866 0.190141 0.131696
3 0.797535 0.210938 0.165493 0.149554
15 0.681338 0.271205 0.056338 0.035714
74 0.735915 0.302455 0.126761 0.075893
68 0.265845 0.426339 0.091549 0.055804
95 0.901408 0.510045 0.130282 0.082589
132 0.075704 0.559152 0.151408 0.102679
130 0.204225 0.560268 0.154930 0.109375
140 0.383803 0.685268 0.086268 0.073661
124 0.306338 0.723214 0.098592 0.060268
3 0.200704 0.748884 0.169014 0.133929
2 0.797535 0.748884 0.161972 0.133929
0 0.500000 0.852679 0.225352 0.139509
27 0.426056 0.906250 0.170775 0.106027
4 0.809859 0.093750 0.123239 0.015625
8 0.213028 0.089286 0.038732 0.026786
5 0.799296 0.118304 0.149648 0.030134
5 0.200704 0.138393 0.140845 0.027902
8 0.028169 0.170759 0.038732 0.026786
8 0.735915 0.246652 0.042254 0.026786
7 0.704225 0.254464 0.065141 0.012277
8 0.653169 0.255580 0.042254 0.026786
12 0.735915 0.279018 0.022887 0.017857
9 0.735915 0.367188 0.054577 0.037946
7 0.281690 0.392857 0.061620 0.011161
12 0.265845 0.379464 0.042254 0.041295
8 0.242958 0.392857 0.026408 0.021205
7 0.940141 0.470982 0.093310 0.012277
8 0.880282 0.470982 0.029930 0.021205
7 0.207746 0.500000 0.033451 0.012277
9 0.267606 0.479911 0.068662 0.051339
8 0.176056 0.500000 0.038732 0.026786
7 0.059859 0.512277 0.061620 0.013393
8 0.019366 0.512277 0.038732 0.026786
7 0.397887 0.652902 0.061620 0.013393
9 0.204225 0.640625 0.054577 0.039062
8 0.355634 0.652902 0.033451 0.022321
5 0.797535 0.773438 0.140845 0.024554
5 0.200704 0.782366 0.146127 0.024554
4 0.205986 0.816964 0.123239 0.015625
6 0.500000 0.929688 0.253521 0.046875
