151 0.248239 0.869420 0.447183 0.225446
71 0.808099 0.063616 0.073944 0.089286
110 0.242958 0.063616 0.080986 0.098214
0 0.500000 0.120536 0.188380 0.164062
16 0.954225 0.229911 0.045775 0.040179
45 0.077465 0.214286 0.091549 0.075893
128 0.619718 0.219866 0.197183 0.122768
2 0.200704 0.219866 0.190141 0.131696
109 0.191901 0.272321 0.056338 0.071429
28 0.146127 0.279018 0.140845 0.078125
77 0.434859 0.274554 0.147887 0.136161
43 0.151408 0.363839 0.091549 0.080357
89 0.267606 0.366071 0.105634 0.102679
134 0.471831 0.367188 0.197183 0.138393
47 0.746479 0.395089 0.123239 0.095982
58 0.213028 0.546875 0.098592 0.078125
85 0.526408 0.553571 0.116197 0.113839
123 0.889085 0.579241 0.221831 0.118304
80 0.834507 0.604911 0.119718 0.071429
103 0.366197 0.606027 0.137324 0.082589
85 0.737676 0.604911 0.102113 0.104911
34 0.735915 0.679688 0.214789 0.049107
96 0.767606 0.687500 0.116197 0.071429
1 0.797535 0.752232 0.154930 0.128348
101 0.248239 0.870536 0.204225 0.098214
0 0.500000 0.839286 0.227113 0.165179
122 0.531690 0.900670 0.204225 0.111607
65 0.477113 0.066964 0.109155 0.091518
26 0.140845 0.155134 0.276408 0.136161
25 0.783451 0.426339 0.084507 0.040179
8 0.242958 0.011161 0.031690 0.022321
8 0.809859 0.011161 0.033451 0.022321
6 0.500000 0.022321 0.250000 0.044643
5 0.200704 0.136161 0.147887 0.029018
7 0.619718 0.157366 0.033451 0.011161
9 0.242958 0.139509 0.066901 0.049107
8 0.077465 0.159598 0.033451 0.022321
8 0.584507 0.156250 0.044014 0.034598
8 0.954225 0.187500 0.044014 0.034598
7 0.455986 0.203125 0.063380 0.014509
8 0.408451 0.203125 0.044014 0.034598
12 0.954225 0.209821 0.038732 0.024554
7 0.211268 0.233259 0.061620 0.011161
8 0.169014 0.234375 0.036972 0.023438
7 0.169014 0.243304 0.066901 0.011161
8 0.125000 0.243304 0.028169 0.022321
12 0.434859 0.275670 0.056338 0.031250
8 0.471831 0.285714 0.028169 0.020089
9 0.954225 0.287946 0.044014 0.032366
8 0.267606 0.297991 0.028169 0.022321
7 0.161972 0.321429 0.033451 0.013393
9 0.619718 0.316964 0.035211 0.025670
8 0.133803 0.321429 0.036972 0.023438
7 0.769366 0.349330 0.056338 0.011161
9 0.191901 0.343750 0.045775 0.030134
8 0.732394 0.348214 0.029930 0.021205
9 0.147887 0.345982 0.054577 0.040179
12 0.267606 0.350446 0.068662 0.033482
9 0.434859 0.378348 0.049296 0.035714
7 0.801056 0.410714 0.063380 0.012277
8 0.758803 0.409598 0.028169 0.020089
9 0.267606 0.457589 0.044014 0.032366
7 0.566901 0.497768 0.091549 0.012277
8 0.213028 0.493304 0.038732 0.026786
8 0.503521 0.496652 0.042254 0.026786
8 0.961268 0.508929 0.036972 0.023438
12 0.213028 0.511161 0.045775 0.043527
8 0.366197 0.564732 0.031690 0.022321
12 0.961268 0.594866 0.029930 0.026786
12 0.366197 0.609375 0.026408 0.021205
8 0.767606 0.642857 0.038732 0.026786
8 0.735915 0.649554 0.044014 0.034598
12 0.767606 0.665179 0.058099 0.030134
9 0.961268 0.657366 0.066901 0.049107
9 0.767606 0.747768 0.056338 0.041295
5 0.797535 0.768973 0.140845 0.022321
14 0.248239 0.802455 0.073944 0.013393
8 0.250000 0.812500 0.036972 0.023438
7 0.535211 0.847098 0.033451 0.013393
8 0.507042 0.847098 0.028169 0.020089
12 0.531690 0.891741 0.036972 0.029018
6 0.500000 0.929688 0.260563 0.046875
