2 0.200704 0.219866 0.190141 0.131696
2 0.797535 0.219866 0.176056 0.131696
133 0.389085 0.347098 0.151408 0.084821
51 0.894366 0.369420 0.197183 0.080357
74 0.816901 0.386161 0.095070 0.066964
106 0.834507 0.618304 0.179577 0.107143
140 0.549296 0.667411 0.068662 0.069196
2 0.797535 0.731027 0.179577 0.169643
0 0.500000 0.845982 0.221831 0.151786
5 0.200704 0.138393 0.139085 0.027902
5 0.797535 0.140625 0.158451 0.033482
8 0.390845 0.290179 0.036972 0.023438
7 0.922535 0.332589 0.065141 0.012277
12 0.389085 0.325893 0.052817 0.030134
8 0.873239 0.332589 0.036972 0.029018
7 0.838028 0.349330 0.056338 0.011161
8 0.797535 0.349330 0.031690 0.022321
9 0.816901 0.437500 0.068662 0.050223
8 0.547535 0.626116 0.035211 0.022321
5 0.799296 0.785714 0.160211 0.027902
6 0.500000 0.937500 0.253521 0.046875
