0 0.500000 0.117188 0.200704 0.169643
143 0.387324 0.205357 0.070423 0.058036
1 0.797535 0.229911 0.161972 0.111607
66 0.473592 0.573661 0.105634 0.071429
29 0.625000 0.731027 0.133803 0.055804
1 0.200704 0.753348 0.147887 0.125000
2 0.797535 0.739955 0.169014 0.151786
32 0.195423 0.838170 0.088028 0.060268
0 0.500000 0.847098 0.200704 0.149554
100 0.197183 0.891741 0.151408 0.080357
10 0.301056 0.100446 0.158451 0.080357
5 0.799296 0.157366 0.160211 0.031250
12 0.387324 0.171875 0.075704 0.039062
10 0.934859 0.303571 0.088028 0.045759
10 0.936620 0.478795 0.107394 0.051339
7 0.512324 0.531250 0.091549 0.014509
8 0.452465 0.531250 0.035211 0.023438
7 0.642606 0.702009 0.059859 0.011161
8 0.600352 0.702009 0.035211 0.022321
10 0.063380 0.714286 0.100352 0.050223
5 0.797535 0.770089 0.151408 0.025670
5 0.200704 0.787946 0.158451 0.025670
7 0.218310 0.812500 0.059859 0.012277
8 0.172535 0.811384 0.038732 0.026786
7 0.204225 0.852679 0.035211 0.013393
8 0.170775 0.852679 0.042254 0.026786
10 0.934859 0.870536 0.105634 0.051339
6 0.500000 0.933036 0.248239 0.045759
10 0.764085 0.907366 0.188380 0.113839
9 0.197183 0.960938 0.054577 0.040179
