33 0.031690 0.281250 0.063380 0.063616
119 0.778169 0.300223 0.443662 0.227679
50 0.197183 0.792411 0.394366 0.199777
45 0.153169 0.073661 0.098592 0.084821
15 0.316901 0.114955 0.088028 0.042411
0 0.500000 0.120536 0.197183 0.162946
100 0.554577 0.210938 0.151408 0.080357
1 0.200704 0.229911 0.140845 0.110491
52 0.515845 0.585938 0.123239 0.064732
22 0.045775 0.654018 0.091549 0.049107
114 0.695423 0.731027 0.137324 0.091518
141 0.427817 0.752232 0.147887 0.109375
0 0.500000 0.850446 0.214789 0.142857
69 0.628521 0.087054 0.066901 0.053571
57 0.750000 0.618304 0.498239 0.309152
7 0.179577 0.030134 0.063380 0.013393
6 0.500000 0.022321 0.246479 0.043527
8 0.130282 0.031250 0.044014 0.034598
7 0.338028 0.092634 0.061620 0.013393
8 0.292254 0.091518 0.035211 0.023438
8 0.554577 0.156250 0.038732 0.026786
5 0.200704 0.158482 0.137324 0.026786
12 0.554577 0.205357 0.031690 0.024554
9 0.028169 0.350446 0.036972 0.026786
9 0.781690 0.444196 0.044014 0.032366
8 0.491197 0.555804 0.028169 0.020089
12 0.517606 0.559152 0.047535 0.024554
7 0.059859 0.628348 0.061620 0.013393
8 0.021127 0.628348 0.040493 0.026786
9 0.515845 0.647321 0.059859 0.041295
8 0.695423 0.679688 0.035211 0.022321
8 0.429577 0.679688 0.036972 0.029018
