0 0.500000 0.120536 0.197183 0.162946
3 0.797535 0.219866 0.154930 0.131696
110 0.845070 0.276786 0.105634 0.075893
104 0.639085 0.287946 0.080986 0.055804
19 0.573944 0.396205 0.073944 0.042411
74 0.815141 0.446429 0.084507 0.060268
42 0.815141 0.536830 0.088028 0.062500
52 0.628521 0.641741 0.112676 0.060268
3 0.797535 0.743304 0.183099 0.145089
140 0.362676 0.824777 0.095070 0.064732
0 0.500000 0.841518 0.221831 0.160714
25 0.758803 0.389509 0.116197 0.033482
36 0.640845 0.727679 0.448944 0.396205
4 0.809859 0.111607 0.126761 0.015625
10 0.278169 0.102679 0.149648 0.074777
5 0.799296 0.139509 0.160211 0.031250
10 0.934859 0.154018 0.105634 0.059152
8 0.845070 0.223214 0.044014 0.034598
7 0.665493 0.258929 0.065141 0.013393
8 0.619718 0.258929 0.035211 0.022321
10 0.063380 0.316964 0.100352 0.061384
12 0.573944 0.345982 0.044014 0.034598
9 0.640845 0.350446 0.051056 0.036830
7 0.577465 0.369420 0.033451 0.013393
7 0.774648 0.373884 0.063380 0.013393
10 0.063380 0.361607 0.086268 0.043527
8 0.545775 0.370536 0.040493 0.025670
8 0.727113 0.373884 0.042254 0.026786
8 0.815141 0.417411 0.028169 0.022321
9 0.573944 0.441964 0.068662 0.050223
10 0.936620 0.438616 0.107394 0.060268
7 0.832747 0.502232 0.059859 0.012277
8 0.792253 0.502232 0.029930 0.021205
7 0.647887 0.613839 0.061620 0.014509
8 0.605634 0.614955 0.031690 0.022321
10 0.063380 0.642857 0.100352 0.047991
9 0.628521 0.696429 0.049296 0.035714
5 0.797535 0.781250 0.140845 0.023438
8 0.362676 0.785714 0.028169 0.020089
4 0.804577 0.821429 0.123239 0.015625
10 0.063380 0.830357 0.091549 0.050223
6 0.500000 0.935268 0.253521 0.046875
10 0.728873 0.926339 0.139085 0.077009
