0 0.500000 0.118304 0.218310 0.167411
59 0.529930 0.233259 0.066901 0.051339
82 0.845070 0.308036 0.154930 0.122768
40 0.531690 0.380580 0.144366 0.078125
37 0.264085 0.551339 0.107394 0.063616
23 0.035211 0.649554 0.070423 0.053571
128 0.850352 0.627232 0.250000 0.127232
129 0.535211 0.842634 0.382042 0.162946
6 0.500000 0.018973 0.235915 0.037946
7 0.845070 0.241071 0.029930 0.012277
8 0.816901 0.242188 0.035211 0.022321
7 0.859155 0.562500 0.033451 0.012277
8 0.827465 0.561384 0.038732 0.026786
8 0.026408 0.607143 0.031690 0.022321
