87 0.184859 0.075893 0.369718 0.151786
119 0.519366 0.252232 0.450704 0.227679
0 0.500000 0.113839 0.211268 0.176339
104 0.625000 0.226562 0.066901 0.046875
1 0.200704 0.224330 0.176056 0.122768
1 0.799296 0.231027 0.160211 0.109375
130 0.375000 0.262277 0.154930 0.104911
81 0.313380 0.348214 0.147887 0.080357
28 0.632042 0.349330 0.119718 0.078125
89 0.871479 0.343750 0.105634 0.104911
61 0.086268 0.430804 0.112676 0.080357
70 0.198944 0.446429 0.073944 0.060268
22 0.251761 0.537946 0.073944 0.044643
98 0.485915 0.568080 0.095070 0.080357
40 0.404930 0.621652 0.135563 0.091518
77 0.295775 0.602679 0.147887 0.136161
145 0.526408 0.671875 0.091549 0.060268
68 0.464789 0.691964 0.123239 0.075893
145 0.482394 0.739955 0.077465 0.073661
19 0.683099 0.758929 0.077465 0.040179
1 0.200704 0.754464 0.169014 0.122768
1 0.797535 0.754464 0.169014 0.122768
132 0.075704 0.766741 0.151408 0.100446
102 0.205986 0.801339 0.218310 0.087054
0 0.500000 0.839286 0.227113 0.165179
26 0.450704 0.208705 0.279930 0.136161
150 0.919014 0.439732 0.095070 0.069196
91 0.698944 0.795759 0.140845 0.093750
6 0.500000 0.022321 0.250000 0.044643
5 0.200704 0.145089 0.146127 0.029018
5 0.797535 0.159598 0.144366 0.029018
7 0.644366 0.205357 0.063380 0.013393
8 0.602113 0.205357 0.028169 0.020089
7 0.390845 0.209821 0.065141 0.013393
8 0.341549 0.209821 0.044014 0.034598
12 0.376761 0.245536 0.072183 0.035714
8 0.873239 0.276786 0.036972 0.029018
7 0.352113 0.305804 0.093310 0.012277
8 0.633803 0.296875 0.044014 0.034598
8 0.292254 0.305804 0.036972 0.023438
7 0.109155 0.388393 0.061620 0.014509
8 0.070423 0.388393 0.029930 0.021205
7 0.223592 0.417411 0.063380 0.012277
8 0.176056 0.417411 0.040493 0.026786
9 0.873239 0.427455 0.051056 0.037946
12 0.253521 0.495536 0.033451 0.026786
8 0.253521 0.502232 0.026408 0.021205
9 0.088028 0.500000 0.058099 0.039062
8 0.485915 0.511161 0.028169 0.022321
9 0.200704 0.515625 0.036972 0.025670
7 0.323944 0.529018 0.065141 0.012277
8 0.274648 0.529018 0.040493 0.026786
8 0.403169 0.574777 0.028169 0.020089
9 0.253521 0.594866 0.044014 0.031250
12 0.295775 0.609375 0.028169 0.021205
153 0.676056 0.625000 0.045775 0.035714
8 0.464789 0.650670 0.036972 0.029018
7 0.507042 0.705357 0.061620 0.012277
8 0.457746 0.705357 0.040493 0.025670
7 0.066901 0.718750 0.089789 0.014509
8 0.017606 0.717634 0.035211 0.029018
8 0.698944 0.732143 0.042254 0.026786
8 0.683099 0.738839 0.040493 0.025670
5 0.200704 0.767857 0.146127 0.023438
5 0.797535 0.780134 0.137324 0.022321
6 0.500000 0.929688 0.253521 0.046875
