33 0.295775 0.666295 0.364437 0.183036
0 0.500000 0.123884 0.190141 0.156250
1 0.797535 0.229911 0.183099 0.111607
132 0.802817 0.369420 0.147887 0.100446
139 0.845070 0.510045 0.109155 0.084821
124 0.080986 0.550223 0.116197 0.069196
63 0.209507 0.665179 0.084507 0.058036
72 0.484155 0.736607 0.137324 0.095982
149 0.519366 0.756696 0.105634 0.107143
1 0.200704 0.752232 0.154930 0.128348
2 0.797535 0.751116 0.176056 0.129464
88 0.091549 0.824777 0.116197 0.069196
0 0.500000 0.847098 0.228873 0.149554
104 0.531690 0.925223 0.063380 0.053571
26 0.373239 0.488839 0.378521 0.191964
84 0.073944 0.575893 0.147887 0.087054
39 0.482394 0.816964 0.077465 0.051339
6 0.500000 0.023438 0.250000 0.042411
5 0.799296 0.156250 0.149648 0.030134
7 0.823944 0.315848 0.065141 0.013393
8 0.781690 0.316964 0.029930 0.021205
7 0.860915 0.468750 0.063380 0.012277
8 0.816901 0.468750 0.035211 0.023438
7 0.110915 0.515625 0.091549 0.012277
8 0.052817 0.515625 0.036972 0.029018
7 0.070423 0.531250 0.066901 0.013393
12 0.080986 0.529018 0.029930 0.026786
8 0.021127 0.531250 0.038732 0.026786
8 0.209507 0.632812 0.035211 0.022321
12 0.211268 0.643973 0.044014 0.022321
8 0.464789 0.685268 0.035211 0.022321
8 0.519366 0.687500 0.035211 0.022321
9 0.209507 0.718750 0.056338 0.041295
5 0.200704 0.765625 0.140845 0.022321
5 0.799296 0.766741 0.153169 0.024554
8 0.482394 0.775670 0.038732 0.026786
7 0.116197 0.790179 0.065141 0.012277
8 0.073944 0.790179 0.029930 0.021205
12 0.091549 0.805804 0.033451 0.024554
9 0.091549 0.888393 0.036972 0.026786
8 0.531690 0.893973 0.031690 0.022321
6 0.500000 0.939732 0.253521 0.046875
