50 0.401408 0.059152 0.392606 0.118304
49 0.586268 0.046875 0.102113 0.084821
0 0.500000 0.118304 0.218310 0.167411
72 0.408451 0.168527 0.140845 0.104911
1 0.200704 0.229911 0.183099 0.111607
1 0.797535 0.227679 0.158451 0.116071
19 0.568662 0.342634 0.077465 0.044643
64 0.411972 0.335938 0.126761 0.066964
82 0.843310 0.362723 0.154930 0.122768
140 0.529930 0.437500 0.063380 0.069196
81 0.172535 0.463170 0.154930 0.089286
63 0.044014 0.529018 0.088028 0.064732
146 0.626761 0.616071 0.116197 0.104911
22 0.589789 0.649554 0.070423 0.044643
34 0.271127 0.680804 0.176056 0.040179
61 0.954225 0.666295 0.088028 0.071429
2 0.200704 0.743304 0.176056 0.145089
3 0.797535 0.743304 0.183099 0.145089
0 0.500000 0.834821 0.228873 0.174107
57 0.623239 0.066964 0.607394 0.133929
125 0.130282 0.800223 0.110915 0.087054
6 0.500000 0.018973 0.235915 0.037946
7 0.429577 0.117188 0.061620 0.013393
8 0.387324 0.117188 0.028169 0.022321
9 0.401408 0.146205 0.051056 0.033482
5 0.799296 0.154018 0.160211 0.033482
5 0.200704 0.158482 0.160211 0.032366
12 0.408451 0.179688 0.024648 0.020089
9 0.408451 0.254464 0.045775 0.032366
8 0.843310 0.289062 0.028169 0.022321
8 0.411972 0.291295 0.036972 0.029018
12 0.568662 0.309152 0.021127 0.020089
7 0.593310 0.314732 0.059859 0.012277
8 0.549296 0.314732 0.036972 0.023438
8 0.531690 0.395089 0.044014 0.034598
9 0.568662 0.399554 0.056338 0.039062
7 0.190141 0.415179 0.061620 0.014509
8 0.147887 0.415179 0.036972 0.023438
8 0.035211 0.492188 0.031690 0.022321
8 0.626761 0.560268 0.028169 0.022321
12 0.626761 0.594866 0.047535 0.040179
7 0.614437 0.627232 0.063380 0.013393
8 0.570423 0.627232 0.036972 0.023438
8 0.954225 0.629464 0.036972 0.023438
7 0.288732 0.665179 0.061620 0.013393
8 0.246479 0.665179 0.028169 0.020089
9 0.626761 0.694196 0.063380 0.044643
5 0.799296 0.763393 0.156690 0.025670
5 0.200704 0.765625 0.153169 0.024554
4 0.808099 0.816964 0.126761 0.015625
