151 0.639085 0.560268 0.447183 0.225446
113 0.255282 0.091518 0.137324 0.071429
0 0.500000 0.123884 0.190141 0.156250
85 0.702465 0.183036 0.112676 0.092634
3 0.200704 0.219866 0.154930 0.131696
72 0.568662 0.248884 0.140845 0.104911
58 0.473592 0.268973 0.109155 0.075893
124 0.455986 0.334821 0.098592 0.060268
47 0.568662 0.422991 0.123239 0.095982
101 0.639085 0.560268 0.211268 0.087054
19 0.639085 0.613839 0.073944 0.060268
102 0.737676 0.655134 0.197183 0.078125
22 0.427817 0.672991 0.084507 0.046875
124 0.637324 0.717634 0.080986 0.066964
3 0.200704 0.755580 0.137324 0.120536
3 0.797535 0.755580 0.137324 0.120536
145 0.926056 0.829241 0.147887 0.078125
93 0.149648 0.866071 0.070423 0.049107
88 0.790493 0.858259 0.137324 0.066964
103 0.369718 0.880580 0.161972 0.080357
0 0.500000 0.840402 0.218310 0.162946
54 0.588028 0.169643 0.137324 0.102679
36 0.213028 0.400670 0.426056 0.220982
41 0.200704 0.527902 0.179577 0.120536
6 0.500000 0.022321 0.221831 0.044643
7 0.271127 0.058036 0.061620 0.012277
8 0.225352 0.058036 0.040493 0.026786
4 0.211268 0.111607 0.112676 0.014509
8 0.704225 0.129464 0.026408 0.021205
5 0.200704 0.136161 0.147887 0.030134
8 0.570423 0.196429 0.040493 0.025670
8 0.473592 0.218750 0.028169 0.022321
12 0.570423 0.257812 0.029930 0.026786
8 0.429577 0.299107 0.033451 0.021205
12 0.455986 0.299107 0.070423 0.036830
9 0.568662 0.321429 0.066901 0.050223
8 0.570423 0.372768 0.026408 0.021205
9 0.455986 0.386161 0.063380 0.043527
8 0.200704 0.453125 0.040493 0.026786
14 0.639085 0.497768 0.070423 0.013393
8 0.640845 0.501116 0.040493 0.026786
12 0.200704 0.526786 0.035211 0.029018
8 0.640845 0.582589 0.036972 0.029018
9 0.200704 0.625000 0.040493 0.027902
8 0.637324 0.681920 0.033451 0.022321
5 0.200704 0.779018 0.154930 0.024554
5 0.797535 0.787946 0.154930 0.025670
8 0.954225 0.789062 0.040493 0.026786
12 0.978873 0.794643 0.042254 0.039062
4 0.207746 0.818080 0.126761 0.015625
4 0.808099 0.823661 0.126761 0.015625
7 0.808099 0.828125 0.063380 0.012277
8 0.767606 0.828125 0.026408 0.021205
7 0.151408 0.838170 0.033451 0.011161
8 0.369718 0.834821 0.028169 0.022321
8 0.119718 0.838170 0.040493 0.026786
9 0.149648 0.915179 0.052817 0.039062
