0 0.500000 0.123884 0.190141 0.156250
58 0.471831 0.197545 0.119718 0.073661
2 0.799296 0.216518 0.188380 0.138393
102 0.352113 0.250000 0.154930 0.120536
112 0.156690 0.319196 0.095070 0.087054
90 0.466549 0.363839 0.130282 0.064732
106 0.536972 0.398438 0.179577 0.107143
47 0.061620 0.427455 0.123239 0.095982
140 0.149648 0.530134 0.059859 0.055804
81 0.846831 0.537946 0.151408 0.084821
138 0.647887 0.660714 0.154930 0.109375
83 0.750000 0.693080 0.084507 0.060268
3 0.200704 0.751116 0.184859 0.129464
1 0.797535 0.757812 0.147887 0.116071
0 0.500000 0.852679 0.225352 0.139509
5 0.799296 0.130580 0.160211 0.033482
12 0.471831 0.162946 0.040493 0.032366
7 0.390845 0.191964 0.093310 0.012277
8 0.330986 0.193080 0.036972 0.029018
7 0.181338 0.275670 0.063380 0.013393
8 0.137324 0.274554 0.036972 0.023438
12 0.156690 0.300223 0.024648 0.022321
8 0.468310 0.316964 0.040493 0.026786
8 0.024648 0.368304 0.026408 0.021205
9 0.156690 0.390625 0.056338 0.039062
8 0.848592 0.493304 0.036972 0.023438
7 0.151408 0.500000 0.033451 0.012277
8 0.117958 0.501116 0.042254 0.026786
9 0.151408 0.580357 0.068662 0.050223
7 0.679577 0.608259 0.091549 0.013393
8 0.619718 0.607143 0.035211 0.023438
9 0.848592 0.617188 0.040493 0.029018
8 0.750000 0.661830 0.031690 0.022321
5 0.797535 0.774554 0.140845 0.023438
5 0.200704 0.784598 0.144366 0.020089
4 0.207746 0.820312 0.126761 0.015625
