55 0.378521 0.128348 0.073944 0.064732
46 0.779930 0.119420 0.095070 0.100446
82 0.077465 0.108259 0.154930 0.122768
0 0.500000 0.125000 0.186620 0.154018
98 0.626761 0.200893 0.119718 0.082589
139 0.316901 0.205357 0.130282 0.091518
2 0.200704 0.219866 0.176056 0.131696
2 0.797535 0.219866 0.176056 0.131696
149 0.408451 0.254464 0.105634 0.107143
143 0.299296 0.398438 0.070423 0.055804
110 0.776408 0.444196 0.084507 0.101562
38 0.105634 0.517857 0.093310 0.072545
61 0.522887 0.635045 0.077465 0.069196
72 0.582747 0.619420 0.140845 0.104911
145 0.632042 0.728795 0.095070 0.055804
2 0.797535 0.748884 0.161972 0.133929
127 0.640845 0.856027 0.137324 0.091518
0 0.500000 0.849330 0.165493 0.145089
78 0.491197 0.907366 0.126761 0.082589
150 0.859155 0.351562 0.095070 0.069196
27 0.133803 0.808036 0.170775 0.106027
8 0.024648 0.041295 0.028169 0.020089
7 0.799296 0.064732 0.065141 0.012277
8 0.753521 0.064732 0.036972 0.023438
7 0.396127 0.091518 0.063380 0.012277
8 0.352113 0.091518 0.033451 0.022321
12 0.380282 0.097098 0.022887 0.017857
12 0.024648 0.111607 0.044014 0.036830
5 0.797535 0.136161 0.147887 0.030134
5 0.200704 0.136161 0.153169 0.030134
7 0.647887 0.156250 0.063380 0.013393
8 0.602113 0.156250 0.036972 0.023438
8 0.408451 0.198661 0.029930 0.021205
8 0.299296 0.369420 0.033451 0.022321
7 0.811620 0.390625 0.091549 0.012277
8 0.757042 0.390625 0.029930 0.021205
7 0.147887 0.484375 0.093310 0.012277
8 0.084507 0.484375 0.038732 0.026786
12 0.105634 0.495536 0.035211 0.030134
8 0.584507 0.562500 0.040493 0.025670
9 0.105634 0.580357 0.058099 0.041295
7 0.559859 0.598214 0.089789 0.012277
8 0.500000 0.598214 0.035211 0.022321
9 0.522887 0.705357 0.056338 0.041295
5 0.799296 0.774554 0.142606 0.023438
8 0.640845 0.790179 0.044014 0.034598
6 0.500000 0.929688 0.253521 0.046875
9 0.492958 0.978795 0.044014 0.031250
