75 0.193662 0.074777 0.084507 0.127232
105 0.100352 0.107143 0.154930 0.109375
0 0.500000 0.120536 0.188380 0.164062
77 0.908451 0.175223 0.153169 0.154018
2 0.200704 0.218750 0.179577 0.133929
105 0.455986 0.244420 0.119718 0.113839
20 0.670775 0.342634 0.052817 0.051339
22 0.367958 0.397321 0.063380 0.046875
93 0.839789 0.417411 0.070423 0.049107
126 0.265845 0.419643 0.151408 0.109375
85 0.181338 0.503348 0.119718 0.102679
18 0.806338 0.564732 0.056338 0.037946
141 0.637324 0.535714 0.103873 0.094866
118 0.355634 0.568080 0.105634 0.084821
89 0.577465 0.593750 0.105634 0.102679
40 0.221831 0.636161 0.126761 0.082589
72 0.859155 0.670759 0.137324 0.095982
20 0.968310 0.704241 0.063380 0.042411
144 0.288732 0.714286 0.105634 0.071429
106 0.089789 0.752232 0.179577 0.107143
2 0.797535 0.751116 0.176056 0.129464
0 0.500000 0.849330 0.165493 0.145089
57 0.323944 0.070312 0.607394 0.140625
69 0.269366 0.196429 0.274648 0.133929
7 0.116197 0.049107 0.063380 0.013393
8 0.070423 0.049107 0.036972 0.023438
8 0.908451 0.078125 0.044014 0.034598
5 0.200704 0.135045 0.158451 0.031250
7 0.690141 0.319196 0.061620 0.013393
8 0.646127 0.319196 0.035211 0.022321
7 0.389085 0.368304 0.063380 0.011161
7 0.288732 0.369420 0.063380 0.013393
8 0.348592 0.368304 0.026408 0.021205
8 0.242958 0.369420 0.036972 0.029018
7 0.864437 0.391741 0.063380 0.011161
8 0.818662 0.391741 0.038732 0.026786
7 0.198944 0.455357 0.059859 0.012277
8 0.153169 0.454241 0.038732 0.026786
7 0.654930 0.483259 0.063380 0.013393
8 0.609155 0.483259 0.040493 0.026786
12 0.181338 0.493304 0.049296 0.026786
9 0.265845 0.511161 0.035211 0.026786
7 0.371479 0.529018 0.063380 0.012277
8 0.327465 0.529018 0.033451 0.022321
8 0.806338 0.540179 0.036972 0.023438
8 0.577465 0.541295 0.042254 0.026786
12 0.577465 0.580357 0.026408 0.023438
7 0.246479 0.598214 0.058099 0.013393
9 0.183099 0.582589 0.061620 0.044643
8 0.200704 0.598214 0.038732 0.026786
8 0.859155 0.607143 0.028169 0.020089
9 0.355634 0.642857 0.044014 0.030134
7 0.323944 0.674107 0.096831 0.014509
12 0.859155 0.667411 0.058099 0.035714
8 0.257042 0.674107 0.042254 0.026786
8 0.968310 0.676339 0.036972 0.023438
7 0.066901 0.700893 0.093310 0.014509
8 0.017606 0.700893 0.033451 0.021205
153 0.429577 0.731027 0.052817 0.033482
9 0.968310 0.750000 0.063380 0.045759
5 0.797535 0.765625 0.140845 0.024554
