103 0.142606 0.073661 0.169014 0.075893
0 0.500000 0.122768 0.183099 0.158482
61 0.419014 0.212054 0.091549 0.071429
3 0.200704 0.210938 0.165493 0.149554
3 0.797535 0.210938 0.165493 0.149554
47 0.938380 0.265625 0.123239 0.095982
146 0.309859 0.651786 0.109155 0.095982
19 0.625000 0.698661 0.077465 0.044643
2 0.200704 0.731027 0.179577 0.169643
3 0.797535 0.748884 0.169014 0.133929
113 0.737676 0.829241 0.126761 0.069196
0 0.500000 0.834821 0.272887 0.175223
8 0.144366 0.015625 0.036972 0.029018
6 0.500000 0.022321 0.250000 0.042411
4 0.211268 0.093750 0.126761 0.015625
4 0.809859 0.093750 0.126761 0.015625
5 0.797535 0.116071 0.137324 0.027902
5 0.200704 0.125000 0.147887 0.036830
9 0.144366 0.155134 0.033451 0.024554
8 0.419014 0.171875 0.033451 0.022321
8 0.943662 0.210938 0.033451 0.022321
8 0.309859 0.600446 0.028169 0.022321
8 0.626761 0.674107 0.036972 0.023438
5 0.797535 0.765625 0.147887 0.024554
5 0.200704 0.767857 0.146127 0.023438
7 0.757042 0.793527 0.061620 0.013393
8 0.718310 0.792411 0.029930 0.021205
4 0.804577 0.814732 0.126761 0.015625
6 0.500000 0.927455 0.253521 0.046875
