0 0.500000 0.113839 0.228873 0.176339
68 0.045775 0.233259 0.088028 0.044643
46 0.526408 0.232143 0.091549 0.093750
2 0.200704 0.218750 0.179577 0.133929
3 0.799296 0.222098 0.209507 0.127232
126 0.582747 0.565848 0.151408 0.109375
52 0.260563 0.621652 0.130282 0.058036
38 0.267606 0.671875 0.089789 0.077009
83 0.959507 0.691964 0.080986 0.062500
0 0.500000 0.844866 0.202465 0.154018
41 0.669014 0.699777 0.116197 0.116071
6 0.500000 0.021205 0.250000 0.042411
4 0.809859 0.116071 0.123239 0.015625
5 0.200704 0.136161 0.140845 0.027902
5 0.797535 0.140625 0.158451 0.032366
8 0.528169 0.183036 0.040493 0.026786
12 0.045775 0.205357 0.035211 0.029018
9 0.045775 0.286830 0.054577 0.037946
8 0.584507 0.508929 0.026408 0.021205
8 0.260563 0.591518 0.028169 0.022321
8 0.267606 0.618304 0.036972 0.023438
7 0.693662 0.643973 0.061620 0.013393
8 0.647887 0.643973 0.040493 0.026786
12 0.267606 0.645089 0.054577 0.035714
8 0.929577 0.657366 0.040493 0.026786
12 0.961268 0.667411 0.058099 0.034598
9 0.265845 0.747768 0.045775 0.034598
9 0.961268 0.756696 0.029930 0.021205
6 0.500000 0.933036 0.253521 0.046875
