80 0.632042 0.044643 0.102113 0.089286
0 0.500000 0.117188 0.197183 0.169643
127 0.301056 0.170759 0.137324 0.091518
2 0.200704 0.219866 0.190141 0.131696
2 0.797535 0.219866 0.183099 0.131696
73 0.251761 0.306920 0.084507 0.058036
76 0.093310 0.281250 0.186620 0.118304
19 0.470070 0.446429 0.077465 0.035714
97 0.876761 0.631696 0.109155 0.080357
2 0.200704 0.739955 0.197183 0.151786
2 0.797535 0.731027 0.179577 0.169643
0 0.500000 0.847098 0.228873 0.149554
129 0.690141 0.570312 0.323944 0.151786
6 0.500000 0.022321 0.250000 0.044643
8 0.302817 0.121652 0.033451 0.022321
5 0.200704 0.136161 0.139085 0.027902
5 0.797535 0.136161 0.161972 0.032366
7 0.080986 0.220982 0.033451 0.012277
8 0.049296 0.220982 0.035211 0.022321
8 0.253521 0.261161 0.029930 0.021205
7 0.897887 0.591518 0.065141 0.012277
8 0.852113 0.592634 0.036972 0.029018
5 0.200704 0.784598 0.146127 0.024554
5 0.797535 0.787946 0.158451 0.026786
