0 0.500000 0.120536 0.188380 0.164062
2 0.200704 0.219866 0.190141 0.131696
2 0.797535 0.219866 0.176056 0.131696
149 0.352113 0.339286 0.095070 0.055804
75 0.688380 0.332589 0.080986 0.116071
75 0.563380 0.351562 0.084507 0.127232
85 0.732394 0.371652 0.102113 0.104911
130 0.265845 0.412946 0.140845 0.125000
89 0.221831 0.647321 0.105634 0.104911
70 0.360915 0.675223 0.098592 0.051339
46 0.904930 0.678571 0.116197 0.082589
67 0.742958 0.687500 0.112676 0.078125
72 0.616197 0.727679 0.140845 0.104911
123 0.591549 0.728795 0.237676 0.111607
3 0.200704 0.748884 0.169014 0.133929
126 0.311620 0.764509 0.151408 0.109375
0 0.500000 0.847098 0.190141 0.149554
54 0.535211 0.450893 0.147887 0.104911
129 0.869718 0.428571 0.260563 0.179688
125 0.816901 0.559152 0.165493 0.160714
6 0.500000 0.021205 0.250000 0.042411
5 0.799296 0.136161 0.160211 0.031250
5 0.200704 0.138393 0.137324 0.026786
7 0.707747 0.276786 0.056338 0.012277
8 0.663732 0.276786 0.042254 0.026786
7 0.373239 0.308036 0.063380 0.013393
8 0.323944 0.308036 0.042254 0.026786
12 0.352113 0.316964 0.031690 0.023438
8 0.267606 0.335938 0.036972 0.029018
9 0.688380 0.418527 0.038732 0.029018
12 0.265845 0.419643 0.035211 0.030134
9 0.265845 0.504464 0.049296 0.035714
8 0.221831 0.579241 0.035211 0.022321
7 0.920775 0.640625 0.059859 0.011161
12 0.360915 0.633929 0.038732 0.031250
8 0.876761 0.640625 0.036972 0.023438
7 0.383803 0.649554 0.063380 0.012277
8 0.742958 0.647321 0.029930 0.021205
8 0.341549 0.648438 0.028169 0.022321
12 0.221831 0.651786 0.047535 0.023438
8 0.591549 0.659598 0.033451 0.022321
7 0.632042 0.671875 0.063380 0.012277
8 0.589789 0.671875 0.031690 0.022321
8 0.313380 0.697545 0.033451 0.022321
9 0.362676 0.720982 0.058099 0.042411
5 0.200704 0.785714 0.149648 0.024554
4 0.211268 0.822545 0.126761 0.015625
