0 0.500000 0.125000 0.193662 0.154018
1 0.200704 0.229911 0.151408 0.111607
67 0.794014 0.325893 0.112676 0.078125
98 0.519366 0.360491 0.088028 0.066964
37 0.813380 0.542411 0.089789 0.070312
99 0.760563 0.583705 0.059859 0.064732
88 0.371479 0.606027 0.105634 0.080357
90 0.144366 0.664062 0.102113 0.071429
128 0.896127 0.747768 0.207746 0.127232
1 0.797535 0.752232 0.169014 0.127232
45 0.866197 0.820312 0.091549 0.075893
0 0.500000 0.842634 0.239437 0.158482
88 0.184859 0.885045 0.116197 0.082589
65 0.535211 0.046875 0.102113 0.093750
129 0.896127 0.089286 0.207746 0.177455
94 0.855634 0.261161 0.144366 0.098214
25 0.102113 0.687500 0.102113 0.040179
24 0.744718 0.772321 0.045775 0.033482
7 0.552817 0.004464 0.063380 0.008929
8 0.510563 0.011161 0.033451 0.021205
6 0.500000 0.029018 0.235915 0.037946
9 0.535211 0.111607 0.054577 0.040179
5 0.200704 0.157366 0.160211 0.031250
8 0.855634 0.196429 0.036972 0.029018
7 0.830986 0.290179 0.089789 0.014509
8 0.774648 0.289062 0.028169 0.022321
7 0.542253 0.325893 0.063380 0.013393
8 0.496479 0.325893 0.040493 0.026786
12 0.519366 0.335938 0.049296 0.031250
9 0.855634 0.338170 0.073944 0.049107
8 0.760563 0.536830 0.028169 0.020089
7 0.390845 0.560268 0.061620 0.013393
8 0.348592 0.560268 0.029930 0.021205
8 0.144366 0.611607 0.028169 0.022321
7 0.123239 0.671875 0.061620 0.013393
8 0.084507 0.671875 0.026408 0.021205
7 0.963028 0.687500 0.035211 0.012277
8 0.933099 0.687500 0.036972 0.029018
7 0.765845 0.750000 0.063380 0.013393
8 0.723592 0.750000 0.031690 0.022321
5 0.797535 0.761161 0.137324 0.025670
7 0.887324 0.783482 0.061620 0.012277
8 0.845070 0.783482 0.036972 0.023438
12 0.866197 0.808036 0.061620 0.042411
8 0.186620 0.838170 0.033451 0.022321
9 0.957747 0.843750 0.054577 0.037946
9 0.866197 0.888393 0.044014 0.030134
