89 0.816901 0.141741 0.105634 0.102679
0 0.500000 0.117188 0.200704 0.169643
102 0.285211 0.216518 0.144366 0.127232
1 0.797535 0.214286 0.193662 0.142857
102 0.750000 0.291295 0.197183 0.109375
131 0.790493 0.320312 0.161972 0.091518
102 0.630282 0.357143 0.144366 0.127232
105 0.198944 0.656250 0.165493 0.102679
46 0.533451 0.765625 0.137324 0.084821
3 0.200704 0.748884 0.183099 0.133929
1 0.797535 0.752232 0.169014 0.127232
123 0.121479 0.866071 0.242958 0.107143
0 0.500000 0.842634 0.246479 0.158482
65 0.063380 0.118304 0.126761 0.087054
25 0.302817 0.258929 0.056338 0.046875
36 0.218310 0.149554 0.436620 0.297991
48 0.892606 0.406250 0.151408 0.087054
57 0.801056 0.627232 0.397887 0.308036
7 0.044014 0.073661 0.035211 0.012277
8 0.017606 0.072545 0.035211 0.029018
12 0.035211 0.102679 0.044014 0.025670
5 0.797535 0.125000 0.161972 0.032366
7 0.295775 0.149554 0.033451 0.012277
8 0.269366 0.150670 0.028169 0.022321
8 0.302817 0.229911 0.036972 0.029018
12 0.285211 0.229911 0.038732 0.029018
7 0.771127 0.239955 0.061620 0.013393
8 0.725352 0.238839 0.044014 0.034598
7 0.809859 0.279018 0.061620 0.014509
8 0.771127 0.279018 0.026408 0.021205
12 0.750000 0.301339 0.033451 0.025670
9 0.302817 0.312500 0.052817 0.039062
8 0.892606 0.349330 0.031690 0.022321
9 0.750000 0.388393 0.033451 0.025670
7 0.204225 0.609375 0.033451 0.012277
8 0.176056 0.609375 0.028169 0.022321
7 0.554577 0.719866 0.063380 0.011161
8 0.510563 0.719866 0.036972 0.029018
5 0.200704 0.763393 0.137324 0.023438
5 0.799296 0.774554 0.149648 0.024554
8 0.045775 0.799107 0.033451 0.022321
4 0.205986 0.821429 0.112676 0.014509
