111 0.906690 0.060268 0.151408 0.120536
0 0.500000 0.123884 0.197183 0.156250
3 0.200704 0.210938 0.165493 0.149554
2 0.797535 0.219866 0.214789 0.131696
137 0.195423 0.283482 0.059859 0.035714
96 0.570423 0.379464 0.098592 0.084821
138 0.246479 0.401786 0.190141 0.093750
73 0.732394 0.445312 0.102113 0.060268
122 0.755282 0.506696 0.204225 0.111607
137 0.253521 0.591518 0.077465 0.040179
40 0.857394 0.655134 0.137324 0.084821
32 0.577465 0.685268 0.098592 0.064732
131 0.915493 0.709821 0.144366 0.089286
66 0.362676 0.777902 0.105634 0.071429
3 0.200704 0.739955 0.193662 0.151786
1 0.799296 0.750000 0.209507 0.130580
80 0.107394 0.796875 0.133803 0.073661
0 0.500000 0.839286 0.227113 0.165179
69 0.411972 0.633929 0.105634 0.078125
8 0.908451 0.011161 0.036972 0.022321
6 0.500000 0.022321 0.250000 0.044643
4 0.211268 0.093750 0.126761 0.015625
5 0.200704 0.122768 0.154930 0.032366
5 0.799296 0.136161 0.156690 0.032366
12 0.197183 0.247768 0.029930 0.023438
7 0.214789 0.265625 0.065141 0.012277
8 0.165493 0.265625 0.044014 0.034598
7 0.577465 0.339286 0.033451 0.012277
9 0.195423 0.328125 0.059859 0.043527
8 0.549296 0.339286 0.028169 0.020089
7 0.271127 0.349330 0.065141 0.013393
8 0.225352 0.349330 0.035211 0.022321
8 0.732394 0.417411 0.036972 0.023438
7 0.774648 0.448661 0.061620 0.012277
8 0.735915 0.448661 0.026408 0.021205
8 0.253521 0.564732 0.044014 0.034598
8 0.859155 0.604911 0.036972 0.023438
8 0.577465 0.655134 0.035211 0.022321
7 0.926056 0.665179 0.029930 0.012277
8 0.896127 0.666295 0.035211 0.022321
8 0.362676 0.731027 0.028169 0.020089
7 0.132042 0.755580 0.066901 0.013393
12 0.362676 0.747768 0.051056 0.035714
8 0.084507 0.756696 0.036972 0.023438
5 0.799296 0.763393 0.156690 0.025670
5 0.200704 0.783482 0.149648 0.020089
4 0.207746 0.814732 0.126761 0.015625
