0 0.500000 0.123884 0.197183 0.156250
3 0.200704 0.222098 0.154930 0.127232
3 0.797535 0.213170 0.207746 0.145089
114 0.920775 0.332589 0.158451 0.087054
43 0.158451 0.377232 0.098592 0.080357
23 0.239437 0.415179 0.063380 0.062500
131 0.852113 0.592634 0.172535 0.091518
75 0.737676 0.609375 0.109155 0.095982
2 0.200704 0.748884 0.161972 0.133929
1 0.797535 0.752232 0.154930 0.128348
0 0.500000 0.850446 0.214789 0.142857
127 0.531690 0.910714 0.137324 0.091518
4 0.809859 0.098214 0.126761 0.015625
4 0.211268 0.116071 0.126761 0.015625
5 0.797535 0.125000 0.154930 0.030134
5 0.200704 0.142857 0.158451 0.032366
8 0.968310 0.272321 0.044014 0.034598
8 0.158451 0.334821 0.028169 0.020089
8 0.239437 0.375000 0.044014 0.034598
9 0.968310 0.409598 0.061620 0.044643
8 0.852113 0.543527 0.028169 0.020089
7 0.757042 0.558036 0.061620 0.014509
8 0.711268 0.558036 0.035211 0.022321
12 0.852113 0.580357 0.044014 0.040179
12 0.739437 0.591518 0.054577 0.037946
9 0.852113 0.667411 0.058099 0.043527
5 0.797535 0.782366 0.137324 0.022321
5 0.200704 0.780134 0.139085 0.026786
8 0.531690 0.852679 0.038732 0.026786
9 0.531690 0.984375 0.047535 0.031250
