0 0.500000 0.112723 0.228873 0.178571
1 0.797535 0.227679 0.158451 0.116071
115 0.864437 0.294643 0.116197 0.073661
143 0.908451 0.333705 0.073944 0.055804
68 0.410211 0.366071 0.088028 0.044643
145 0.538732 0.361607 0.080986 0.071429
82 0.470070 0.368304 0.154930 0.122768
137 0.892606 0.455357 0.056338 0.037946
149 0.688380 0.622768 0.119718 0.095982
75 0.209507 0.607143 0.084507 0.127232
1 0.200704 0.750000 0.181338 0.131696
0 0.500000 0.850446 0.214789 0.142857
41 0.765845 0.104911 0.140845 0.127232
36 0.161972 0.767857 0.323944 0.248884
6 0.500000 0.018973 0.235915 0.037946
8 0.767606 0.037946 0.033451 0.022321
5 0.799296 0.151786 0.139085 0.027902
153 0.417254 0.181920 0.049296 0.037946
8 0.864437 0.246652 0.042254 0.026786
8 0.908451 0.290179 0.033451 0.022321
8 0.471831 0.289062 0.036972 0.029018
8 0.538732 0.314732 0.031690 0.022321
7 0.436620 0.338170 0.061620 0.011161
8 0.387324 0.339286 0.044014 0.034598
12 0.892606 0.408482 0.028169 0.023438
7 0.915493 0.437500 0.065141 0.012277
8 0.871479 0.437500 0.031690 0.022321
7 0.700704 0.570312 0.056338 0.011161
8 0.658451 0.570312 0.036972 0.029018
5 0.200704 0.781250 0.151408 0.025670
