0 0.500000 0.125000 0.186620 0.154018
2 0.799296 0.219866 0.177817 0.131696
47 0.589789 0.277902 0.123239 0.095982
107 0.632042 0.265625 0.137324 0.140625
98 0.940141 0.367188 0.080986 0.069196
70 0.054577 0.417411 0.098592 0.051339
75 0.790493 0.511161 0.109155 0.095982
114 0.582747 0.543527 0.169014 0.089286
40 0.850352 0.599330 0.137324 0.084821
29 0.750000 0.637277 0.140845 0.066964
117 0.630282 0.654018 0.119718 0.078125
99 0.267606 0.704241 0.091549 0.060268
1 0.200704 0.761161 0.161972 0.109375
2 0.797535 0.748884 0.161972 0.133929
93 0.376761 0.842634 0.059859 0.042411
0 0.500000 0.852679 0.172535 0.137277
42 0.424296 0.912946 0.073944 0.064732
39 0.420775 0.320312 0.063380 0.046875
26 0.677817 0.545759 0.278169 0.136161
6 0.500000 0.025670 0.221831 0.044643
5 0.797535 0.140625 0.144366 0.030134
7 0.649648 0.196429 0.063380 0.011161
8 0.602113 0.196429 0.038732 0.026786
7 0.610915 0.227679 0.063380 0.012277
8 0.570423 0.227679 0.028169 0.020089
8 0.422535 0.283482 0.044014 0.034598
7 0.954225 0.329241 0.033451 0.013393
8 0.926056 0.329241 0.028169 0.020089
9 0.591549 0.357143 0.065141 0.047991
12 0.056338 0.381696 0.033451 0.018973
8 0.054577 0.389509 0.031690 0.022321
9 0.940141 0.437500 0.052817 0.036830
7 0.809859 0.464286 0.056338 0.011161
8 0.767606 0.464286 0.035211 0.022321
8 0.582747 0.492188 0.031690 0.022321
12 0.582747 0.529018 0.031690 0.023438
7 0.869718 0.552455 0.061620 0.013393
8 0.827465 0.552455 0.033451 0.022321
7 0.781690 0.607143 0.091549 0.012277
8 0.721831 0.607143 0.036972 0.029018
8 0.630282 0.611607 0.042254 0.026786
8 0.267606 0.658482 0.042254 0.026786
5 0.200704 0.772321 0.142606 0.023438
5 0.799296 0.775670 0.139085 0.026786
8 0.376761 0.820312 0.042254 0.026786
8 0.426056 0.877232 0.040493 0.025670
9 0.424296 0.964286 0.063380 0.046875
