2 0.200704 0.219866 0.183099 0.131696
73 0.239437 0.305804 0.077465 0.062500
149 0.797535 0.395089 0.095070 0.055804
2 0.200704 0.743304 0.176056 0.145089
3 0.797535 0.739955 0.193662 0.151786
0 0.500000 0.850446 0.214789 0.142857
36 0.214789 0.349330 0.429577 0.312500
24 0.294014 0.660714 0.095070 0.024554
39 0.265845 0.892857 0.077465 0.051339
10 0.295775 0.103795 0.142606 0.073661
5 0.200704 0.138393 0.142606 0.027902
8 0.239437 0.258929 0.028169 0.020089
8 0.797535 0.351562 0.042254 0.026786
10 0.063380 0.352679 0.082746 0.045759
10 0.934859 0.372768 0.102113 0.061384
12 0.294014 0.617188 0.063380 0.040179
8 0.295775 0.642857 0.044014 0.034598
10 0.934859 0.669643 0.084507 0.040179
10 0.063380 0.694196 0.098592 0.049107
9 0.295775 0.705357 0.072183 0.047991
5 0.799296 0.767857 0.153169 0.027902
5 0.200704 0.777902 0.154930 0.029018
10 0.936620 0.787946 0.089789 0.047991
4 0.806338 0.819196 0.126761 0.015625
8 0.265845 0.857143 0.028169 0.020089
6 0.500000 0.934152 0.253521 0.046875
10 0.748239 0.918527 0.179577 0.091518
