119 0.741197 0.724330 0.450704 0.227679
90 0.230634 0.091518 0.091549 0.060268
0 0.500000 0.112723 0.225352 0.178571
22 0.880282 0.190848 0.073944 0.044643
85 0.410211 0.203125 0.112676 0.092634
1 0.200704 0.231027 0.161972 0.109375
35 0.751761 0.331473 0.080986 0.049107
75 0.360915 0.344866 0.144366 0.093750
34 0.544014 0.391741 0.176056 0.042411
112 0.860915 0.399554 0.140845 0.093750
20 0.786972 0.475446 0.077465 0.044643
89 0.209507 0.488839 0.105634 0.102679
51 0.133803 0.606027 0.197183 0.073661
95 0.635563 0.609375 0.126761 0.075893
106 0.839789 0.643973 0.179577 0.107143
107 0.188380 0.633929 0.137324 0.142857
66 0.744718 0.670759 0.105634 0.071429
66 0.573944 0.669643 0.109155 0.075893
1 0.797535 0.752232 0.154930 0.128348
0 0.500000 0.850446 0.190141 0.142857
40 0.258803 0.881696 0.126761 0.082589
125 0.211268 0.281250 0.110915 0.062500
116 0.607394 0.360491 0.116197 0.062500
6 0.500000 0.022321 0.221831 0.044643
8 0.230634 0.052455 0.028169 0.020089
8 0.411972 0.156250 0.033451 0.021205
8 0.880282 0.160714 0.040493 0.025670
5 0.200704 0.160714 0.153169 0.031250
9 0.410211 0.272321 0.066901 0.049107
7 0.774648 0.303571 0.063380 0.012277
8 0.362676 0.296875 0.040493 0.026786
8 0.727113 0.303571 0.038732 0.026786
8 0.860915 0.337054 0.028169 0.022321
9 0.753521 0.387277 0.054577 0.037946
8 0.209507 0.429688 0.028169 0.022321
7 0.802817 0.449777 0.061620 0.011161
8 0.762324 0.449777 0.028169 0.020089
7 0.225352 0.558036 0.091549 0.012277
8 0.172535 0.558036 0.026408 0.021205
7 0.154930 0.565848 0.065141 0.013393
7 0.661972 0.566964 0.061620 0.014509
8 0.110915 0.565848 0.028169 0.020089
8 0.617958 0.566964 0.035211 0.022321
7 0.596831 0.635045 0.063380 0.013393
8 0.551056 0.635045 0.035211 0.022321
9 0.635563 0.686384 0.035211 0.026786
5 0.797535 0.779018 0.154930 0.025670
7 0.278169 0.834821 0.065141 0.012277
8 0.235915 0.834821 0.028169 0.022321
9 0.741197 0.871652 0.052817 0.037946
12 0.258803 0.873884 0.077465 0.040179
6 0.500000 0.929688 0.246479 0.044643
