73 0.242958 0.117188 0.105634 0.060268
141 0.850352 0.102679 0.126761 0.113839
73 0.054577 0.160714 0.091549 0.060268
74 0.573944 0.247768 0.084507 0.055804
59 0.098592 0.245536 0.110915 0.068080
2 0.200704 0.218750 0.179577 0.133929
108 0.649648 0.277902 0.084507 0.046875
40 0.420775 0.270089 0.126761 0.093750
34 0.242958 0.306920 0.186620 0.042411
78 0.214789 0.301339 0.080986 0.065848
126 0.801056 0.282366 0.151408 0.109375
114 0.866197 0.325893 0.144366 0.093750
105 0.628521 0.360491 0.176056 0.116071
105 0.746479 0.395089 0.183099 0.102679
103 0.103873 0.628348 0.161972 0.080357
22 0.313380 0.674107 0.084507 0.046875
102 0.325704 0.771205 0.221831 0.082589
3 0.200704 0.739955 0.193662 0.151786
3 0.797535 0.748884 0.183099 0.133929
140 0.758803 0.812500 0.073944 0.060268
0 0.500000 0.845982 0.214789 0.152902
125 0.348592 0.089286 0.149648 0.110491
79 0.285211 0.426339 0.165493 0.095982
48 0.264085 0.697545 0.116197 0.060268
57 0.757042 0.696429 0.485915 0.309152
8 0.850352 0.037946 0.038732 0.026786
7 0.262324 0.083705 0.063380 0.013393
8 0.218310 0.083705 0.033451 0.022321
12 0.850352 0.098214 0.035211 0.031250
8 0.054577 0.119420 0.028169 0.022321
5 0.200704 0.136161 0.146127 0.031250
9 0.852113 0.178571 0.065141 0.043527
7 0.580986 0.223214 0.029930 0.012277
7 0.836268 0.225446 0.095070 0.010045
8 0.556338 0.223214 0.029930 0.021205
8 0.776408 0.226562 0.031690 0.022321
7 0.683099 0.254464 0.093310 0.012277
8 0.619718 0.254464 0.044014 0.034598
8 0.242958 0.274554 0.035211 0.023438
7 0.887324 0.281250 0.063380 0.013393
8 0.841549 0.281250 0.040493 0.026786
8 0.630282 0.287946 0.040493 0.026786
7 0.776408 0.344866 0.091549 0.013393
8 0.721831 0.344866 0.028169 0.020089
7 0.311620 0.375000 0.063380 0.011161
8 0.267606 0.375000 0.036972 0.023438
9 0.866197 0.397321 0.063380 0.046875
8 0.103873 0.572545 0.028169 0.020089
12 0.103873 0.617188 0.031690 0.026786
8 0.313380 0.647321 0.031690 0.022321
8 0.264085 0.651786 0.029930 0.021205
9 0.103873 0.703125 0.042254 0.031250
9 0.313380 0.725446 0.056338 0.041295
9 0.264085 0.747768 0.068662 0.045759
5 0.797535 0.772321 0.144366 0.024554
5 0.200704 0.783482 0.156690 0.025670
4 0.808099 0.811384 0.126761 0.015625
4 0.209507 0.822545 0.126761 0.015625
6 0.500000 0.927455 0.253521 0.046875
