106 0.672535 0.062500 0.165493 0.100446
22 0.957747 0.139509 0.084507 0.055804
124 0.272887 0.141741 0.077465 0.062500
0 0.500000 0.118304 0.218310 0.167411
141 0.468310 0.265625 0.147887 0.131696
49 0.853873 0.338170 0.102113 0.078125
78 0.677817 0.521205 0.091549 0.069196
16 0.147887 0.649554 0.045775 0.042411
47 0.227113 0.680804 0.123239 0.095982
1 0.200704 0.754464 0.176056 0.122768
2 0.797535 0.748884 0.151408 0.133929
102 0.691901 0.785714 0.221831 0.082589
123 0.852113 0.806920 0.207746 0.100446
141 0.642606 0.866071 0.137324 0.098214
0 0.500000 0.839286 0.227113 0.165179
79 0.913732 0.353795 0.172535 0.091518
7 0.702465 0.015625 0.088028 0.012277
8 0.647887 0.015625 0.029930 0.021205
6 0.500000 0.021205 0.250000 0.042411
7 0.980634 0.111607 0.038732 0.014509
8 0.950704 0.111607 0.033451 0.022321
12 0.968310 0.122768 0.026408 0.023438
8 0.468310 0.196429 0.026408 0.021205
9 0.964789 0.189732 0.068662 0.047991
153 0.036972 0.284598 0.052817 0.033482
7 0.890845 0.296875 0.089789 0.012277
8 0.830986 0.296875 0.036972 0.023438
7 0.985915 0.309152 0.028169 0.011161
8 0.957747 0.310268 0.036972 0.023438
12 0.147887 0.598214 0.044014 0.039062
7 0.246479 0.627232 0.061620 0.013393
7 0.172535 0.627232 0.061620 0.014509
8 0.123239 0.627232 0.042254 0.026786
9 0.147887 0.695312 0.072183 0.053571
7 0.714789 0.741071 0.063380 0.014509
8 0.665493 0.741071 0.044014 0.034598
7 0.873239 0.756696 0.063380 0.013393
8 0.827465 0.756696 0.038732 0.026786
5 0.799296 0.765625 0.139085 0.022321
5 0.200704 0.787946 0.161972 0.025670
8 0.642606 0.805804 0.028169 0.020089
