127 0.746479 0.150670 0.137324 0.091518
0 0.500000 0.125000 0.193662 0.154018
1 0.797535 0.229911 0.151408 0.111607
40 0.262324 0.325893 0.126761 0.082589
34 0.850352 0.390625 0.186620 0.049107
104 0.117958 0.454241 0.084507 0.053571
80 0.468310 0.601562 0.137324 0.073661
131 0.144366 0.649554 0.172535 0.091518
34 0.635563 0.670759 0.221831 0.055804
137 0.346831 0.707589 0.073944 0.040179
104 0.475352 0.706473 0.056338 0.053571
61 0.309859 0.776786 0.091549 0.075893
3 0.200704 0.748884 0.183099 0.133929
0 0.500000 0.849330 0.165493 0.145089
25 0.295775 0.433036 0.102113 0.029018
41 0.413732 0.579241 0.116197 0.116071
6 0.500000 0.026786 0.250000 0.042411
7 0.786972 0.100446 0.095070 0.012277
8 0.727113 0.101562 0.035211 0.022321
10 0.295775 0.098214 0.156690 0.085938
12 0.746479 0.149554 0.035211 0.029018
5 0.797535 0.158482 0.147887 0.030134
9 0.746479 0.228795 0.054577 0.040179
10 0.063380 0.225446 0.102113 0.058036
10 0.934859 0.232143 0.095070 0.049107
7 0.281690 0.287946 0.061620 0.012277
8 0.239437 0.289062 0.028169 0.022321
10 0.934859 0.289062 0.095070 0.058036
7 0.876761 0.370536 0.061620 0.014509
12 0.850352 0.366071 0.042254 0.026786
8 0.834507 0.370536 0.026408 0.021205
8 0.295775 0.411830 0.033451 0.022321
8 0.117958 0.420759 0.028169 0.020089
9 0.295775 0.479911 0.038732 0.027902
10 0.936620 0.476562 0.096831 0.055804
7 0.422535 0.516741 0.033451 0.011161
8 0.392606 0.516741 0.031690 0.022321
7 0.471831 0.558036 0.033451 0.012277
8 0.445423 0.559152 0.028169 0.022321
7 0.161972 0.603795 0.063380 0.013393
8 0.116197 0.602679 0.036972 0.023438
7 0.373239 0.683036 0.065141 0.012277
9 0.415493 0.660714 0.086268 0.063616
8 0.330986 0.683036 0.026408 0.021205
12 0.475352 0.685268 0.022887 0.018973
8 0.443662 0.680804 0.044014 0.034598
7 0.330986 0.736607 0.061620 0.012277
153 0.681338 0.726562 0.049296 0.037946
8 0.283451 0.735491 0.042254 0.026786
9 0.475352 0.760045 0.040493 0.031250
5 0.200704 0.767857 0.146127 0.023438
4 0.205986 0.819196 0.126761 0.015625
9 0.309859 0.839286 0.061620 0.044643
10 0.936620 0.883929 0.096831 0.045759
6 0.500000 0.930804 0.253521 0.046875
10 0.725352 0.928571 0.142606 0.071429
