0 0.500000 0.123884 0.197183 0.156250
89 0.420775 0.199777 0.105634 0.102679
66 0.316901 0.239955 0.112676 0.073661
3 0.200704 0.213170 0.207746 0.145089
2 0.799296 0.219866 0.177817 0.131696
80 0.304577 0.381696 0.144366 0.082589
128 0.154930 0.532366 0.207746 0.127232
126 0.538732 0.592634 0.151408 0.109375
55 0.801056 0.683036 0.063380 0.075893
19 0.639085 0.704241 0.077465 0.042411
2 0.200704 0.748884 0.161972 0.133929
1 0.797535 0.757812 0.147887 0.116071
0 0.500000 0.847098 0.190141 0.149554
39 0.924296 0.812500 0.070423 0.049107
6 0.500000 0.023438 0.250000 0.042411
4 0.211268 0.098214 0.126761 0.015625
5 0.200704 0.122768 0.142606 0.030134
8 0.422535 0.131696 0.033451 0.021205
5 0.797535 0.141741 0.144366 0.035714
7 0.345070 0.199777 0.065141 0.013393
12 0.420775 0.194196 0.038732 0.032366
8 0.299296 0.199777 0.033451 0.022321
9 0.422535 0.284598 0.051056 0.037946
7 0.330986 0.343750 0.061620 0.012277
8 0.286972 0.343750 0.031690 0.022321
7 0.170775 0.472098 0.063380 0.013393
8 0.126761 0.472098 0.033451 0.022321
7 0.556338 0.535714 0.061620 0.011161
8 0.510563 0.535714 0.038732 0.026786
8 0.802817 0.642857 0.036972 0.023438
8 0.924296 0.780134 0.035211 0.022321
5 0.799296 0.779018 0.149648 0.027902
5 0.200704 0.781250 0.139085 0.023438
6 0.500000 0.938616 0.253521 0.046875
