56 0.806338 0.479911 0.334507 0.166295
87 0.313380 0.571429 0.392606 0.199777
87 0.573944 0.732143 0.389085 0.200893
113 0.903169 0.073661 0.147887 0.071429
0 0.500000 0.126116 0.186620 0.151786
22 0.651408 0.218750 0.077465 0.053571
66 0.299296 0.222098 0.109155 0.075893
1 0.200704 0.231027 0.161972 0.109375
2 0.797535 0.219866 0.183099 0.131696
141 0.600352 0.232143 0.112676 0.149554
100 0.531690 0.284598 0.154930 0.084821
98 0.052817 0.303571 0.098592 0.071429
131 0.904930 0.316964 0.172535 0.091518
44 0.411972 0.302455 0.176056 0.180804
37 0.235915 0.366071 0.133803 0.065848
121 0.348592 0.385045 0.105634 0.082589
100 0.688380 0.571429 0.161972 0.084821
42 0.473592 0.604911 0.073944 0.064732
102 0.904930 0.581473 0.144366 0.127232
120 0.625000 0.647321 0.154930 0.095982
62 0.464789 0.666295 0.098592 0.073661
1 0.200704 0.750000 0.181338 0.131696
0 0.500000 0.842634 0.239437 0.158482
79 0.327465 0.094866 0.147887 0.098214
92 0.149648 0.555804 0.207746 0.082589
79 0.211268 0.621652 0.158451 0.095982
8 0.903169 0.018973 0.042254 0.026786
7 0.366197 0.042411 0.089789 0.012277
6 0.500000 0.027902 0.250000 0.044643
8 0.302817 0.042411 0.040493 0.026786
5 0.799296 0.136161 0.160211 0.032366
8 0.600352 0.152902 0.038732 0.026786
5 0.200704 0.157366 0.142606 0.029018
8 0.299296 0.171875 0.026408 0.021205
7 0.672535 0.186384 0.061620 0.013393
8 0.626761 0.187500 0.036972 0.023438
8 0.411972 0.191964 0.044014 0.034598
8 0.531690 0.243304 0.028169 0.020089
8 0.052817 0.252232 0.036972 0.029018
8 0.904930 0.266741 0.033451 0.022321
7 0.269366 0.337054 0.091549 0.012277
8 0.213028 0.337054 0.028169 0.022321
9 0.602113 0.329241 0.065141 0.046875
7 0.172535 0.510045 0.065141 0.013393
8 0.123239 0.510045 0.042254 0.026786
8 0.904930 0.513393 0.026408 0.021205
7 0.704225 0.529018 0.063380 0.013393
8 0.661972 0.529018 0.028169 0.020089
7 0.221831 0.575893 0.035211 0.012277
8 0.188380 0.574777 0.038732 0.026786
8 0.625000 0.587054 0.035211 0.022321
7 0.484155 0.633929 0.063380 0.011161
8 0.436620 0.633929 0.042254 0.026786
9 0.688380 0.640625 0.066901 0.047991
5 0.200704 0.789062 0.147887 0.024554
9 0.573944 0.863839 0.056338 0.039062
