86 0.313380 0.066964 0.336268 0.133929
0 0.500000 0.118304 0.214789 0.167411
2 0.200704 0.218750 0.179577 0.133929
2 0.797535 0.218750 0.179577 0.133929
146 0.281690 0.287946 0.130282 0.098214
58 0.630282 0.327009 0.109155 0.075893
80 0.683099 0.710938 0.147887 0.084821
1 0.200704 0.752232 0.154930 0.128348
3 0.797535 0.755580 0.137324 0.120536
100 0.908451 0.868304 0.117958 0.039062
0 0.500000 0.845982 0.221831 0.151786
36 0.862676 0.084821 0.274648 0.168527
27 0.920775 0.689732 0.151408 0.097098
5 0.200704 0.133929 0.154930 0.031250
5 0.797535 0.136161 0.154930 0.031250
8 0.281690 0.227679 0.036972 0.023438
7 0.653169 0.287946 0.063380 0.014509
8 0.609155 0.289062 0.035211 0.022321
5 0.200704 0.770089 0.146127 0.027902
5 0.797535 0.773438 0.154930 0.026786
4 0.804577 0.819196 0.126761 0.015625
7 0.950704 0.850446 0.096831 0.014509
8 0.887324 0.850446 0.036972 0.029018
