0 0.500000 0.119420 0.204225 0.165179
3 0.200704 0.219866 0.154930 0.131696
2 0.797535 0.219866 0.176056 0.131696
37 0.411972 0.272321 0.116197 0.063616
49 0.524648 0.372768 0.105634 0.087054
29 0.119718 0.523438 0.140845 0.066964
90 0.237676 0.666295 0.080986 0.066964
96 0.635563 0.684152 0.112676 0.071429
3 0.200704 0.748884 0.169014 0.133929
1 0.799296 0.750000 0.170775 0.130580
0 0.500000 0.849330 0.165493 0.145089
48 0.089789 0.621652 0.109155 0.089286
4 0.211268 0.111607 0.126761 0.015625
5 0.200704 0.139509 0.144366 0.029018
5 0.797535 0.140625 0.158451 0.033482
7 0.434859 0.243304 0.063380 0.013393
8 0.394366 0.243304 0.026408 0.021205
7 0.524648 0.328125 0.033451 0.012277
8 0.492958 0.328125 0.044014 0.034598
12 0.524648 0.369420 0.024648 0.022321
8 0.119718 0.475446 0.036972 0.023438
8 0.089789 0.572545 0.028169 0.022321
12 0.089789 0.602679 0.038732 0.029018
8 0.237676 0.616071 0.031690 0.022321
7 0.653169 0.646205 0.063380 0.013393
8 0.609155 0.646205 0.036972 0.029018
12 0.239437 0.658482 0.026408 0.021205
9 0.089789 0.705357 0.028169 0.020089
9 0.237676 0.719866 0.059859 0.044643
5 0.799296 0.779018 0.153169 0.024554
5 0.200704 0.783482 0.142606 0.025670
4 0.209507 0.818080 0.126761 0.015625
