0 0.500000 0.125000 0.186620 0.154018
45 0.371479 0.212054 0.088028 0.073661
40 0.630282 0.231027 0.133803 0.089286
3 0.200704 0.220982 0.144366 0.129464
2 0.799296 0.216518 0.188380 0.138393
89 0.522887 0.254464 0.105634 0.104911
127 0.415493 0.370536 0.137324 0.091518
120 0.917253 0.415179 0.137324 0.075893
102 0.433099 0.603795 0.197183 0.078125
76 0.920775 0.743304 0.119718 0.133929
2 0.200704 0.738839 0.172535 0.154018
1 0.797535 0.752232 0.169014 0.127232
0 0.500000 0.840402 0.218310 0.162946
129 0.419014 0.066964 0.346831 0.133929
116 0.589789 0.831473 0.116197 0.062500
39 0.676056 0.905134 0.070423 0.053571
54 0.626761 0.900670 0.133803 0.089286
4 0.211268 0.113839 0.126761 0.015625
5 0.799296 0.130580 0.163732 0.031250
5 0.200704 0.142857 0.147887 0.030134
7 0.404930 0.174107 0.091549 0.012277
7 0.637324 0.180804 0.038732 0.012277
8 0.341549 0.174107 0.044014 0.034598
8 0.607394 0.180804 0.028169 0.022321
8 0.524648 0.185268 0.044014 0.034598
12 0.373239 0.185268 0.058099 0.043527
12 0.630282 0.227679 0.058099 0.036830
9 0.373239 0.276786 0.065141 0.047991
9 0.630282 0.305804 0.068662 0.047991
7 0.440141 0.325893 0.061620 0.012277
8 0.394366 0.327009 0.035211 0.022321
12 0.415493 0.354911 0.052817 0.040179
7 0.936620 0.376116 0.063380 0.013393
8 0.890845 0.376116 0.040493 0.026786
9 0.415493 0.437500 0.070423 0.052455
8 0.433099 0.566964 0.033451 0.021205
7 0.943662 0.677455 0.063380 0.013393
8 0.897887 0.677455 0.040493 0.026786
5 0.797535 0.773438 0.147887 0.024554
5 0.200704 0.783482 0.149648 0.025670
8 0.676056 0.868304 0.029930 0.021205
