103 0.360915 0.068080 0.151408 0.080357
66 0.195423 0.143973 0.109155 0.075893
0 0.500000 0.116071 0.232394 0.171875
85 0.478873 0.190848 0.116197 0.118304
1 0.200704 0.227679 0.151408 0.116071
2 0.797535 0.218750 0.179577 0.133929
96 0.271127 0.257812 0.102113 0.084821
52 0.482394 0.272321 0.130282 0.058036
120 0.744718 0.302455 0.126761 0.073661
145 0.214789 0.362723 0.095070 0.055804
78 0.295775 0.409598 0.095070 0.075893
140 0.184859 0.550223 0.077465 0.058036
76 0.059859 0.513393 0.119718 0.133929
20 0.137324 0.566964 0.070423 0.037946
128 0.563380 0.578125 0.218310 0.138393
70 0.480634 0.649554 0.088028 0.060268
32 0.051056 0.756696 0.098592 0.064732
1 0.200704 0.742188 0.184859 0.147321
1 0.797535 0.752232 0.154930 0.128348
0 0.500000 0.849330 0.165493 0.145089
116 0.330986 0.491071 0.098592 0.064732
65 0.477113 0.573661 0.126761 0.089286
7 0.366197 0.033482 0.035211 0.012277
8 0.334507 0.032366 0.036972 0.029018
7 0.218310 0.100446 0.061620 0.012277
8 0.172535 0.101562 0.038732 0.026786
8 0.478873 0.129464 0.035211 0.022321
5 0.797535 0.133929 0.151408 0.031250
5 0.200704 0.151786 0.144366 0.029018
7 0.302817 0.214286 0.096831 0.014509
8 0.241197 0.214286 0.035211 0.022321
9 0.195423 0.220982 0.045775 0.033482
7 0.507042 0.243304 0.065141 0.013393
8 0.457746 0.243304 0.042254 0.026786
7 0.767606 0.267857 0.065141 0.014509
8 0.723592 0.266741 0.028169 0.022321
9 0.271127 0.330357 0.054577 0.040179
7 0.042254 0.448661 0.033451 0.012277
8 0.014085 0.447545 0.028169 0.022321
8 0.563380 0.492188 0.040493 0.026786
8 0.184859 0.506696 0.031690 0.022321
7 0.154930 0.549107 0.059859 0.012277
8 0.116197 0.549107 0.026408 0.021205
7 0.517606 0.620536 0.091549 0.013393
8 0.457746 0.620536 0.036972 0.029018
7 0.070423 0.723214 0.065141 0.013393
8 0.024648 0.723214 0.033451 0.022321
5 0.200704 0.770089 0.149648 0.026786
5 0.797535 0.787946 0.144366 0.023438
9 0.052817 0.819196 0.047535 0.035714
