56 0.214789 0.540179 0.332746 0.166295
72 0.068662 0.142857 0.137324 0.098214
0 0.500000 0.120536 0.197183 0.162946
34 0.309859 0.203125 0.190141 0.033482
1 0.200704 0.223214 0.151408 0.123884
3 0.797535 0.220982 0.144366 0.129464
85 0.806338 0.319196 0.119718 0.098214
139 0.690141 0.378348 0.119718 0.066964
113 0.809859 0.405134 0.109155 0.080357
124 0.764085 0.602679 0.098592 0.062500
112 0.649648 0.631696 0.130282 0.078125
142 0.461268 0.636161 0.096831 0.073661
122 0.137324 0.645089 0.204225 0.111607
115 0.911972 0.712054 0.095070 0.078125
42 0.568662 0.780134 0.073944 0.064732
3 0.200704 0.748884 0.169014 0.133929
0 0.500000 0.844866 0.202465 0.154018
69 0.209507 0.285714 0.070423 0.053571
6 0.500000 0.022321 0.221831 0.044643
7 0.059859 0.089286 0.033451 0.012277
8 0.024648 0.089286 0.044014 0.034598
4 0.809859 0.113839 0.126761 0.015625
5 0.799296 0.138393 0.149648 0.030134
5 0.200704 0.146205 0.158451 0.033482
8 0.806338 0.252232 0.044014 0.034598
7 0.723592 0.339286 0.088028 0.012277
8 0.661972 0.339286 0.042254 0.026786
7 0.841549 0.368304 0.093310 0.013393
8 0.781690 0.368304 0.031690 0.022321
7 0.801056 0.569196 0.095070 0.010045
8 0.739437 0.569196 0.035211 0.022321
7 0.158451 0.584821 0.061620 0.012277
8 0.116197 0.584821 0.028169 0.020089
7 0.672535 0.591518 0.063380 0.011161
7 0.473592 0.595982 0.059859 0.012277
8 0.630282 0.591518 0.031690 0.022321
8 0.429577 0.595982 0.036972 0.023438
12 0.137324 0.650670 0.052817 0.040179
7 0.936620 0.676339 0.065141 0.013393
8 0.889085 0.676339 0.035211 0.022321
9 0.137324 0.739955 0.045775 0.031250
5 0.200704 0.765625 0.140845 0.018973
153 0.290493 0.792411 0.045775 0.035714
4 0.207746 0.813616 0.126761 0.015625
6 0.500000 0.926339 0.253521 0.046875
