56 0.887324 0.450893 0.223592 0.166295
87 0.855634 0.690848 0.288732 0.198661
61 0.072183 0.154018 0.144366 0.080357
0 0.500000 0.125000 0.193662 0.154018
42 0.459507 0.235491 0.102113 0.060268
2 0.200704 0.218750 0.179577 0.133929
1 0.797535 0.214286 0.193662 0.142857
128 0.125000 0.308036 0.197183 0.122768
68 0.151408 0.439732 0.123239 0.055804
143 0.383803 0.617188 0.077465 0.060268
138 0.799296 0.614955 0.169014 0.109375
2 0.200704 0.751116 0.179577 0.129464
1 0.797535 0.752232 0.172535 0.127232
77 0.288732 0.768973 0.149648 0.129464
0 0.500000 0.849330 0.165493 0.145089
129 0.309859 0.116071 0.181338 0.152902
69 0.181338 0.831473 0.084507 0.058036
7 0.052817 0.109375 0.061620 0.011161
8 0.021127 0.109375 0.042254 0.034598
5 0.797535 0.123884 0.137324 0.026786
5 0.200704 0.136161 0.151408 0.030134
8 0.461268 0.204241 0.040493 0.026786
8 0.125000 0.247768 0.031690 0.022321
8 0.151408 0.410714 0.029930 0.021205
9 0.941901 0.566964 0.052817 0.039062
7 0.404930 0.585938 0.059859 0.011161
8 0.366197 0.584821 0.026408 0.021205
7 0.325704 0.705357 0.091549 0.013393
8 0.264085 0.705357 0.040493 0.026786
5 0.797535 0.765625 0.154930 0.026786
12 0.288732 0.770089 0.024648 0.021205
5 0.200704 0.774554 0.144366 0.024554
6 0.500000 0.929688 0.251761 0.046875
