56 0.096831 0.555804 0.193662 0.166295
16 0.248239 0.150670 0.052817 0.042411
0 0.500000 0.125000 0.190141 0.154018
3 0.200704 0.212054 0.176056 0.147321
107 0.195423 0.238839 0.137324 0.140625
139 0.191901 0.450893 0.091549 0.058036
22 0.742958 0.564732 0.088028 0.060268
81 0.771127 0.623884 0.147887 0.093750
22 0.628521 0.672991 0.088028 0.049107
1 0.200704 0.757812 0.161972 0.116071
2 0.797535 0.748884 0.161972 0.133929
138 0.637324 0.789062 0.158451 0.100446
110 0.848592 0.860491 0.133803 0.082589
0 0.500000 0.847098 0.200704 0.149554
116 0.635563 0.167411 0.098592 0.060268
69 0.031690 0.169643 0.061620 0.058036
150 0.529930 0.209821 0.095070 0.069196
79 0.521127 0.229911 0.158451 0.093750
69 0.357394 0.511161 0.080986 0.046875
6 0.500000 0.026786 0.250000 0.042411
4 0.211268 0.097098 0.126761 0.015625
5 0.200704 0.120536 0.153169 0.030134
7 0.228873 0.169643 0.093310 0.012277
8 0.169014 0.168527 0.033451 0.022321
7 0.526408 0.178571 0.035211 0.012277
8 0.500000 0.178571 0.029930 0.021205
8 0.193662 0.415179 0.044014 0.034598
12 0.742958 0.533482 0.054577 0.036830
8 0.771127 0.577009 0.035211 0.022321
9 0.742958 0.620536 0.047535 0.033482
7 0.663732 0.654018 0.091549 0.014509
8 0.609155 0.654018 0.026408 0.021205
8 0.637324 0.723214 0.036972 0.029018
9 0.630282 0.736607 0.040493 0.030134
5 0.799296 0.762277 0.149648 0.024554
5 0.200704 0.782366 0.142606 0.024554
7 0.869718 0.819196 0.065141 0.013393
8 0.827465 0.819196 0.033451 0.022321
6 0.500000 0.934152 0.253521 0.046875
