0 0.500000 0.104911 0.257042 0.194196
43 0.651408 0.270089 0.098592 0.069196
120 0.257042 0.383929 0.149648 0.078125
30 0.047535 0.421875 0.095070 0.053571
105 0.734155 0.414062 0.179577 0.111607
149 0.684859 0.590402 0.105634 0.102679
66 0.459507 0.608259 0.109155 0.075893
37 0.626761 0.638393 0.121479 0.063616
15 0.575704 0.668527 0.059859 0.040179
1 0.200704 0.752232 0.154930 0.128348
3 0.799296 0.751116 0.184859 0.129464
0 0.500000 0.850446 0.214789 0.142857
91 0.193662 0.263393 0.147887 0.127232
48 0.843310 0.378348 0.116197 0.075893
27 0.234155 0.647321 0.144366 0.091518
69 0.744718 0.867188 0.105634 0.100446
8 0.193662 0.197545 0.038732 0.026786
8 0.651408 0.223214 0.029930 0.021205
12 0.651408 0.258929 0.049296 0.031250
8 0.843310 0.330357 0.028169 0.022321
9 0.651408 0.338170 0.035211 0.026786
7 0.278169 0.345982 0.061620 0.014509
8 0.230634 0.347098 0.042254 0.026786
7 0.760563 0.357143 0.061620 0.012277
12 0.843310 0.347098 0.045775 0.035714
8 0.718310 0.357143 0.028169 0.020089
8 0.031690 0.375000 0.036972 0.029018
12 0.031690 0.395089 0.026408 0.025670
12 0.734155 0.421875 0.056338 0.041295
9 0.843310 0.447545 0.038732 0.029018
9 0.031690 0.475446 0.049296 0.035714
9 0.735915 0.500000 0.040493 0.029018
7 0.707747 0.536830 0.063380 0.013393
8 0.660211 0.536830 0.042254 0.026786
8 0.461268 0.569196 0.029930 0.021205
12 0.684859 0.587054 0.035211 0.029018
8 0.626761 0.593750 0.026408 0.021205
12 0.626761 0.625000 0.024648 0.020089
7 0.605634 0.651786 0.091549 0.013393
8 0.549296 0.651786 0.031690 0.022321
9 0.686620 0.670759 0.058099 0.042411
9 0.459507 0.687500 0.038732 0.027902
9 0.626761 0.694196 0.049296 0.036830
5 0.797535 0.764509 0.161972 0.026786
5 0.200704 0.771205 0.144366 0.026786
4 0.806338 0.812500 0.126761 0.015625
6 0.500000 0.937500 0.250000 0.045759
