146 0.647887 0.070312 0.119718 0.095982
0 0.500000 0.126116 0.190141 0.151786
3 0.200704 0.222098 0.154930 0.127232
2 0.797535 0.218750 0.179577 0.133929
42 0.044014 0.334821 0.088028 0.058036
74 0.799296 0.390625 0.077465 0.055804
75 0.630282 0.363839 0.080986 0.116071
96 0.404930 0.570312 0.112676 0.078125
121 0.621479 0.574777 0.091549 0.089286
140 0.635563 0.611607 0.077465 0.060268
1 0.200704 0.744420 0.186620 0.142857
1 0.797535 0.752232 0.154930 0.128348
0 0.500000 0.842634 0.239437 0.158482
24 0.959507 0.572545 0.042254 0.031250
24 0.646127 0.581473 0.091549 0.024554
8 0.647887 0.017857 0.044014 0.034598
6 0.500000 0.029018 0.250000 0.042411
4 0.211268 0.116071 0.123239 0.015625
5 0.799296 0.136161 0.153169 0.032366
5 0.200704 0.140625 0.154930 0.031250
9 0.647887 0.147321 0.052817 0.039062
8 0.042254 0.300223 0.031690 0.022321
12 0.042254 0.316964 0.029930 0.029018
7 0.815141 0.359375 0.063380 0.013393
8 0.767606 0.359375 0.042254 0.026786
12 0.799296 0.373884 0.022887 0.020089
9 0.042254 0.401786 0.038732 0.027902
9 0.799296 0.444196 0.059859 0.043527
8 0.623239 0.520089 0.036972 0.023438
12 0.404930 0.540179 0.047535 0.042411
7 0.971831 0.560268 0.056338 0.013393
8 0.934859 0.560268 0.028169 0.020089
8 0.646127 0.563616 0.035211 0.022321
8 0.635563 0.574777 0.028169 0.020089
9 0.404930 0.648438 0.036972 0.026786
9 0.635563 0.674107 0.070423 0.045759
5 0.799296 0.776786 0.146127 0.023438
5 0.200704 0.785714 0.149648 0.027902
