50 0.147887 0.229911 0.295775 0.199777
119 0.165493 0.445312 0.330986 0.227679
87 0.617958 0.680804 0.390845 0.198661
20 0.862676 0.145089 0.063380 0.042411
0 0.500000 0.125000 0.186620 0.154018
1 0.797535 0.231027 0.161972 0.109375
15 0.242958 0.281250 0.056338 0.040179
20 0.410211 0.275670 0.063380 0.060268
44 0.757042 0.343750 0.176056 0.180804
99 0.904930 0.416295 0.077465 0.062500
61 0.132042 0.414062 0.102113 0.075893
53 0.580986 0.443080 0.063380 0.033482
23 0.517606 0.430804 0.059859 0.062500
73 0.200704 0.505580 0.077465 0.058036
40 0.813380 0.515625 0.126761 0.093750
34 0.758803 0.675223 0.218310 0.044643
76 0.190141 0.674107 0.190141 0.111607
64 0.688380 0.739955 0.105634 0.098214
118 0.251761 0.872768 0.080986 0.093750
0 0.500000 0.847098 0.228873 0.149554
36 0.753521 0.716518 0.445423 0.248884
6 0.500000 0.025670 0.250000 0.044643
8 0.862676 0.122768 0.029930 0.021205
5 0.797535 0.159598 0.144366 0.029018
8 0.410211 0.237723 0.028169 0.022321
7 0.774648 0.254464 0.061620 0.014509
8 0.732394 0.254464 0.026408 0.021205
7 0.158451 0.373884 0.061620 0.011161
9 0.098592 0.356027 0.073944 0.049107
8 0.112676 0.373884 0.035211 0.022321
7 0.940141 0.387277 0.093310 0.013393
8 0.880282 0.388393 0.029930 0.021205
12 0.133803 0.388393 0.029930 0.024554
7 0.538732 0.395089 0.065141 0.012277
8 0.491197 0.395089 0.038732 0.026786
8 0.580986 0.408482 0.044014 0.034598
7 0.225352 0.476562 0.065141 0.013393
8 0.179577 0.477679 0.029930 0.021205
8 0.190141 0.604911 0.026408 0.021205
7 0.714789 0.689732 0.063380 0.013393
8 0.672535 0.689732 0.028169 0.022321
7 0.260563 0.820312 0.033451 0.011161
8 0.232394 0.821429 0.029930 0.021205
6 0.500000 0.928571 0.253521 0.046875
