1 0.200704 0.227679 0.158451 0.116071
42 0.281690 0.389509 0.084507 0.055804
102 0.431338 0.544643 0.133803 0.131696
35 0.864437 0.611607 0.059859 0.055804
49 0.258803 0.603795 0.102113 0.075893
124 0.806338 0.641741 0.072183 0.062500
3 0.200704 0.746652 0.190141 0.138393
135 0.218310 0.777902 0.144366 0.093750
0 0.500000 0.850446 0.214789 0.142857
25 0.640845 0.685268 0.052817 0.035714
5 0.200704 0.154018 0.135563 0.026786
7 0.306338 0.364955 0.065141 0.013393
8 0.260563 0.364955 0.036972 0.029018
9 0.281690 0.450893 0.056338 0.039062
7 0.447183 0.477679 0.061620 0.013393
8 0.401408 0.477679 0.040493 0.026786
7 0.281690 0.562500 0.061620 0.012277
8 0.235915 0.562500 0.036972 0.029018
8 0.866197 0.569196 0.044014 0.034598
7 0.838028 0.604911 0.089789 0.012277
8 0.779930 0.604911 0.031690 0.022321
7 0.665493 0.661830 0.061620 0.011161
8 0.625000 0.661830 0.028169 0.020089
8 0.218310 0.718750 0.028169 0.020089
9 0.640845 0.732143 0.068662 0.052455
12 0.218310 0.776786 0.031690 0.023438
5 0.200704 0.785714 0.142606 0.023438
4 0.205986 0.819196 0.126761 0.015625
