93 0.045775 0.164062 0.070423 0.049107
0 0.500000 0.112723 0.225352 0.178571
115 0.411972 0.198661 0.095070 0.078125
1 0.200704 0.232143 0.142606 0.108259
2 0.797535 0.219866 0.214789 0.131696
38 0.778169 0.323661 0.093310 0.072545
61 0.323944 0.387277 0.084507 0.071429
85 0.146127 0.511161 0.133803 0.095982
44 0.855634 0.520089 0.149648 0.091518
132 0.489437 0.594866 0.151408 0.102679
51 0.797535 0.611607 0.169014 0.095982
80 0.661972 0.636161 0.119718 0.080357
44 0.309859 0.724330 0.147887 0.154018
42 0.463028 0.775670 0.088028 0.060268
2 0.200704 0.743304 0.176056 0.145089
1 0.799296 0.742188 0.184859 0.147321
0 0.500000 0.852679 0.172535 0.137277
25 0.063380 0.666295 0.126761 0.031250
79 0.086268 0.796875 0.172535 0.091518
8 0.045775 0.120536 0.038732 0.026786
5 0.797535 0.136161 0.144366 0.029018
8 0.411972 0.145089 0.033451 0.022321
5 0.200704 0.160714 0.156690 0.031250
8 0.778169 0.282366 0.040493 0.026786
12 0.778169 0.312500 0.024648 0.022321
7 0.345070 0.356027 0.061620 0.013393
8 0.302817 0.356027 0.028169 0.020089
9 0.778169 0.397321 0.054577 0.039062
8 0.855634 0.457589 0.026408 0.021205
8 0.147887 0.464286 0.033451 0.022321
9 0.323944 0.454241 0.061620 0.044643
8 0.489437 0.544643 0.028169 0.020089
7 0.820423 0.568080 0.063380 0.013393
8 0.772887 0.568080 0.042254 0.026786
8 0.661972 0.588170 0.028169 0.022321
9 0.146127 0.591518 0.045775 0.032366
7 0.068662 0.649554 0.091549 0.012277
7 0.334507 0.649554 0.058099 0.013393
8 0.295775 0.649554 0.029930 0.021205
8 0.015845 0.649554 0.031690 0.022321
8 0.038732 0.738839 0.036972 0.023438
7 0.485915 0.747768 0.066901 0.013393
8 0.438380 0.747768 0.038732 0.026786
12 0.464789 0.754464 0.026408 0.023438
5 0.200704 0.770089 0.161972 0.027902
12 0.036972 0.765625 0.045775 0.043527
5 0.797535 0.785714 0.154930 0.025670
