80 0.204225 0.059152 0.140845 0.104911
112 0.315141 0.088170 0.105634 0.107143
21 0.193662 0.121652 0.077465 0.046875
121 0.705986 0.121652 0.102113 0.078125
0 0.500000 0.118304 0.218310 0.167411
135 0.339789 0.154018 0.137324 0.104911
52 0.318662 0.194196 0.112676 0.055804
1 0.200704 0.229911 0.144366 0.111607
2 0.797535 0.219866 0.190141 0.131696
118 0.102113 0.246652 0.105634 0.082589
144 0.419014 0.273438 0.112676 0.062500
77 0.640845 0.279018 0.154930 0.160714
106 0.529930 0.362723 0.179577 0.107143
111 0.355634 0.360491 0.151408 0.131696
85 0.080986 0.416295 0.102113 0.104911
95 0.207746 0.434152 0.130282 0.082589
107 0.815141 0.508929 0.137324 0.142857
138 0.642606 0.591518 0.147887 0.109375
89 0.742958 0.642857 0.105634 0.102679
97 0.140845 0.659598 0.102113 0.080357
63 0.146127 0.700893 0.080986 0.053571
102 0.463028 0.713170 0.140845 0.133929
120 0.073944 0.746652 0.147887 0.078125
20 0.051056 0.789062 0.070423 0.042411
3 0.200704 0.743304 0.183099 0.145089
3 0.797535 0.743304 0.183099 0.145089
20 0.220070 0.850446 0.073944 0.042411
0 0.500000 0.847098 0.200704 0.149554
69 0.095070 0.505580 0.080986 0.062500
65 0.197183 0.871652 0.130282 0.055804
7 0.242958 0.006696 0.095070 0.010045
8 0.183099 0.011161 0.031690 0.022321
7 0.348592 0.037946 0.091549 0.012277
8 0.294014 0.037946 0.028169 0.020089
8 0.705986 0.069196 0.042254 0.026786
8 0.339789 0.099330 0.035211 0.022321
5 0.797535 0.137277 0.151408 0.031250
7 0.329225 0.160714 0.035211 0.012277
8 0.301056 0.160714 0.028169 0.020089
5 0.200704 0.158482 0.160211 0.031250
7 0.661972 0.203125 0.065141 0.013393
8 0.612676 0.203125 0.038732 0.026786
8 0.102113 0.205357 0.028169 0.022321
8 0.419014 0.238839 0.029930 0.021205
7 0.371479 0.299107 0.063380 0.013393
8 0.323944 0.299107 0.040493 0.026786
9 0.102113 0.318080 0.047535 0.035714
8 0.207746 0.379464 0.040493 0.026786
8 0.815141 0.429688 0.031690 0.022321
12 0.815141 0.530134 0.042254 0.031250
8 0.140845 0.603795 0.033451 0.022321
8 0.464789 0.631696 0.036972 0.029018
8 0.147887 0.662946 0.036972 0.023438
7 0.070423 0.710938 0.061620 0.013393
8 0.028169 0.710938 0.028169 0.022321
12 0.464789 0.720982 0.054577 0.036830
7 0.082746 0.763393 0.088028 0.012277
8 0.022887 0.763393 0.042254 0.026786
5 0.200704 0.780134 0.139085 0.022321
5 0.799296 0.781250 0.160211 0.025670
4 0.209507 0.811384 0.126761 0.015625
4 0.804577 0.822545 0.126761 0.015625
8 0.221831 0.821429 0.036972 0.023438
8 0.197183 0.840402 0.028169 0.022321
9 0.197183 0.941964 0.033451 0.023438
