40 0.684859 0.185268 0.137324 0.084821
109 0.529930 0.254464 0.091549 0.055804
2 0.200704 0.216518 0.188380 0.138393
3 0.797535 0.216518 0.218310 0.138393
124 0.838028 0.390625 0.086268 0.047991
71 0.815141 0.530134 0.102113 0.078125
124 0.353873 0.618304 0.063380 0.052455
2 0.200704 0.743304 0.176056 0.145089
3 0.797535 0.755580 0.137324 0.120536
0 0.500000 0.845982 0.214789 0.152902
4 0.809859 0.104911 0.126761 0.015625
5 0.200704 0.130580 0.144366 0.029018
5 0.797535 0.131696 0.151408 0.030134
8 0.684859 0.140625 0.028169 0.020089
7 0.533451 0.229911 0.035211 0.013393
8 0.500000 0.229911 0.044014 0.034598
7 0.853873 0.366071 0.063380 0.013393
8 0.811620 0.366071 0.028169 0.020089
9 0.838028 0.433036 0.080986 0.059152
8 0.816901 0.482143 0.036972 0.023438
9 0.816901 0.587054 0.068662 0.050223
5 0.200704 0.763393 0.146127 0.023438
5 0.799296 0.774554 0.142606 0.026786
4 0.806338 0.822545 0.126761 0.015625
6 0.500000 0.929688 0.253521 0.046875
