0 0.500000 0.118304 0.218310 0.167411
118 0.626761 0.236607 0.105634 0.082589
3 0.200704 0.213170 0.207746 0.145089
1 0.797535 0.231027 0.158451 0.109375
89 0.947183 0.385045 0.105634 0.102679
113 0.853873 0.445312 0.109155 0.080357
108 0.223592 0.584821 0.091549 0.055804
93 0.463028 0.589286 0.070423 0.049107
82 0.757042 0.631696 0.154930 0.122768
82 0.153169 0.659598 0.154930 0.122768
105 0.630282 0.702009 0.190141 0.102679
124 0.531690 0.756696 0.084507 0.047991
3 0.797535 0.746652 0.190141 0.138393
55 0.267606 0.795759 0.077465 0.064732
145 0.771127 0.818080 0.088028 0.060268
0 0.500000 0.850446 0.214789 0.142857
4 0.211268 0.098214 0.126761 0.015625
5 0.200704 0.123884 0.160211 0.033482
5 0.797535 0.160714 0.151408 0.030134
8 0.626761 0.194196 0.036972 0.023438
8 0.957747 0.329241 0.028169 0.020089
12 0.957747 0.370536 0.028169 0.026786
7 0.860915 0.407366 0.035211 0.013393
8 0.834507 0.407366 0.028169 0.020089
12 0.853873 0.426339 0.038732 0.032366
9 0.853873 0.517857 0.042254 0.030134
8 0.223592 0.552455 0.035211 0.022321
8 0.757042 0.559152 0.031690 0.022321
8 0.463028 0.564732 0.028169 0.022321
8 0.154930 0.593750 0.044014 0.034598
7 0.649648 0.649554 0.063380 0.013393
8 0.607394 0.649554 0.028169 0.022321
7 0.556338 0.729911 0.061620 0.013393
9 0.757042 0.716518 0.056338 0.039062
8 0.510563 0.729911 0.033451 0.021205
8 0.267606 0.744420 0.038732 0.026786
5 0.799296 0.772321 0.156690 0.030134
8 0.771127 0.779018 0.036972 0.023438
9 0.630282 0.786830 0.038732 0.026786
4 0.808099 0.815848 0.126761 0.015625
9 0.531690 0.812500 0.058099 0.042411
9 0.267606 0.861607 0.044014 0.032366
6 0.500000 0.939732 0.246479 0.044643
