0 0.500000 0.126116 0.190141 0.151786
1 0.797535 0.227679 0.165493 0.116071
40 0.542253 0.277902 0.130282 0.093750
124 0.735915 0.329241 0.098592 0.060268
89 0.205986 0.339286 0.105634 0.104911
44 0.846831 0.342634 0.147887 0.154018
143 0.288732 0.425223 0.088028 0.042411
47 0.195423 0.457589 0.123239 0.095982
144 0.253521 0.543527 0.112676 0.071429
100 0.588028 0.594866 0.151408 0.087054
1 0.200704 0.750000 0.181338 0.131696
1 0.797535 0.750000 0.183099 0.132812
0 0.500000 0.840402 0.214789 0.162946
65 0.760563 0.450893 0.116197 0.093750
116 0.897887 0.795759 0.102113 0.080357
6 0.500000 0.027902 0.250000 0.044643
5 0.799296 0.152902 0.146127 0.029018
8 0.542253 0.216518 0.035211 0.023438
7 0.869718 0.262277 0.065141 0.013393
8 0.823944 0.262277 0.031690 0.022321
12 0.542253 0.266741 0.051056 0.037946
7 0.235915 0.281250 0.091549 0.012277
8 0.172535 0.281250 0.044014 0.034598
12 0.846831 0.356027 0.038732 0.031250
8 0.195423 0.392857 0.028169 0.022321
7 0.779930 0.404018 0.063380 0.012277
8 0.730634 0.402902 0.042254 0.026786
8 0.288732 0.406250 0.033451 0.021205
12 0.760563 0.435268 0.040493 0.039062
9 0.848592 0.450893 0.065141 0.047991
9 0.288732 0.477679 0.066901 0.047991
7 0.290493 0.505580 0.091549 0.013393
8 0.234155 0.505580 0.028169 0.020089
7 0.621479 0.544643 0.095070 0.012277
8 0.563380 0.545759 0.033451 0.022321
5 0.200704 0.761161 0.154930 0.029018
5 0.797535 0.783482 0.144366 0.023438
153 0.515845 0.804688 0.045775 0.035714
6 0.500000 0.937500 0.253521 0.046875
