50 0.415493 0.345982 0.394366 0.199777
0 0.500000 0.118304 0.218310 0.167411
140 0.350352 0.250000 0.073944 0.055804
3 0.200704 0.220982 0.144366 0.129464
2 0.797535 0.219866 0.176056 0.131696
106 0.149648 0.301339 0.179577 0.107143
124 0.401408 0.361607 0.109155 0.053571
82 0.653169 0.328125 0.158451 0.120536
32 0.832747 0.362723 0.098592 0.066964
52 0.630282 0.392857 0.123239 0.064732
76 0.677817 0.383929 0.119718 0.125000
100 0.073944 0.424107 0.147887 0.061384
81 0.922535 0.434152 0.154930 0.082589
28 0.195423 0.493304 0.144366 0.078125
23 0.144366 0.525670 0.084507 0.055804
134 0.336268 0.484375 0.190141 0.149554
40 0.586268 0.590402 0.130282 0.095982
85 0.316901 0.601562 0.109155 0.100446
75 0.415493 0.643973 0.158451 0.091518
3 0.200704 0.748884 0.183099 0.133929
3 0.797535 0.748884 0.169014 0.133929
0 0.500000 0.845982 0.221831 0.151786
95 0.373239 0.918527 0.126761 0.066964
65 0.265845 0.110491 0.133803 0.100446
129 0.695423 0.143973 0.292254 0.167411
6 0.500000 0.022321 0.250000 0.044643
8 0.265845 0.062500 0.031690 0.022321
4 0.211268 0.113839 0.126761 0.015625
5 0.799296 0.138393 0.149648 0.030134
5 0.200704 0.142857 0.153169 0.030134
9 0.265845 0.191964 0.066901 0.049107
7 0.380282 0.220982 0.088028 0.012277
8 0.322183 0.219866 0.038732 0.026786
8 0.654930 0.262277 0.036972 0.029018
8 0.679577 0.308036 0.033451 0.022321
8 0.834507 0.324777 0.040493 0.026786
8 0.401408 0.323661 0.044014 0.034598
7 0.654930 0.360491 0.063380 0.013393
8 0.612676 0.360491 0.033451 0.022321
7 0.978873 0.390625 0.042254 0.014509
8 0.941901 0.390625 0.038732 0.026786
8 0.338028 0.404018 0.026408 0.021205
12 0.044014 0.395089 0.088028 0.042411
9 0.834507 0.430804 0.044014 0.031250
8 0.195423 0.438616 0.042254 0.026786
8 0.144366 0.486607 0.026408 0.021205
9 0.415493 0.475446 0.063380 0.043527
9 0.029930 0.484375 0.035211 0.026786
7 0.609155 0.537946 0.061620 0.012277
8 0.559859 0.537946 0.042254 0.026786
9 0.144366 0.587054 0.042254 0.032366
12 0.415493 0.640625 0.033451 0.018973
5 0.797535 0.765625 0.158451 0.025670
5 0.200704 0.790179 0.139085 0.023438
4 0.211268 0.819196 0.126761 0.015625
4 0.806338 0.820312 0.126761 0.015625
8 0.373239 0.885045 0.042254 0.026786
6 0.500000 0.928571 0.253521 0.046875
