138 0.623239 0.054688 0.154930 0.109375
123 0.093310 0.077009 0.183099 0.131696
139 0.846831 0.106027 0.112676 0.075893
0 0.500000 0.123884 0.197183 0.156250
85 0.072183 0.154018 0.144366 0.122768
124 0.683099 0.234375 0.084507 0.047991
3 0.200704 0.212054 0.176056 0.147321
71 0.832747 0.266741 0.077465 0.066964
106 0.318662 0.257812 0.179577 0.107143
28 0.933099 0.382812 0.133803 0.062500
19 0.146127 0.395089 0.073944 0.051339
105 0.750000 0.372768 0.183099 0.102679
103 0.846831 0.411830 0.137324 0.071429
97 0.186620 0.437500 0.102113 0.078125
72 0.748239 0.533482 0.137324 0.098214
120 0.804577 0.542411 0.151408 0.095982
145 0.635563 0.641741 0.095070 0.055804
21 0.762324 0.641741 0.073944 0.058036
102 0.804577 0.614955 0.144366 0.127232
105 0.836268 0.601562 0.133803 0.156250
35 0.089789 0.668527 0.084507 0.044643
64 0.330986 0.703125 0.137324 0.102679
141 0.517606 0.725446 0.161972 0.111607
124 0.364437 0.783482 0.095070 0.062500
3 0.797535 0.755580 0.137324 0.120536
106 0.917253 0.791295 0.165493 0.100446
0 0.500000 0.845982 0.214789 0.152902
69 0.684859 0.566964 0.091549 0.049107
8 0.093310 0.011161 0.028169 0.022321
6 0.500000 0.022321 0.250000 0.044643
8 0.848592 0.066964 0.040493 0.026786
7 0.059859 0.095982 0.063380 0.014509
4 0.211268 0.097098 0.126761 0.015625
8 0.021127 0.095982 0.042254 0.026786
5 0.200704 0.125000 0.158451 0.039062
12 0.042254 0.160714 0.044014 0.030134
8 0.683099 0.212054 0.028169 0.022321
7 0.845070 0.237723 0.033451 0.013393
8 0.815141 0.237723 0.031690 0.022321
9 0.040493 0.243304 0.052817 0.037946
8 0.750000 0.314732 0.040493 0.025670
7 0.975352 0.345982 0.047535 0.012277
9 0.832747 0.332589 0.063380 0.044643
8 0.940141 0.345982 0.031690 0.022321
8 0.147887 0.368304 0.029930 0.021205
7 0.871479 0.375000 0.063380 0.014509
8 0.827465 0.375000 0.036972 0.029018
8 0.186620 0.388393 0.029930 0.021205
7 0.764085 0.483259 0.061620 0.013393
8 0.806338 0.483259 0.033451 0.022321
8 0.718310 0.484375 0.036972 0.023438
7 0.855634 0.520089 0.061620 0.013393
8 0.809859 0.520089 0.036972 0.029018
8 0.804577 0.535714 0.028169 0.022321
7 0.661972 0.609375 0.061620 0.012277
8 0.616197 0.609375 0.035211 0.023438
9 0.804577 0.616071 0.052817 0.039062
8 0.091549 0.640625 0.026408 0.021205
7 0.352113 0.649554 0.061620 0.012277
8 0.311620 0.650670 0.028169 0.020089
8 0.517606 0.656250 0.033451 0.022321
9 0.838028 0.703125 0.051056 0.037946
9 0.806338 0.712054 0.054577 0.042411
12 0.517606 0.723214 0.029930 0.029018
7 0.977113 0.735491 0.045775 0.013393
8 0.943662 0.735491 0.033451 0.022321
7 0.387324 0.754464 0.063380 0.013393
8 0.345070 0.754464 0.033451 0.022321
5 0.797535 0.789062 0.154930 0.024554
4 0.808099 0.813616 0.123239 0.015625
