0 0.500000 0.119420 0.204225 0.165179
72 0.362676 0.172991 0.137324 0.095982
137 0.098592 0.232143 0.063380 0.035714
2 0.200704 0.219866 0.176056 0.131696
64 0.521127 0.255580 0.186620 0.069196
122 0.852113 0.284598 0.190141 0.107143
142 0.522887 0.323661 0.098592 0.066964
85 0.264085 0.327009 0.116197 0.133929
80 0.149648 0.358259 0.133803 0.073661
18 0.748239 0.387277 0.045775 0.055804
53 0.035211 0.426339 0.070423 0.031250
85 0.746479 0.506696 0.102113 0.104911
145 0.308099 0.578125 0.095070 0.055804
123 0.746479 0.601562 0.251761 0.127232
1 0.200704 0.752232 0.154930 0.128348
3 0.797535 0.739955 0.193662 0.151786
23 0.797535 0.841518 0.063380 0.062500
0 0.500000 0.850446 0.214789 0.142857
42 0.380282 0.909598 0.073944 0.064732
39 0.193662 0.650670 0.063380 0.049107
8 0.362676 0.118304 0.035211 0.022321
5 0.200704 0.136161 0.149648 0.030134
8 0.098592 0.207589 0.036972 0.023438
7 0.538732 0.225446 0.061620 0.012277
8 0.852113 0.220982 0.026408 0.021205
8 0.496479 0.224330 0.028169 0.022321
7 0.288732 0.261161 0.063380 0.012277
8 0.246479 0.260045 0.033451 0.022321
8 0.524648 0.281250 0.036972 0.023438
12 0.852113 0.279018 0.058099 0.043527
8 0.151408 0.319196 0.040493 0.026786
12 0.264085 0.338170 0.054577 0.040179
7 0.771127 0.354911 0.059859 0.012277
8 0.728873 0.354911 0.033451 0.022321
9 0.852113 0.363839 0.051056 0.034598
12 0.024648 0.391741 0.038732 0.031250
7 0.042254 0.408482 0.063380 0.012277
8 0.014085 0.408482 0.026408 0.021205
9 0.151408 0.424107 0.058099 0.042411
8 0.716549 0.452009 0.042254 0.026786
9 0.748239 0.456473 0.038732 0.026786
8 0.746479 0.530134 0.040493 0.026786
8 0.308099 0.549107 0.028169 0.022321
12 0.193662 0.613839 0.035211 0.026786
7 0.200704 0.627232 0.033451 0.012277
8 0.169014 0.627232 0.035211 0.022321
9 0.193662 0.702009 0.066901 0.049107
5 0.200704 0.764509 0.161972 0.026786
5 0.799296 0.790179 0.139085 0.023438
7 0.815141 0.809152 0.063380 0.013393
8 0.772887 0.809152 0.028169 0.022321
4 0.804577 0.819196 0.126761 0.015625
