56 0.112676 0.058036 0.225352 0.116071
119 0.867958 0.236607 0.264085 0.227679
95 0.244718 0.082589 0.137324 0.075893
108 0.855634 0.164062 0.091549 0.053571
0 0.500000 0.123884 0.190141 0.156250
16 0.514085 0.206473 0.054577 0.044643
3 0.200704 0.216518 0.218310 0.138393
72 0.436620 0.256696 0.140845 0.104911
81 0.846831 0.287946 0.154930 0.082589
72 0.415493 0.310268 0.137324 0.098214
117 0.593310 0.342634 0.119718 0.082589
22 0.473592 0.437500 0.073944 0.055804
43 0.156690 0.498884 0.095070 0.098214
72 0.788732 0.526786 0.140845 0.104911
124 0.158451 0.544643 0.089789 0.073661
85 0.158451 0.582589 0.102113 0.111607
66 0.209507 0.618304 0.105634 0.071429
135 0.563380 0.655134 0.172535 0.093750
46 0.417254 0.686384 0.126761 0.080357
47 0.669014 0.705357 0.123239 0.095982
58 0.748239 0.810268 0.116197 0.069196
0 0.500000 0.851562 0.176056 0.140625
129 0.716549 0.229911 0.292254 0.167411
79 0.082746 0.434152 0.165493 0.095982
129 0.809859 0.728795 0.292254 0.167411
7 0.262324 0.047991 0.063380 0.011161
8 0.218310 0.047991 0.031690 0.022321
4 0.211268 0.104911 0.126761 0.015625
5 0.200704 0.129464 0.160211 0.031250
7 0.873239 0.140625 0.061620 0.012277
8 0.827465 0.141741 0.040493 0.026786
9 0.058099 0.152902 0.038732 0.029018
8 0.846831 0.237723 0.031690 0.022321
8 0.415493 0.253348 0.036972 0.029018
12 0.415493 0.283482 0.047535 0.045759
7 0.614437 0.301339 0.063380 0.013393
8 0.570423 0.301339 0.036972 0.029018
8 0.077465 0.381696 0.036972 0.023438
9 0.415493 0.386161 0.065141 0.047991
7 0.492958 0.414062 0.065141 0.013393
8 0.443662 0.414062 0.040493 0.026786
8 0.156690 0.450893 0.028169 0.022321
7 0.808099 0.475446 0.063380 0.012277
8 0.760563 0.475446 0.040493 0.025670
7 0.176056 0.506696 0.059859 0.011161
8 0.132042 0.506696 0.035211 0.023438
8 0.563380 0.587054 0.044014 0.034598
9 0.788732 0.616071 0.044014 0.030134
8 0.419014 0.638393 0.036972 0.023438
8 0.669014 0.643973 0.035211 0.022321
7 0.767606 0.777902 0.061620 0.013393
8 0.725352 0.777902 0.031690 0.022321
6 0.500000 0.931920 0.253521 0.046875
