56 0.676056 0.805804 0.334507 0.166295
0 0.500000 0.118304 0.218310 0.167411
3 0.797535 0.222098 0.207746 0.127232
105 0.573944 0.256696 0.119718 0.113839
117 0.475352 0.283482 0.102113 0.078125
136 0.265845 0.316964 0.105634 0.089286
45 0.144366 0.434152 0.091549 0.080357
82 0.920775 0.520089 0.158451 0.120536
64 0.322183 0.541295 0.137324 0.082589
72 0.070423 0.555804 0.140845 0.104911
59 0.464789 0.612723 0.061620 0.058036
100 0.792253 0.608259 0.130282 0.082589
89 0.947183 0.620536 0.105634 0.104911
40 0.762324 0.649554 0.130282 0.093750
138 0.427817 0.671875 0.169014 0.107143
64 0.195423 0.694196 0.158451 0.075893
2 0.200704 0.751116 0.179577 0.129464
1 0.797535 0.752232 0.169014 0.127232
0 0.500000 0.839286 0.227113 0.165179
43 0.630282 0.897321 0.095070 0.098214
129 0.209507 0.060268 0.292254 0.120536
125 0.095070 0.127232 0.137324 0.087054
94 0.843310 0.150670 0.197183 0.089286
48 0.568662 0.320312 0.130282 0.075893
7 0.859155 0.102679 0.061620 0.012277
8 0.813380 0.101562 0.040493 0.026786
4 0.809859 0.116071 0.126761 0.015625
5 0.799296 0.141741 0.149648 0.031250
8 0.573944 0.189732 0.028169 0.022321
7 0.496479 0.238839 0.061620 0.013393
8 0.450704 0.238839 0.036972 0.023438
12 0.573944 0.245536 0.052817 0.041295
7 0.286972 0.270089 0.056338 0.011161
8 0.242958 0.270089 0.040493 0.026786
8 0.568662 0.282366 0.031690 0.022321
9 0.475352 0.353795 0.068662 0.046875
8 0.144366 0.378348 0.036972 0.029018
12 0.144366 0.406250 0.036972 0.027902
7 0.982394 0.463170 0.035211 0.011161
8 0.950704 0.463170 0.033451 0.022321
8 0.035211 0.488839 0.040493 0.025670
7 0.341549 0.504464 0.063380 0.013393
8 0.295775 0.504464 0.036972 0.023438
9 0.144366 0.510045 0.033451 0.024554
8 0.964789 0.551339 0.040493 0.026786
8 0.792253 0.556920 0.035211 0.022321
7 0.781690 0.604911 0.063380 0.012277
8 0.739437 0.604911 0.033451 0.021205
7 0.448944 0.613839 0.063380 0.012277
8 0.403169 0.613839 0.035211 0.022321
12 0.964789 0.628348 0.042254 0.031250
8 0.195423 0.656250 0.028169 0.020089
9 0.964789 0.700893 0.049296 0.034598
5 0.200704 0.765625 0.156690 0.030134
5 0.799296 0.777902 0.142606 0.024554
8 0.630282 0.832589 0.044014 0.034598
