15 0.704225 0.111607 0.049296 0.035714
0 0.500000 0.116071 0.232394 0.171875
1 0.200704 0.228795 0.158451 0.113839
2 0.797535 0.219866 0.190141 0.131696
40 0.123239 0.404018 0.135563 0.091518
112 0.181338 0.486607 0.109155 0.087054
93 0.961268 0.531250 0.066901 0.053571
76 0.735915 0.522321 0.190141 0.122768
2 0.200704 0.751116 0.179577 0.129464
139 0.214789 0.831473 0.116197 0.069196
21 0.795775 0.862723 0.070423 0.044643
0 0.500000 0.849330 0.165493 0.145089
41 0.846831 0.202009 0.116197 0.116071
79 0.424296 0.683036 0.158451 0.095982
8 0.848592 0.136161 0.036972 0.023438
5 0.799296 0.140625 0.146127 0.031250
5 0.200704 0.156250 0.140845 0.027902
12 0.848592 0.207589 0.068662 0.033482
8 0.183099 0.433036 0.026408 0.021205
7 0.774648 0.457589 0.089789 0.014509
8 0.711268 0.457589 0.044014 0.034598
8 0.961268 0.500000 0.044014 0.034598
9 0.961268 0.581473 0.049296 0.037946
7 0.468310 0.629464 0.096831 0.014509
8 0.408451 0.630580 0.028169 0.020089
5 0.200704 0.787946 0.147887 0.024554
8 0.190141 0.791295 0.040493 0.026786
12 0.795775 0.825893 0.047535 0.030134
8 0.795775 0.839286 0.031690 0.022321
9 0.795775 0.910714 0.049296 0.033482
6 0.500000 0.930804 0.253521 0.046875
