87 0.144366 0.814732 0.288732 0.199777
106 0.318662 0.120536 0.165493 0.100446
55 0.700704 0.133929 0.116197 0.080357
107 0.262324 0.104911 0.137324 0.140625
0 0.500000 0.117188 0.211268 0.169643
73 0.415493 0.195312 0.105634 0.060268
3 0.200704 0.222098 0.209507 0.127232
139 0.630282 0.319196 0.109155 0.084821
141 0.628521 0.338170 0.105634 0.089286
73 0.424296 0.385045 0.091549 0.060268
121 0.697183 0.430804 0.109155 0.087054
42 0.149648 0.454241 0.073944 0.064732
122 0.257042 0.503348 0.195423 0.113839
142 0.730634 0.609375 0.088028 0.066964
120 0.250000 0.629464 0.214789 0.078125
61 0.415493 0.636161 0.088028 0.071429
23 0.154930 0.677455 0.063380 0.060268
102 0.580986 0.677455 0.218310 0.087054
3 0.797535 0.739955 0.193662 0.151786
0 0.500000 0.839286 0.227113 0.165179
94 0.096831 0.098214 0.193662 0.084821
8 0.262324 0.021205 0.035211 0.022321
7 0.056338 0.052455 0.091549 0.013393
8 0.019366 0.052455 0.038732 0.026786
8 0.318662 0.060268 0.028169 0.022321
8 0.700704 0.091518 0.035211 0.022321
4 0.211268 0.116071 0.126761 0.015625
12 0.700704 0.122768 0.035211 0.023438
8 0.415493 0.146205 0.042254 0.026786
5 0.200704 0.145089 0.154930 0.031250
9 0.262324 0.207589 0.028169 0.020089
9 0.700704 0.200893 0.054577 0.039062
8 0.609155 0.272321 0.026408 0.021205
8 0.630282 0.276786 0.040493 0.026786
7 0.438380 0.352679 0.059859 0.012277
8 0.397887 0.352679 0.028169 0.020089
8 0.697183 0.386161 0.036972 0.023438
7 0.169014 0.421875 0.056338 0.012277
8 0.126761 0.421875 0.035211 0.023438
7 0.271127 0.446429 0.063380 0.012277
8 0.225352 0.446429 0.040493 0.026786
12 0.255282 0.506696 0.038732 0.033482
7 0.750000 0.570312 0.065141 0.013393
8 0.700704 0.570312 0.040493 0.026786
7 0.265845 0.594866 0.063380 0.013393
8 0.221831 0.594866 0.035211 0.022321
8 0.390845 0.603795 0.028169 0.020089
12 0.415493 0.609375 0.042254 0.036830
7 0.177817 0.643973 0.063380 0.013393
8 0.133803 0.643973 0.033451 0.022321
9 0.415493 0.696429 0.052817 0.037946
9 0.154930 0.733259 0.051056 0.037946
5 0.797535 0.775670 0.144366 0.026786
4 0.806338 0.821429 0.112676 0.014509
147 0.235915 0.907366 0.052817 0.037946
9 0.095070 0.950893 0.044014 0.032366
