86 0.901408 0.555804 0.197183 0.168527
86 0.896127 0.705357 0.207746 0.165179
0 0.500000 0.125000 0.193662 0.154018
138 0.565141 0.176339 0.186620 0.093750
130 0.484155 0.208705 0.183099 0.136161
1 0.200704 0.223214 0.151408 0.123884
2 0.799296 0.216518 0.188380 0.138393
68 0.857394 0.315848 0.088028 0.051339
85 0.815141 0.316964 0.119718 0.098214
42 0.741197 0.340402 0.088028 0.060268
22 0.160211 0.349330 0.073944 0.058036
115 0.464789 0.351562 0.119718 0.084821
127 0.522887 0.363839 0.137324 0.091518
22 0.779930 0.443080 0.073944 0.058036
81 0.077465 0.540179 0.154930 0.082589
118 0.357394 0.543527 0.116197 0.084821
60 0.538732 0.559152 0.109155 0.058036
37 0.251761 0.573661 0.098592 0.075893
52 0.480634 0.611607 0.109155 0.051339
98 0.367958 0.608259 0.098592 0.064732
16 0.109155 0.706473 0.054577 0.044643
106 0.364437 0.677455 0.179577 0.107143
1 0.200704 0.752232 0.169014 0.127232
128 0.190141 0.773438 0.207746 0.125000
0 0.500000 0.845982 0.214789 0.152902
65 0.130282 0.316964 0.102113 0.080357
6 0.500000 0.025670 0.221831 0.044643
8 0.565141 0.112723 0.028169 0.022321
7 0.522887 0.138393 0.095070 0.010045
5 0.797535 0.131696 0.140845 0.027902
8 0.464789 0.138393 0.028169 0.022321
5 0.200704 0.145089 0.149648 0.030134
8 0.815141 0.251116 0.042254 0.026786
8 0.130282 0.279018 0.029930 0.021205
8 0.859155 0.289062 0.040493 0.026786
8 0.464789 0.294643 0.035211 0.022321
8 0.742958 0.299107 0.033451 0.022321
7 0.545775 0.314732 0.061620 0.013393
8 0.500000 0.314732 0.036972 0.023438
7 0.193662 0.323661 0.096831 0.014509
8 0.135563 0.322545 0.028169 0.020089
7 0.806338 0.415179 0.061620 0.013393
8 0.760563 0.415179 0.033451 0.022321
7 0.066901 0.497768 0.063380 0.013393
7 0.376761 0.498884 0.063380 0.013393
8 0.022887 0.497768 0.031690 0.022321
8 0.327465 0.500000 0.044014 0.034598
7 0.559859 0.531250 0.061620 0.012277
8 0.251761 0.527902 0.038732 0.026786
12 0.045775 0.526786 0.036972 0.032366
8 0.510563 0.531250 0.044014 0.034598
12 0.253521 0.571429 0.029930 0.022321
12 0.367958 0.566964 0.059859 0.036830
8 0.334507 0.573661 0.044014 0.034598
7 0.514085 0.589286 0.095070 0.010045
8 0.454225 0.588170 0.033451 0.022321
8 0.190141 0.698661 0.042254 0.026786
5 0.200704 0.774554 0.146127 0.023438
9 0.957747 0.814732 0.059859 0.045759
