56 0.577465 0.453125 0.334507 0.166295
56 0.100352 0.654018 0.200704 0.166295
0 0.500000 0.118304 0.218310 0.167411
135 0.088028 0.155134 0.144366 0.098214
90 0.288732 0.245536 0.088028 0.058036
28 0.889085 0.244420 0.116197 0.071429
1 0.200704 0.224330 0.176056 0.122768
3 0.797535 0.216518 0.218310 0.138393
117 0.528169 0.262277 0.119718 0.082589
108 0.584507 0.294643 0.091549 0.080357
90 0.244718 0.321429 0.109155 0.084821
73 0.204225 0.437500 0.098592 0.066964
97 0.642606 0.434152 0.105634 0.080357
93 0.524648 0.455357 0.070423 0.049107
137 0.630282 0.566964 0.077465 0.040179
46 0.369718 0.561384 0.088028 0.091518
51 0.806338 0.570312 0.172535 0.095982
105 0.603873 0.654018 0.133803 0.156250
110 0.463028 0.727679 0.080986 0.098214
3 0.200704 0.746652 0.190141 0.138393
3 0.797535 0.739955 0.193662 0.151786
0 0.500000 0.850446 0.214789 0.142857
150 0.586268 0.127232 0.102113 0.080357
41 0.702465 0.638393 0.179577 0.120536
4 0.809859 0.104911 0.126761 0.015625
8 0.088028 0.104911 0.042254 0.026786
10 0.304577 0.102679 0.154930 0.074777
5 0.799296 0.129464 0.146127 0.031250
5 0.200704 0.147321 0.149648 0.030134
8 0.890845 0.191964 0.029930 0.021205
8 0.288732 0.196429 0.044014 0.034598
7 0.566901 0.216518 0.093310 0.013393
8 0.507042 0.216518 0.031690 0.022321
12 0.528169 0.229911 0.040493 0.034598
9 0.088028 0.225446 0.059859 0.043527
7 0.602113 0.256696 0.061620 0.013393
8 0.559859 0.256696 0.033451 0.022321
7 0.253521 0.276786 0.033451 0.012277
8 0.221831 0.276786 0.036972 0.023438
10 0.063380 0.325893 0.103873 0.056920
8 0.644366 0.390625 0.036972 0.023438
7 0.225352 0.405134 0.065141 0.013393
8 0.183099 0.405134 0.028169 0.020089
10 0.063380 0.392857 0.091549 0.050223
8 0.524648 0.417411 0.040493 0.026786
147 0.920775 0.469866 0.045775 0.040179
8 0.369718 0.507812 0.038732 0.026786
8 0.806338 0.504464 0.044014 0.034598
8 0.630282 0.531250 0.044014 0.034598
8 0.605634 0.560268 0.026408 0.021205
8 0.704225 0.571429 0.036972 0.023438
10 0.063380 0.568080 0.082746 0.040179
7 0.471831 0.674107 0.035211 0.012277
8 0.438380 0.675223 0.042254 0.026786
10 0.063380 0.729911 0.103873 0.060268
10 0.936620 0.741071 0.096831 0.046875
5 0.797535 0.776786 0.158451 0.026786
5 0.200704 0.777902 0.144366 0.024554
4 0.806338 0.813616 0.126761 0.015625
4 0.207746 0.818080 0.126761 0.015625
6 0.500000 0.935268 0.250000 0.045759
10 0.734155 0.912946 0.179577 0.101562
