0 0.500000 0.125000 0.190141 0.154018
20 0.693662 0.256696 0.073944 0.042411
3 0.200704 0.212054 0.176056 0.147321
2 0.797535 0.219866 0.183099 0.131696
42 0.640845 0.280134 0.082746 0.064732
16 0.309859 0.319196 0.052817 0.044643
61 0.698944 0.431920 0.098592 0.075893
103 0.334507 0.630580 0.126761 0.082589
133 0.413732 0.631696 0.158451 0.084821
45 0.750000 0.643973 0.088028 0.075893
89 0.698944 0.677455 0.105634 0.102679
70 0.084507 0.752232 0.080986 0.060268
2 0.797535 0.743304 0.176056 0.145089
71 0.165493 0.830357 0.091549 0.066964
0 0.500000 0.850446 0.190141 0.142857
84 0.147887 0.356027 0.140845 0.080357
48 0.531690 0.439732 0.116197 0.075893
94 0.098592 0.646205 0.144366 0.098214
36 0.839789 0.726562 0.320423 0.220982
94 0.072183 0.896205 0.144366 0.055804
4 0.211268 0.098214 0.112676 0.013393
5 0.200704 0.123884 0.154930 0.031250
5 0.799296 0.138393 0.146127 0.035714
8 0.693662 0.223214 0.029930 0.021205
8 0.640845 0.234375 0.029930 0.021205
12 0.640845 0.270089 0.042254 0.026786
7 0.341549 0.295759 0.093310 0.013393
8 0.285211 0.295759 0.033451 0.022321
7 0.158451 0.319196 0.033451 0.012277
8 0.126761 0.319196 0.036972 0.029018
12 0.147887 0.354911 0.024648 0.023438
8 0.700704 0.381696 0.033451 0.022321
7 0.551056 0.404018 0.059859 0.012277
8 0.505282 0.405134 0.042254 0.026786
7 0.429577 0.589286 0.061620 0.012277
7 0.369718 0.593750 0.093310 0.013393
8 0.385563 0.589286 0.031690 0.022321
7 0.117958 0.599330 0.066901 0.013393
8 0.306338 0.593750 0.040493 0.026786
7 0.760563 0.602679 0.033451 0.012277
8 0.073944 0.599330 0.033451 0.022321
8 0.734155 0.602679 0.028169 0.022321
7 0.735915 0.623884 0.091549 0.013393
8 0.679577 0.623884 0.028169 0.022321
12 0.750000 0.618304 0.038732 0.032366
12 0.698944 0.660714 0.049296 0.044643
8 0.084507 0.712054 0.026408 0.021205
5 0.797535 0.785714 0.137324 0.022321
7 0.186620 0.791295 0.059859 0.011161
8 0.144366 0.792411 0.033451 0.021205
7 0.059859 0.870536 0.061620 0.014509
8 0.021127 0.870536 0.026408 0.021205
