0 0.500000 0.126116 0.183099 0.151786
3 0.200704 0.220982 0.144366 0.129464
2 0.797535 0.219866 0.214789 0.131696
90 0.519366 0.666295 0.102113 0.071429
109 0.632042 0.755580 0.052817 0.062500
3 0.200704 0.739955 0.193662 0.151786
3 0.797535 0.739955 0.193662 0.151786
0 0.500000 0.839286 0.227113 0.165179
129 0.352113 0.094866 0.382042 0.162946
4 0.211268 0.113839 0.126761 0.015625
5 0.200704 0.136161 0.139085 0.027902
5 0.797535 0.139509 0.154930 0.031250
147 0.964789 0.418527 0.049296 0.040179
7 0.538732 0.629464 0.066901 0.013393
8 0.496479 0.629464 0.026408 0.021205
8 0.633803 0.720982 0.026408 0.021205
9 0.521127 0.736607 0.047535 0.036830
5 0.200704 0.768973 0.153169 0.024554
5 0.797535 0.783482 0.158451 0.025670
4 0.806338 0.812500 0.126761 0.015625
4 0.209507 0.813616 0.126761 0.015625
