151 0.679577 0.102679 0.447183 0.205357
101 0.679577 0.093750 0.207746 0.089286
42 0.422535 0.196429 0.073944 0.064732
1 0.797535 0.223214 0.151408 0.123884
141 0.871479 0.281250 0.126761 0.113839
141 0.686620 0.372768 0.098592 0.089286
75 0.205986 0.491071 0.144366 0.093750
112 0.191901 0.511161 0.102113 0.102679
114 0.797535 0.536830 0.144366 0.093750
97 0.940141 0.577009 0.109155 0.078125
71 0.714789 0.582589 0.066901 0.084821
135 0.147887 0.606027 0.161972 0.131696
21 0.794014 0.666295 0.077465 0.046875
37 0.362676 0.725446 0.086268 0.068080
1 0.200704 0.753348 0.147887 0.125000
2 0.797535 0.743304 0.176056 0.145089
0 0.500000 0.850446 0.190141 0.142857
26 0.084507 0.322545 0.167254 0.136161
14 0.679577 0.030134 0.070423 0.013393
8 0.679577 0.037946 0.042254 0.026786
12 0.679577 0.069196 0.049296 0.039062
5 0.797535 0.145089 0.154930 0.032366
9 0.679577 0.165179 0.065141 0.050223
8 0.873239 0.212054 0.033451 0.022321
8 0.686620 0.314732 0.042254 0.026786
7 0.227113 0.439732 0.063380 0.013393
8 0.184859 0.439732 0.028169 0.020089
8 0.193662 0.453125 0.036972 0.023438
8 0.799296 0.479911 0.029930 0.021205
12 0.191901 0.516741 0.028169 0.024554
8 0.147887 0.524554 0.026408 0.021205
8 0.714789 0.530134 0.028169 0.020089
7 0.957747 0.537946 0.061620 0.014509
8 0.915493 0.537946 0.026408 0.021205
9 0.191901 0.600446 0.049296 0.035714
8 0.362676 0.689732 0.028169 0.022321
9 0.147887 0.694196 0.066901 0.049107
5 0.200704 0.771205 0.156690 0.026786
5 0.799296 0.787946 0.142606 0.023438
