0 0.500000 0.123884 0.197183 0.156250
2 0.200704 0.219866 0.176056 0.131696
66 0.251761 0.342634 0.105634 0.071429
75 0.200704 0.324777 0.080986 0.116071
104 0.477113 0.383929 0.080986 0.051339
143 0.799296 0.391741 0.080986 0.046875
95 0.316901 0.404018 0.126761 0.066964
136 0.420775 0.562500 0.095070 0.091518
103 0.269366 0.652902 0.154930 0.084821
17 0.045775 0.732143 0.091549 0.049107
1 0.200704 0.761161 0.161972 0.109375
1 0.799296 0.750000 0.181338 0.131696
0 0.500000 0.850446 0.214789 0.142857
94 0.640845 0.715402 0.186620 0.087054
6 0.500000 0.022321 0.221831 0.044643
5 0.200704 0.136161 0.149648 0.030134
8 0.478873 0.354911 0.029930 0.021205
7 0.806338 0.363839 0.033451 0.012277
8 0.778169 0.363839 0.031690 0.022321
7 0.323944 0.370536 0.033451 0.012277
12 0.478873 0.364955 0.033451 0.024554
8 0.292254 0.369420 0.040493 0.026786
8 0.420775 0.502232 0.028169 0.020089
12 0.420775 0.555804 0.035211 0.033482
7 0.304577 0.609375 0.091549 0.012277
8 0.242958 0.609375 0.044014 0.034598
8 0.640845 0.655134 0.028169 0.022321
12 0.026408 0.685268 0.052817 0.041295
5 0.200704 0.761161 0.156690 0.025670
9 0.024648 0.781250 0.049296 0.036830
5 0.799296 0.787946 0.146127 0.024554
