87 0.839789 0.517857 0.320423 0.198661
0 0.500000 0.125000 0.186620 0.154018
59 0.301056 0.203125 0.077465 0.051339
138 0.670775 0.199777 0.169014 0.109375
2 0.200704 0.219866 0.177817 0.131696
3 0.797535 0.210938 0.165493 0.149554
139 0.646127 0.302455 0.112676 0.066964
52 0.746479 0.410714 0.098592 0.064732
144 0.514085 0.635045 0.102113 0.066964
2 0.200704 0.731027 0.179577 0.169643
42 0.644366 0.802455 0.088028 0.058036
0 0.500000 0.847098 0.200704 0.149554
69 0.885563 0.637277 0.228873 0.120536
4 0.809859 0.093750 0.123239 0.015625
5 0.797535 0.120536 0.140845 0.027902
8 0.672535 0.136161 0.040493 0.025670
5 0.200704 0.140625 0.151408 0.031250
7 0.669014 0.273438 0.066901 0.013393
12 0.647887 0.265625 0.040493 0.030134
8 0.625000 0.273438 0.028169 0.020089
8 0.746479 0.363839 0.026408 0.021205
9 0.647887 0.357143 0.065141 0.044643
12 0.746479 0.377232 0.031690 0.023438
8 0.514085 0.602679 0.029930 0.021205
5 0.200704 0.770089 0.142606 0.023438
7 0.660211 0.776786 0.063380 0.012277
8 0.612676 0.776786 0.044014 0.034598
9 0.644366 0.866071 0.054577 0.039062
6 0.500000 0.929688 0.253521 0.046875
