119 0.813380 0.137277 0.373239 0.227679
17 0.947183 0.091518 0.084507 0.053571
138 0.702465 0.113839 0.176056 0.111607
0 0.500000 0.125000 0.186620 0.154018
121 0.954225 0.176339 0.091549 0.089286
21 0.413732 0.270089 0.059859 0.049107
66 0.253521 0.268973 0.105634 0.071429
122 0.580986 0.248884 0.198944 0.116071
52 0.786972 0.309152 0.098592 0.064732
146 0.100352 0.343750 0.109155 0.100446
102 0.860915 0.377232 0.218310 0.087054
89 0.262324 0.395089 0.105634 0.102679
40 0.755282 0.429688 0.133803 0.093750
111 0.213028 0.445312 0.147887 0.113839
109 0.396127 0.522321 0.105634 0.051339
75 0.315141 0.512277 0.077465 0.093750
103 0.079225 0.529018 0.158451 0.078125
42 0.755282 0.592634 0.073944 0.064732
67 0.257042 0.593750 0.112676 0.078125
85 0.750000 0.638393 0.102113 0.111607
55 0.644366 0.744420 0.133803 0.071429
2 0.200704 0.748884 0.151408 0.133929
0 0.500000 0.834821 0.228873 0.174107
57 0.480634 0.125000 0.609155 0.250000
65 0.929577 0.366071 0.116197 0.095982
8 0.947183 0.058036 0.038732 0.026786
7 0.977113 0.131696 0.045775 0.013393
8 0.941901 0.131696 0.035211 0.022321
8 0.580986 0.178571 0.026408 0.021205
8 0.413732 0.236607 0.042254 0.026786
8 0.788732 0.272321 0.029930 0.021205
8 0.102113 0.279018 0.029930 0.021205
7 0.950704 0.314732 0.061620 0.012277
8 0.910211 0.313616 0.028169 0.022321
12 0.929577 0.337054 0.047535 0.044643
8 0.757042 0.379464 0.026408 0.021205
8 0.214789 0.378348 0.040493 0.026786
9 0.929577 0.455357 0.040493 0.030134
8 0.316901 0.466518 0.029930 0.021205
8 0.038732 0.486607 0.033451 0.022321
7 0.422535 0.495536 0.065141 0.012277
8 0.376761 0.495536 0.036972 0.023438
7 0.274648 0.550223 0.061620 0.013393
8 0.228873 0.550223 0.040493 0.026786
8 0.757042 0.553571 0.026408 0.021205
8 0.750000 0.582589 0.035211 0.023438
8 0.644366 0.697545 0.035211 0.022321
9 0.750000 0.729911 0.040493 0.030134
5 0.200704 0.763393 0.146127 0.023438
