56 0.302817 0.566964 0.334507 0.166295
123 0.778169 0.121652 0.227113 0.102679
0 0.500000 0.125000 0.193662 0.154018
3 0.797535 0.219866 0.154930 0.131696
63 0.387324 0.313616 0.095070 0.058036
73 0.727113 0.362723 0.109155 0.060268
115 0.473592 0.633929 0.116197 0.073661
3 0.200704 0.743304 0.183099 0.145089
3 0.797535 0.763393 0.130282 0.104911
0 0.500000 0.842634 0.239437 0.158482
21 0.582747 0.917411 0.059859 0.049107
41 0.313380 0.069196 0.137324 0.129464
54 0.711268 0.585938 0.147887 0.104911
8 0.313380 0.011161 0.028169 0.022321
8 0.778169 0.065848 0.035211 0.022321
12 0.313380 0.087054 0.040493 0.030134
4 0.809859 0.111607 0.126761 0.015625
10 0.255282 0.104911 0.126761 0.071429
5 0.797535 0.136161 0.151408 0.030134
10 0.936620 0.257812 0.096831 0.055804
8 0.387324 0.279018 0.028169 0.020089
10 0.063380 0.311384 0.093310 0.044643
7 0.735915 0.332589 0.033451 0.012277
8 0.700704 0.332589 0.042254 0.026786
9 0.387324 0.377232 0.052817 0.037946
8 0.475352 0.595982 0.036972 0.023438
10 0.063380 0.623884 0.100352 0.051339
10 0.934859 0.676339 0.105634 0.059152
5 0.797535 0.767857 0.154930 0.027902
5 0.200704 0.781250 0.149648 0.024554
4 0.804577 0.810268 0.126761 0.015625
4 0.211268 0.820312 0.123239 0.015625
12 0.584507 0.869420 0.044014 0.037946
7 0.616197 0.890625 0.093310 0.012277
8 0.554577 0.889509 0.035211 0.022321
6 0.500000 0.939732 0.253521 0.046875
10 0.750000 0.917411 0.181338 0.093750
9 0.582747 0.970982 0.059859 0.044643
