0 0.500000 0.118304 0.214789 0.167411
138 0.690141 0.191964 0.169014 0.109375
3 0.200704 0.220982 0.144366 0.129464
2 0.797535 0.218750 0.179577 0.133929
117 0.419014 0.322545 0.119718 0.078125
93 0.852113 0.392857 0.070423 0.049107
74 0.852113 0.529018 0.095070 0.066964
2 0.200704 0.751116 0.179577 0.129464
29 0.635563 0.809152 0.147887 0.069196
0 0.500000 0.845982 0.221831 0.151786
115 0.507042 0.897321 0.102113 0.095982
129 0.477113 0.808036 0.186620 0.103795
6 0.500000 0.022321 0.221831 0.044643
4 0.211268 0.113839 0.126761 0.015625
8 0.690141 0.125000 0.040493 0.025670
5 0.200704 0.136161 0.139085 0.027902
5 0.797535 0.140625 0.161972 0.034598
9 0.690141 0.267857 0.054577 0.041295
8 0.419014 0.279018 0.026408 0.021205
8 0.852113 0.361607 0.026408 0.021205
8 0.852113 0.487723 0.031690 0.022321
147 0.436620 0.745536 0.056338 0.040179
5 0.200704 0.771205 0.153169 0.024554
7 0.665493 0.779018 0.091549 0.012277
8 0.605634 0.779018 0.040493 0.026786
12 0.637324 0.783482 0.040493 0.039062
8 0.507042 0.842634 0.033451 0.022321
9 0.635563 0.864955 0.070423 0.051339
6 0.500000 0.939732 0.248239 0.045759
9 0.507042 0.974330 0.059859 0.044643
