0 0.500000 0.123884 0.197183 0.156250
40 0.084507 0.178571 0.126761 0.082589
2 0.200704 0.219866 0.177817 0.131696
2 0.797535 0.219866 0.190141 0.131696
106 0.637324 0.244420 0.165493 0.100446
123 0.369718 0.276786 0.220070 0.109375
136 0.739437 0.286830 0.130282 0.091518
30 0.797535 0.361607 0.098592 0.051339
38 0.521127 0.446429 0.098592 0.054688
143 0.302817 0.444196 0.077465 0.060268
96 0.797535 0.464286 0.140845 0.069196
34 0.839789 0.674107 0.183099 0.037946
15 0.040493 0.766741 0.059859 0.040179
2 0.797535 0.751116 0.179577 0.129464
89 0.251761 0.782366 0.105634 0.102679
80 0.748239 0.858259 0.112676 0.075893
27 0.086268 0.234375 0.151408 0.097098
84 0.929577 0.296875 0.140845 0.080357
129 0.575704 0.316964 0.323944 0.151786
6 0.500000 0.025670 0.235915 0.037946
8 0.084507 0.130580 0.040493 0.026786
5 0.200704 0.138393 0.137324 0.026786
5 0.799296 0.138393 0.146127 0.029018
8 0.637324 0.178571 0.044014 0.034598
7 0.408451 0.216518 0.089789 0.012277
8 0.346831 0.217634 0.038732 0.026786
8 0.739437 0.223214 0.038732 0.026786
7 0.982394 0.252232 0.035211 0.014509
8 0.957747 0.252232 0.026408 0.021205
12 0.369718 0.267857 0.044014 0.027902
8 0.799296 0.334821 0.026408 0.021205
9 0.369718 0.351562 0.061620 0.044643
9 0.739437 0.356027 0.058099 0.042411
7 0.327465 0.408482 0.061620 0.014509
8 0.281690 0.408482 0.035211 0.022321
7 0.545775 0.418527 0.065141 0.013393
8 0.507042 0.417411 0.026408 0.021205
7 0.820423 0.425223 0.061620 0.013393
8 0.779930 0.425223 0.028169 0.020089
9 0.521127 0.498884 0.054577 0.040179
8 0.841549 0.636161 0.040493 0.025670
8 0.251761 0.724330 0.028169 0.022321
7 0.063380 0.745536 0.061620 0.013393
8 0.021127 0.745536 0.029930 0.021205
5 0.797535 0.785714 0.158451 0.025670
12 0.251761 0.792411 0.024648 0.020089
7 0.764085 0.824777 0.063380 0.011161
8 0.723592 0.824777 0.028169 0.020089
9 0.251761 0.866071 0.052817 0.039062
