50 0.258803 0.261161 0.394366 0.199777
0 0.500000 0.120536 0.188380 0.164062
35 0.519366 0.197545 0.080986 0.051339
2 0.200704 0.219866 0.177817 0.131696
2 0.797535 0.219866 0.190141 0.131696
143 0.533451 0.287946 0.088028 0.042411
105 0.635563 0.287946 0.190141 0.102679
43 0.366197 0.324777 0.102113 0.089286
135 0.786972 0.324777 0.165493 0.127232
22 0.723592 0.388393 0.084507 0.049107
82 0.308099 0.362723 0.154930 0.122768
117 0.088028 0.417411 0.098592 0.075893
139 0.214789 0.434152 0.130282 0.091518
82 0.190141 0.496652 0.158451 0.120536
16 0.352113 0.541295 0.045775 0.040179
130 0.903169 0.648438 0.144366 0.107143
51 0.526408 0.681920 0.190141 0.091518
34 0.336268 0.775670 0.179577 0.044643
1 0.797535 0.744420 0.186620 0.142857
139 0.857394 0.829241 0.126761 0.078125
0 0.500000 0.852679 0.172535 0.137277
41 0.144366 0.063616 0.137324 0.127232
48 0.595070 0.304688 0.112676 0.069196
65 0.815141 0.552455 0.105634 0.078125
8 0.144366 0.010045 0.028169 0.020089
5 0.799296 0.136161 0.139085 0.027902
5 0.200704 0.140625 0.154930 0.032366
8 0.521127 0.159598 0.036972 0.029018
7 0.670775 0.229911 0.091549 0.012277
8 0.614437 0.231027 0.028169 0.020089
8 0.595070 0.254464 0.028169 0.020089
7 0.809859 0.263393 0.061620 0.013393
8 0.764085 0.263393 0.038732 0.026786
8 0.366197 0.264509 0.042254 0.026786
8 0.308099 0.284598 0.031690 0.022321
8 0.725352 0.361607 0.026408 0.021205
7 0.098592 0.383929 0.033451 0.012277
8 0.070423 0.383929 0.029930 0.021205
8 0.214789 0.381696 0.040493 0.025670
7 0.216549 0.433036 0.063380 0.012277
8 0.172535 0.433036 0.036972 0.023438
12 0.190141 0.495536 0.038732 0.027902
7 0.830986 0.511161 0.061620 0.014509
7 0.369718 0.520089 0.065141 0.012277
8 0.785211 0.511161 0.036972 0.029018
8 0.323944 0.520089 0.036972 0.029018
8 0.904930 0.580357 0.036972 0.023438
9 0.190141 0.591518 0.051056 0.039062
8 0.526408 0.626116 0.035211 0.022321
9 0.815141 0.616071 0.066901 0.049107
12 0.528169 0.683036 0.044014 0.027902
5 0.799296 0.774554 0.156690 0.026786
