86 0.272887 0.754464 0.341549 0.168527
20 0.913732 0.276786 0.059859 0.049107
89 0.401408 0.275670 0.105634 0.104911
123 0.860915 0.329241 0.242958 0.107143
22 0.089789 0.532366 0.080986 0.051339
143 0.204225 0.622768 0.080986 0.046875
130 0.070423 0.702009 0.140845 0.125000
114 0.908451 0.739955 0.154930 0.089286
2 0.797535 0.751116 0.179577 0.129464
53 0.760563 0.847098 0.056338 0.033482
24 0.894366 0.170759 0.070423 0.033482
48 0.707747 0.501116 0.112676 0.064732
26 0.362676 0.542411 0.279930 0.136161
125 0.292254 0.765625 0.151408 0.091518
91 0.621479 0.820312 0.144366 0.087054
12 0.894366 0.137277 0.033451 0.031250
8 0.894366 0.151786 0.033451 0.022321
8 0.401408 0.208705 0.033451 0.022321
9 0.894366 0.218750 0.045775 0.033482
8 0.913732 0.248884 0.028169 0.020089
7 0.883803 0.272321 0.065141 0.012277
8 0.836268 0.272321 0.038732 0.026786
8 0.707747 0.463170 0.028169 0.022321
8 0.091549 0.500000 0.036972 0.023438
9 0.091549 0.573661 0.068662 0.052455
7 0.228873 0.595982 0.063380 0.012277
8 0.186620 0.597098 0.031690 0.022321
7 0.077465 0.640625 0.093310 0.012277
8 0.021127 0.640625 0.026408 0.021205
9 0.204225 0.674107 0.052817 0.039062
7 0.927817 0.689732 0.059859 0.012277
8 0.887324 0.690848 0.031690 0.022321
7 0.639085 0.777902 0.063380 0.013393
8 0.591549 0.777902 0.040493 0.026786
5 0.797535 0.783482 0.154930 0.021205
12 0.760563 0.808036 0.035211 0.026786
7 0.781690 0.827009 0.065141 0.013393
8 0.735915 0.827009 0.035211 0.022321
9 0.623239 0.895089 0.044014 0.032366
9 0.760563 0.899554 0.049296 0.036830
