72 0.195423 0.123884 0.137324 0.095982
1 0.200704 0.214286 0.193662 0.142857
3 0.797535 0.222098 0.154930 0.127232
103 0.894366 0.359375 0.169014 0.073661
34 0.815141 0.565848 0.179577 0.044643
63 0.639085 0.660714 0.095070 0.058036
3 0.200704 0.739955 0.193662 0.151786
1 0.797535 0.753348 0.147887 0.125000
118 0.128521 0.831473 0.077465 0.091518
0 0.500000 0.839286 0.227113 0.165179
150 0.510563 0.215402 0.088028 0.073661
26 0.778169 0.830357 0.278169 0.137277
7 0.218310 0.078125 0.061620 0.014509
8 0.172535 0.078125 0.036972 0.023438
4 0.809859 0.116071 0.126761 0.015625
5 0.200704 0.128348 0.151408 0.029018
5 0.797535 0.140625 0.140845 0.027902
8 0.894366 0.302455 0.036972 0.029018
9 0.894366 0.419643 0.054577 0.039062
8 0.639085 0.626116 0.038732 0.026786
12 0.639085 0.640625 0.056338 0.039062
9 0.640845 0.723214 0.033451 0.024554
5 0.200704 0.765625 0.160211 0.025670
8 0.128521 0.773438 0.042254 0.026786
5 0.799296 0.782366 0.139085 0.022321
4 0.207746 0.810268 0.126761 0.015625
12 0.130282 0.832589 0.033451 0.027902
