0 0.500000 0.122768 0.183099 0.158482
3 0.200704 0.216518 0.218310 0.138393
2 0.797535 0.219866 0.183099 0.131696
144 0.577465 0.296875 0.126761 0.070312
145 0.205986 0.332589 0.091549 0.062500
143 0.376761 0.401786 0.088028 0.042411
28 0.688380 0.449777 0.144366 0.064732
71 0.801056 0.536830 0.066901 0.109375
34 0.904930 0.707589 0.188380 0.040179
2 0.797535 0.748884 0.161972 0.133929
0 0.500000 0.850446 0.214789 0.142857
116 0.301056 0.801339 0.098592 0.069196
65 0.417254 0.844866 0.123239 0.091518
4 0.211268 0.104911 0.126761 0.015625
5 0.200704 0.133929 0.144366 0.030134
5 0.799296 0.137277 0.146127 0.029018
8 0.577465 0.254464 0.029930 0.021205
8 0.667253 0.420759 0.028169 0.022321
12 0.688380 0.417411 0.045775 0.036830
8 0.801056 0.467634 0.028169 0.020089
9 0.690141 0.520089 0.047535 0.032366
7 0.950704 0.687500 0.093310 0.012277
8 0.887324 0.687500 0.040493 0.026786
5 0.797535 0.783482 0.161972 0.025670
