0 0.500000 0.112723 0.228873 0.178571
30 0.632042 0.219866 0.091549 0.051339
2 0.200704 0.219866 0.177817 0.131696
1 0.797535 0.218750 0.221831 0.132812
124 0.536972 0.281250 0.095070 0.058036
139 0.258803 0.330357 0.112676 0.066964
19 0.572183 0.372768 0.077465 0.040179
141 0.521127 0.364955 0.151408 0.102679
117 0.695423 0.387277 0.119718 0.082589
145 0.804577 0.549107 0.102113 0.049107
103 0.536972 0.575893 0.095070 0.084821
139 0.350352 0.637277 0.130282 0.091518
122 0.308099 0.702009 0.204225 0.111607
3 0.797535 0.743304 0.183099 0.145089
135 0.103873 0.810268 0.123239 0.082589
0 0.500000 0.842634 0.239437 0.158482
5 0.797535 0.133929 0.144366 0.029018
5 0.200704 0.137277 0.146127 0.029018
8 0.633803 0.194196 0.029930 0.021205
8 0.538732 0.241071 0.026408 0.021205
7 0.297535 0.299107 0.091549 0.012277
8 0.235915 0.299107 0.040493 0.026786
7 0.542253 0.315848 0.065141 0.013393
8 0.498239 0.315848 0.028169 0.022321
8 0.697183 0.328125 0.036972 0.029018
8 0.536972 0.520089 0.028169 0.022321
12 0.806338 0.524554 0.036972 0.024554
12 0.536972 0.570312 0.045775 0.035714
7 0.362676 0.589286 0.033451 0.012277
8 0.330986 0.589286 0.033451 0.021205
9 0.804577 0.604911 0.035211 0.026786
12 0.350352 0.617188 0.031690 0.024554
7 0.330986 0.647321 0.063380 0.013393
8 0.285211 0.647321 0.040493 0.025670
9 0.536972 0.651786 0.056338 0.036830
5 0.799296 0.765625 0.146127 0.023438
8 0.103873 0.770089 0.035211 0.022321
4 0.804577 0.820312 0.126761 0.015625
