151 0.179577 0.513393 0.359155 0.225446
2 0.200704 0.219866 0.214789 0.131696
139 0.420775 0.296875 0.133803 0.075893
124 0.783451 0.438616 0.077465 0.062500
143 0.867958 0.464286 0.088028 0.042411
40 0.260563 0.506696 0.144366 0.078125
101 0.137324 0.513393 0.207746 0.089286
134 0.174296 0.512277 0.190141 0.149554
122 0.526408 0.561384 0.204225 0.100446
139 0.515845 0.656250 0.126761 0.078125
19 0.040493 0.686384 0.080986 0.040179
105 0.202465 0.677455 0.186620 0.100446
74 0.301056 0.751116 0.084507 0.060268
1 0.200704 0.753348 0.147887 0.125000
3 0.797535 0.746652 0.190141 0.138393
132 0.711268 0.809152 0.158451 0.102679
130 0.260563 0.810268 0.140845 0.125000
0 0.500000 0.847098 0.228873 0.149554
69 0.595070 0.556920 0.105634 0.071429
25 0.130282 0.655134 0.123239 0.033482
48 0.359155 0.786830 0.105634 0.087054
5 0.200704 0.142857 0.149648 0.036830
7 0.457746 0.258929 0.093310 0.012277
8 0.401408 0.257812 0.028169 0.022321
12 0.422535 0.279018 0.061620 0.030134
7 0.190141 0.437500 0.063380 0.013393
8 0.149648 0.437500 0.028169 0.020089
7 0.906690 0.444196 0.091549 0.012277
14 0.137324 0.449777 0.073944 0.013393
8 0.845070 0.444196 0.040493 0.025670
7 0.292254 0.464286 0.091549 0.014509
7 0.140845 0.468750 0.033451 0.011161
8 0.235915 0.464286 0.031690 0.022321
8 0.109155 0.468750 0.036972 0.029018
12 0.260563 0.472098 0.058099 0.042411
7 0.556338 0.508929 0.093310 0.012277
8 0.500000 0.508929 0.029930 0.021205
9 0.260563 0.582589 0.035211 0.025670
7 0.221831 0.629464 0.061620 0.013393
8 0.181338 0.629464 0.028169 0.022321
7 0.147887 0.641741 0.065141 0.013393
8 0.102113 0.641741 0.035211 0.022321
8 0.301056 0.707589 0.042254 0.026786
8 0.359155 0.737723 0.028169 0.022321
7 0.278169 0.751116 0.063380 0.013393
8 0.239437 0.752232 0.026408 0.021205
7 0.721831 0.756696 0.033451 0.012277
8 0.693662 0.756696 0.028169 0.022321
12 0.359155 0.773438 0.022887 0.020089
5 0.200704 0.774554 0.137324 0.022321
5 0.799296 0.783482 0.139085 0.022321
4 0.808099 0.812500 0.112676 0.014509
12 0.260563 0.812500 0.061620 0.034598
9 0.301056 0.813616 0.052817 0.035714
6 0.500000 0.939732 0.253521 0.046875
