151 0.778169 0.484375 0.443662 0.225446
0 0.500000 0.125000 0.186620 0.154018
46 0.903169 0.165179 0.098592 0.098214
22 0.556338 0.220982 0.084507 0.058036
2 0.200704 0.219866 0.177817 0.131696
138 0.630282 0.279018 0.137324 0.113839
144 0.464789 0.332589 0.105634 0.064732
81 0.077465 0.328125 0.154930 0.082589
133 0.908451 0.333705 0.109155 0.116071
68 0.792253 0.344866 0.119718 0.095982
135 0.531690 0.343750 0.137324 0.104911
124 0.468310 0.385045 0.089789 0.073661
149 0.211268 0.448661 0.105634 0.102679
101 0.778169 0.484375 0.144366 0.098214
23 0.795775 0.580357 0.056338 0.055804
58 0.591549 0.616071 0.123239 0.073661
132 0.616197 0.648438 0.151408 0.100446
67 0.436620 0.736607 0.112676 0.078125
2 0.200704 0.743304 0.176056 0.145089
76 0.790493 0.827009 0.193662 0.113839
0 0.500000 0.834821 0.272887 0.175223
69 0.121479 0.055804 0.242958 0.111607
69 0.246479 0.159598 0.274648 0.136161
7 0.915493 0.109375 0.033451 0.012277
8 0.887324 0.110491 0.028169 0.020089
5 0.200704 0.136161 0.151408 0.030134
12 0.903169 0.156250 0.028169 0.027902
7 0.667253 0.223214 0.095070 0.010045
8 0.610915 0.222098 0.028169 0.022321
9 0.904930 0.238839 0.051056 0.037946
8 0.908451 0.264509 0.031690 0.022321
7 0.059859 0.283482 0.061620 0.013393
8 0.017606 0.283482 0.026408 0.021205
7 0.823944 0.294643 0.093310 0.012277
7 0.554577 0.295759 0.063380 0.011161
8 0.514085 0.296875 0.026408 0.021205
8 0.760563 0.294643 0.042254 0.026786
8 0.464789 0.302455 0.031690 0.022321
12 0.531690 0.327009 0.049296 0.031250
12 0.792253 0.332589 0.031690 0.025670
12 0.908451 0.348214 0.031690 0.017857
9 0.464789 0.385045 0.059859 0.044643
14 0.778169 0.417411 0.073944 0.013393
9 0.908451 0.412946 0.063380 0.049107
8 0.778169 0.436384 0.028169 0.020089
153 0.973592 0.464286 0.052817 0.033482
12 0.778169 0.491071 0.036972 0.030134
9 0.778169 0.560268 0.049296 0.036830
8 0.572183 0.581473 0.035211 0.022321
8 0.616197 0.582589 0.036972 0.023438
147 0.529930 0.625000 0.045775 0.040179
8 0.436620 0.688616 0.031690 0.022321
9 0.616197 0.720982 0.070423 0.050223
7 0.795775 0.767857 0.033451 0.012277
8 0.762324 0.767857 0.035211 0.022321
5 0.200704 0.776786 0.160211 0.027902
