50 0.193662 0.062500 0.387324 0.125000
119 0.413732 0.533482 0.450704 0.227679
15 0.940141 0.149554 0.049296 0.037946
0 0.500000 0.117188 0.200704 0.169643
22 0.531690 0.187500 0.070423 0.064732
2 0.200704 0.218750 0.179577 0.133929
105 0.579225 0.251116 0.179577 0.109375
28 0.420775 0.268973 0.116197 0.082589
19 0.040493 0.302455 0.080986 0.040179
49 0.128521 0.312500 0.105634 0.089286
135 0.419014 0.330357 0.176056 0.100446
34 0.892606 0.360491 0.214789 0.049107
102 0.375000 0.344866 0.133803 0.131696
37 0.616197 0.415179 0.117958 0.059152
76 0.794014 0.415179 0.109155 0.127232
47 0.542253 0.525670 0.123239 0.095982
99 0.757042 0.562500 0.098592 0.055804
98 0.531690 0.573661 0.096831 0.070312
102 0.325704 0.689732 0.140845 0.122768
43 0.695423 0.737723 0.098592 0.084821
2 0.200704 0.743304 0.176056 0.145089
3 0.797535 0.746652 0.190141 0.138393
0 0.500000 0.850446 0.190141 0.142857
12 0.940141 0.107143 0.061620 0.041295
7 0.957747 0.125000 0.058099 0.011161
8 0.915493 0.125000 0.033451 0.021205
10 0.304577 0.107143 0.140845 0.068080
5 0.200704 0.133929 0.151408 0.030134
8 0.531690 0.152902 0.042254 0.026786
10 0.934859 0.181920 0.091549 0.042411
8 0.579225 0.194196 0.035211 0.022321
7 0.137324 0.266741 0.033451 0.013393
8 0.103873 0.266741 0.042254 0.026786
7 0.397887 0.275670 0.065141 0.013393
8 0.352113 0.275670 0.036972 0.029018
7 0.440141 0.285714 0.063380 0.012277
8 0.399648 0.284598 0.028169 0.022321
8 0.973592 0.332589 0.042254 0.026786
9 0.579225 0.342634 0.045775 0.033482
7 0.813380 0.354911 0.063380 0.014509
8 0.767606 0.354911 0.035211 0.022321
8 0.616197 0.380580 0.033451 0.022321
7 0.549296 0.472098 0.033451 0.011161
8 0.521127 0.472098 0.031690 0.022321
7 0.771127 0.531250 0.059859 0.012277
8 0.732394 0.530134 0.028169 0.022321
7 0.552817 0.542411 0.061620 0.014509
8 0.510563 0.542411 0.033451 0.022321
153 0.221831 0.565848 0.049296 0.035714
10 0.063380 0.578125 0.086268 0.043527
7 0.346831 0.631696 0.063380 0.014509
8 0.299296 0.631696 0.042254 0.026786
9 0.531690 0.636161 0.061620 0.043527
7 0.720070 0.696429 0.063380 0.013393
8 0.672535 0.696429 0.040493 0.026786
10 0.936620 0.717634 0.096831 0.049107
12 0.697183 0.736607 0.051056 0.032366
5 0.200704 0.763393 0.153169 0.027902
5 0.799296 0.784598 0.149648 0.024554
153 0.897887 0.783482 0.045775 0.035714
4 0.808099 0.816964 0.123239 0.015625
9 0.697183 0.809152 0.051056 0.037946
6 0.500000 0.929688 0.246479 0.044643
10 0.742958 0.928571 0.126761 0.071429
