0 0.500000 0.125000 0.190141 0.154018
20 0.582747 0.257812 0.059859 0.049107
1 0.797535 0.218750 0.221831 0.132812
67 0.195423 0.304688 0.112676 0.078125
149 0.404930 0.339286 0.105634 0.102679
135 0.536972 0.349330 0.123239 0.093750
124 0.198944 0.389509 0.077465 0.062500
42 0.595070 0.552455 0.077465 0.066964
49 0.309859 0.737723 0.098592 0.080357
111 0.913732 0.746652 0.154930 0.120536
118 0.375000 0.766741 0.105634 0.082589
3 0.200704 0.743304 0.183099 0.145089
2 0.797535 0.738839 0.172535 0.154018
103 0.359155 0.879464 0.144366 0.080357
0 0.500000 0.847098 0.200704 0.149554
6 0.500000 0.029018 0.235915 0.037946
5 0.799296 0.136161 0.146127 0.029018
7 0.591549 0.236607 0.033451 0.011161
8 0.561620 0.236607 0.031690 0.022321
8 0.197183 0.266741 0.033451 0.022321
8 0.538732 0.296875 0.026408 0.021205
9 0.197183 0.368304 0.058099 0.041295
7 0.630282 0.520089 0.093310 0.012277
8 0.566901 0.518973 0.038732 0.026786
12 0.595070 0.516741 0.056338 0.040179
9 0.595070 0.610491 0.063380 0.049107
8 0.309859 0.678571 0.040493 0.026786
8 0.913732 0.685268 0.035211 0.022321
8 0.375000 0.713170 0.028169 0.020089
5 0.797535 0.761161 0.161972 0.030134
5 0.200704 0.785714 0.139085 0.023438
4 0.205986 0.812500 0.123239 0.015625
7 0.376761 0.839286 0.061620 0.012277
8 0.327465 0.839286 0.044014 0.034598
6 0.500000 0.933036 0.253521 0.046875
