50 0.896127 0.401786 0.207746 0.199777
68 0.690141 0.127232 0.109155 0.093750
0 0.500000 0.123884 0.190141 0.156250
3 0.200704 0.210938 0.165493 0.149554
1 0.797535 0.228795 0.151408 0.113839
106 0.142606 0.256696 0.165493 0.100446
15 0.399648 0.318080 0.049296 0.037946
143 0.471831 0.366071 0.088028 0.042411
95 0.517606 0.381696 0.147887 0.073661
85 0.251761 0.360491 0.116197 0.118304
20 0.047535 0.399554 0.063380 0.042411
49 0.054577 0.542411 0.102113 0.075893
34 0.640845 0.623884 0.179577 0.040179
19 0.042254 0.648438 0.077465 0.051339
123 0.257042 0.659598 0.213028 0.118304
28 0.906690 0.716518 0.105634 0.080357
122 0.540493 0.731027 0.204225 0.111607
141 0.290493 0.750000 0.161972 0.111607
1 0.200704 0.750000 0.183099 0.132812
1 0.797535 0.750000 0.183099 0.132812
31 0.957747 0.803571 0.072183 0.072545
98 0.357394 0.824777 0.119718 0.082589
102 0.297535 0.833705 0.140845 0.133929
0 0.500000 0.839286 0.227113 0.165179
6 0.500000 0.023438 0.250000 0.042411
8 0.690141 0.069196 0.031690 0.022321
4 0.211268 0.093750 0.126761 0.015625
5 0.200704 0.122768 0.149648 0.030134
5 0.797535 0.152902 0.140845 0.026786
7 0.163732 0.209821 0.059859 0.012277
8 0.119718 0.208705 0.040493 0.026786
9 0.690141 0.200893 0.068662 0.045759
7 0.431338 0.296875 0.091549 0.012277
7 0.285211 0.301339 0.093310 0.012277
8 0.375000 0.296875 0.028169 0.020089
8 0.228873 0.301339 0.029930 0.021205
12 0.471831 0.314732 0.047535 0.045759
8 0.471831 0.325893 0.042254 0.026786
8 0.517606 0.341518 0.036972 0.029018
7 0.068662 0.380580 0.066901 0.013393
8 0.024648 0.380580 0.031690 0.022321
9 0.471831 0.412946 0.063380 0.045759
7 0.077465 0.506696 0.065141 0.012277
8 0.028169 0.506696 0.040493 0.026786
12 0.056338 0.533482 0.051056 0.037946
9 0.961268 0.529018 0.077465 0.056920
7 0.274648 0.599330 0.065141 0.013393
8 0.223592 0.599330 0.042254 0.026786
7 0.674296 0.607143 0.091549 0.012277
8 0.617958 0.608259 0.031690 0.022321
8 0.042254 0.602679 0.044014 0.034598
7 0.559859 0.674107 0.063380 0.012277
8 0.519366 0.674107 0.028169 0.020089
7 0.943662 0.676339 0.091549 0.014509
8 0.890845 0.676339 0.026408 0.021205
7 0.313380 0.688616 0.061620 0.011161
8 0.271127 0.688616 0.033451 0.022321
8 0.297535 0.762277 0.028169 0.020089
5 0.797535 0.762277 0.147887 0.024554
8 0.957747 0.767857 0.031690 0.022321
8 0.359155 0.776786 0.026408 0.021205
5 0.200704 0.785714 0.151408 0.024554
9 0.906690 0.785714 0.049296 0.034598
9 0.357394 0.897321 0.063380 0.045759
6 0.500000 0.936384 0.253521 0.046875
