56 0.517606 0.609375 0.332746 0.166295
0 0.500000 0.121652 0.232394 0.160714
135 0.353873 0.193080 0.112676 0.125000
114 0.681338 0.215402 0.137324 0.091518
2 0.200704 0.219866 0.183099 0.131696
3 0.799296 0.222098 0.209507 0.127232
111 0.075704 0.226562 0.151408 0.120536
64 0.846831 0.265625 0.119718 0.089286
124 0.193662 0.305804 0.093310 0.058036
38 0.542253 0.334821 0.098592 0.062500
127 0.739437 0.404018 0.137324 0.091518
44 0.193662 0.443080 0.160211 0.176339
90 0.776408 0.564732 0.133803 0.060268
90 0.433099 0.645089 0.130282 0.064732
15 0.679577 0.785714 0.052817 0.035714
1 0.797535 0.753348 0.147887 0.125000
105 0.102113 0.815848 0.165493 0.102679
0 0.500000 0.838170 0.197183 0.167411
36 0.258803 0.193080 0.464789 0.386161
27 0.093310 0.651786 0.186620 0.135045
6 0.500000 0.022321 0.250000 0.044643
4 0.809859 0.116071 0.126761 0.015625
8 0.353873 0.116071 0.031690 0.022321
5 0.200704 0.140625 0.156690 0.031250
5 0.799296 0.142857 0.142606 0.027902
8 0.683099 0.155134 0.033451 0.022321
7 0.073944 0.165179 0.091549 0.012277
8 0.017606 0.165179 0.033451 0.022321
12 0.353873 0.195312 0.035211 0.029018
8 0.848592 0.214286 0.029930 0.021205
7 0.211268 0.270089 0.063380 0.014509
8 0.165493 0.271205 0.040493 0.026786
12 0.191901 0.284598 0.049296 0.031250
7 0.563380 0.308036 0.065141 0.013393
8 0.519366 0.308036 0.028169 0.020089
7 0.211268 0.354911 0.063380 0.013393
7 0.771127 0.354911 0.089789 0.014509
8 0.713028 0.354911 0.035211 0.022321
8 0.163732 0.354911 0.042254 0.026786
9 0.739437 0.484375 0.047535 0.034598
8 0.776408 0.518973 0.031690 0.022321
12 0.776408 0.529018 0.042254 0.025670
7 0.454225 0.609375 0.065141 0.012277
8 0.411972 0.608259 0.028169 0.020089
9 0.517606 0.720982 0.058099 0.041295
8 0.679577 0.752232 0.042254 0.026786
5 0.799296 0.785714 0.146127 0.023438
9 0.679577 0.830357 0.056338 0.041295
6 0.500000 0.935268 0.260563 0.046875
