0 0.500000 0.118304 0.218310 0.167411
131 0.086268 0.210938 0.172535 0.091518
22 0.427817 0.232143 0.084507 0.053571
1 0.200704 0.227679 0.151408 0.116071
106 0.264085 0.282366 0.179577 0.107143
149 0.538732 0.289062 0.105634 0.102679
118 0.846831 0.370536 0.109155 0.104911
102 0.191901 0.369420 0.197183 0.109375
140 0.697183 0.421875 0.066901 0.058036
19 0.734155 0.467634 0.077465 0.040179
18 0.246479 0.622768 0.038732 0.029018
117 0.059859 0.625000 0.119718 0.082589
145 0.625000 0.642857 0.091549 0.062500
34 0.086268 0.704241 0.172535 0.040179
40 0.593310 0.741071 0.126761 0.082589
2 0.797535 0.739955 0.197183 0.151786
0 0.500000 0.843750 0.183099 0.156250
84 0.304577 0.325893 0.116197 0.069196
84 0.586268 0.437500 0.165493 0.080357
8 0.038732 0.147321 0.044014 0.034598
5 0.200704 0.154018 0.135563 0.027902
8 0.429577 0.185268 0.044014 0.034598
12 0.429577 0.205357 0.044014 0.027902
7 0.274648 0.225446 0.033451 0.012277
8 0.246479 0.225446 0.026408 0.021205
8 0.538732 0.238839 0.028169 0.022321
12 0.538732 0.280134 0.029930 0.026786
7 0.345070 0.287946 0.089789 0.012277
8 0.281690 0.287946 0.042254 0.026786
9 0.038732 0.294643 0.047535 0.033482
8 0.848592 0.308036 0.036972 0.023438
7 0.207746 0.314732 0.061620 0.014509
8 0.163732 0.315848 0.035211 0.022321
8 0.697183 0.386161 0.026408 0.021205
7 0.588028 0.392857 0.033451 0.012277
8 0.559859 0.392857 0.036972 0.023438
12 0.734155 0.444196 0.035211 0.032366
9 0.586268 0.506696 0.052817 0.034598
7 0.077465 0.581473 0.063380 0.011161
8 0.035211 0.581473 0.033451 0.022321
12 0.246479 0.575893 0.045775 0.043527
7 0.265845 0.602679 0.063380 0.013393
8 0.218310 0.602679 0.040493 0.026786
8 0.625000 0.609375 0.035211 0.023438
8 0.021127 0.674107 0.036972 0.023438
9 0.246479 0.674107 0.045775 0.034598
8 0.593310 0.683036 0.038732 0.026786
5 0.799296 0.765625 0.139085 0.024554
