58 0.744718 0.100446 0.119718 0.087054
0 0.500000 0.112723 0.228873 0.178571
2 0.200704 0.219866 0.214789 0.131696
3 0.797535 0.210938 0.165493 0.149554
111 0.783451 0.250000 0.154930 0.120536
145 0.901408 0.325893 0.077465 0.073661
18 0.727113 0.444196 0.052817 0.035714
22 0.153169 0.641741 0.088028 0.049107
21 0.536972 0.691964 0.077465 0.061384
149 0.309859 0.708705 0.112676 0.098214
1 0.797535 0.752232 0.172535 0.127232
100 0.744718 0.863839 0.147887 0.111607
0 0.500000 0.849330 0.165493 0.145089
6 0.500000 0.022321 0.221831 0.044643
8 0.744718 0.042411 0.035211 0.022321
4 0.809859 0.093750 0.126761 0.015625
5 0.799296 0.121652 0.153169 0.031250
10 0.257042 0.103795 0.153169 0.073661
5 0.200704 0.137277 0.146127 0.031250
7 0.804577 0.188616 0.063380 0.013393
8 0.762324 0.188616 0.028169 0.022321
10 0.936620 0.179688 0.086268 0.049107
8 0.728873 0.426339 0.029930 0.021205
10 0.936620 0.473214 0.103873 0.047991
10 0.063380 0.522321 0.102113 0.054688
7 0.190141 0.619420 0.089789 0.013393
8 0.126761 0.620536 0.040493 0.025670
7 0.572183 0.658482 0.091549 0.012277
8 0.309859 0.656250 0.026408 0.021205
8 0.515845 0.657366 0.028169 0.022321
10 0.063380 0.650670 0.089789 0.046875
10 0.936620 0.685268 0.100352 0.056920
5 0.799296 0.767857 0.139085 0.022321
7 0.764085 0.805804 0.061620 0.012277
8 0.723592 0.805804 0.028169 0.020089
10 0.063380 0.841518 0.095070 0.052455
6 0.500000 0.926339 0.253521 0.046875
10 0.765845 0.912946 0.186620 0.102679
