86 0.149648 0.813616 0.299296 0.165179
0 0.500000 0.120536 0.197183 0.162946
106 0.378521 0.174107 0.165493 0.100446
2 0.200704 0.219866 0.214789 0.131696
96 0.855634 0.280134 0.123239 0.069196
77 0.218310 0.318080 0.149648 0.138393
135 0.843310 0.344866 0.172535 0.093750
23 0.299296 0.419643 0.063380 0.058036
17 0.857394 0.585938 0.084507 0.053571
85 0.313380 0.595982 0.114437 0.099330
20 0.480634 0.733259 0.063380 0.042411
138 0.304577 0.708705 0.190141 0.093750
3 0.200704 0.746652 0.190141 0.138393
3 0.797535 0.746652 0.190141 0.138393
114 0.410211 0.768973 0.144366 0.093750
0 0.500000 0.850446 0.190141 0.142857
65 0.867958 0.525670 0.095070 0.080357
6 0.500000 0.021205 0.250000 0.042411
10 0.299296 0.093750 0.184859 0.093750
5 0.200704 0.137277 0.160211 0.033482
10 0.936620 0.165179 0.100352 0.054688
8 0.855634 0.237723 0.035211 0.022321
7 0.234155 0.248884 0.059859 0.011161
8 0.188380 0.248884 0.042254 0.026786
10 0.063380 0.274554 0.086268 0.043527
8 0.845070 0.292411 0.026408 0.021205
8 0.299296 0.370536 0.036972 0.029018
10 0.063380 0.450893 0.102113 0.054688
8 0.869718 0.477679 0.040493 0.025670
9 0.299296 0.484375 0.033451 0.024554
8 0.313380 0.540179 0.035211 0.022321
8 0.859155 0.547991 0.036972 0.029018
12 0.857394 0.558036 0.035211 0.027902
10 0.063380 0.620536 0.100352 0.051339
10 0.934859 0.642857 0.091549 0.049107
7 0.323944 0.661830 0.063380 0.013393
8 0.283451 0.661830 0.028169 0.020089
8 0.480634 0.704241 0.031690 0.022321
7 0.422535 0.720982 0.033451 0.012277
8 0.390845 0.719866 0.035211 0.022321
5 0.799296 0.772321 0.139085 0.023438
12 0.411972 0.765625 0.044014 0.035714
5 0.200704 0.783482 0.142606 0.023438
4 0.806338 0.815848 0.126761 0.015625
4 0.207746 0.822545 0.126761 0.015625
9 0.411972 0.848214 0.051056 0.036830
9 0.133803 0.934152 0.047535 0.035714
6 0.500000 0.937500 0.253521 0.046875
10 0.727113 0.921875 0.169014 0.084821
