151 0.573944 0.479911 0.447183 0.225446
0 0.500000 0.126116 0.183099 0.151786
2 0.200704 0.219866 0.214789 0.131696
1 0.797535 0.229911 0.161972 0.111607
112 0.570423 0.267857 0.112676 0.087054
121 0.528169 0.290179 0.098592 0.082589
37 0.297535 0.322545 0.116197 0.080357
16 0.853873 0.349330 0.056338 0.044643
44 0.107394 0.308036 0.183099 0.177455
67 0.625000 0.389509 0.112676 0.078125
76 0.783451 0.410714 0.190141 0.111607
89 0.734155 0.417411 0.105634 0.104911
101 0.573944 0.479911 0.154930 0.162946
82 0.200704 0.524554 0.158451 0.120536
89 0.704225 0.532366 0.116197 0.109375
121 0.878521 0.552455 0.105634 0.078125
72 0.519366 0.606027 0.137324 0.098214
83 0.369718 0.676339 0.084507 0.053571
47 0.255282 0.672991 0.123239 0.095982
141 0.355634 0.731027 0.172535 0.095982
108 0.681338 0.770089 0.073944 0.078125
2 0.200704 0.743304 0.176056 0.145089
3 0.797535 0.739955 0.193662 0.151786
66 0.213028 0.832589 0.105634 0.071429
30 0.362676 0.843750 0.054577 0.049107
0 0.500000 0.845982 0.221831 0.151786
39 0.309859 0.400670 0.059859 0.051339
84 0.072183 0.732143 0.144366 0.060268
6 0.500000 0.029018 0.250000 0.042411
5 0.200704 0.139509 0.144366 0.029018
5 0.797535 0.160714 0.144366 0.030134
7 0.123239 0.217634 0.061620 0.013393
8 0.080986 0.217634 0.033451 0.022321
7 0.584507 0.228795 0.061620 0.013393
8 0.538732 0.228795 0.038732 0.026786
7 0.538732 0.250000 0.035211 0.012277
8 0.507042 0.250000 0.038732 0.026786
8 0.297535 0.271205 0.038732 0.026786
8 0.855634 0.314732 0.036972 0.023438
8 0.625000 0.341518 0.038732 0.026786
8 0.783451 0.343750 0.042254 0.026786
7 0.739437 0.361607 0.033451 0.011161
8 0.709507 0.361607 0.035211 0.022321
8 0.309859 0.363839 0.026408 0.021205
14 0.573944 0.381696 0.070423 0.011161
12 0.309859 0.379464 0.051056 0.030134
8 0.573944 0.388393 0.044014 0.034598
12 0.783451 0.411830 0.038732 0.033482
7 0.225352 0.465402 0.059859 0.011161
9 0.309859 0.462054 0.038732 0.027902
8 0.179577 0.466518 0.044014 0.034598
7 0.723592 0.477679 0.063380 0.012277
8 0.681338 0.478795 0.028169 0.020089
9 0.783451 0.500000 0.049296 0.037946
7 0.901408 0.515625 0.061620 0.013393
12 0.573944 0.511161 0.031690 0.025670
8 0.859155 0.515625 0.033451 0.022321
7 0.535211 0.555804 0.061620 0.014509
8 0.491197 0.554688 0.035211 0.022321
8 0.255282 0.611607 0.028169 0.020089
12 0.369718 0.638393 0.044014 0.033482
8 0.345070 0.646205 0.036972 0.029018
8 0.355634 0.674107 0.038732 0.026786
7 0.073944 0.696429 0.091549 0.012277
8 0.017606 0.696429 0.029930 0.021205
12 0.035211 0.712054 0.054577 0.032366
12 0.355634 0.715402 0.056338 0.035714
7 0.698944 0.732143 0.059859 0.012277
8 0.651408 0.732143 0.044014 0.034598
5 0.200704 0.779018 0.160211 0.027902
5 0.797535 0.787946 0.151408 0.024554
7 0.235915 0.796875 0.061620 0.014509
8 0.188380 0.795759 0.042254 0.026786
7 0.359155 0.814732 0.029930 0.012277
8 0.334507 0.814732 0.029930 0.021205
4 0.806338 0.819196 0.112676 0.013393
