87 0.792253 0.488839 0.387324 0.199777
86 0.100352 0.647321 0.200704 0.166295
66 0.369718 0.123884 0.105634 0.071429
0 0.500000 0.125000 0.186620 0.154018
3 0.200704 0.219866 0.154930 0.131696
1 0.797535 0.229911 0.161972 0.111607
60 0.753521 0.335938 0.088028 0.064732
106 0.211268 0.375000 0.165493 0.100446
43 0.202465 0.435268 0.084507 0.084821
146 0.843310 0.513393 0.130282 0.098214
124 0.478873 0.668527 0.077465 0.062500
124 0.250000 0.688616 0.095070 0.062500
35 0.683099 0.764509 0.084507 0.051339
1 0.200704 0.750000 0.183099 0.132812
0 0.500000 0.852679 0.225352 0.139509
41 0.820423 0.119420 0.140845 0.127232
92 0.466549 0.736607 0.179577 0.078125
6 0.500000 0.026786 0.250000 0.042411
7 0.845070 0.053571 0.065141 0.012277
8 0.802817 0.053571 0.029930 0.021205
7 0.387324 0.087054 0.056338 0.012277
8 0.343310 0.087054 0.042254 0.026786
4 0.211268 0.111607 0.126761 0.015625
5 0.200704 0.139509 0.158451 0.033482
5 0.797535 0.159598 0.154930 0.031250
7 0.772887 0.299107 0.063380 0.014509
8 0.732394 0.299107 0.029930 0.021205
8 0.211268 0.323661 0.029930 0.021205
8 0.202465 0.379464 0.028169 0.020089
7 0.869718 0.465402 0.061620 0.013393
8 0.827465 0.464286 0.029930 0.021205
12 0.843310 0.502232 0.045775 0.035714
9 0.843310 0.593750 0.045775 0.033482
7 0.494718 0.633929 0.056338 0.012277
8 0.454225 0.633929 0.035211 0.023438
12 0.478873 0.650670 0.029930 0.029018
8 0.250000 0.655134 0.033451 0.022321
8 0.468310 0.687500 0.026408 0.021205
7 0.714789 0.743304 0.089789 0.014509
9 0.478873 0.731027 0.061620 0.044643
8 0.651408 0.743304 0.042254 0.026786
5 0.200704 0.767857 0.149648 0.025670
9 0.468310 0.810268 0.047535 0.033482
6 0.500000 0.934152 0.260563 0.046875
