0 0.500000 0.125000 0.190141 0.154018
99 0.301056 0.251116 0.091549 0.055804
1 0.797535 0.227679 0.158451 0.116071
40 0.788732 0.283482 0.126761 0.093750
144 0.755282 0.297991 0.077465 0.084821
59 0.521127 0.376116 0.093310 0.073661
17 0.255282 0.402902 0.073944 0.051339
102 0.190141 0.459821 0.154930 0.120536
85 0.049296 0.555804 0.098592 0.089286
60 0.265845 0.589286 0.109155 0.058036
55 0.146127 0.612723 0.077465 0.066964
29 0.788732 0.671875 0.130282 0.058036
106 0.910211 0.677455 0.179577 0.107143
21 0.649648 0.708705 0.070423 0.046875
16 0.200704 0.715402 0.045775 0.040179
28 0.473592 0.738839 0.112676 0.080357
0 0.500000 0.845982 0.221831 0.151786
94 0.093310 0.180804 0.186620 0.087054
69 0.568662 0.328125 0.084507 0.058036
65 0.218310 0.608259 0.130282 0.080357
39 0.950704 0.867188 0.070423 0.042411
7 0.105634 0.131696 0.065141 0.013393
8 0.059859 0.131696 0.033451 0.022321
5 0.799296 0.150670 0.146127 0.029018
8 0.301056 0.214286 0.028169 0.022321
8 0.755282 0.248884 0.042254 0.026786
8 0.257042 0.370536 0.029930 0.021205
8 0.190141 0.383929 0.042254 0.026786
9 0.257042 0.450893 0.068662 0.050223
7 0.066901 0.513393 0.091549 0.014509
8 0.021127 0.513393 0.042254 0.026786
7 0.281690 0.562500 0.061620 0.013393
8 0.242958 0.562500 0.029930 0.021205
8 0.218310 0.569196 0.035211 0.022321
12 0.218310 0.583705 0.040493 0.033482
12 0.146127 0.581473 0.045775 0.044643
7 0.815141 0.643973 0.063380 0.013393
8 0.771127 0.643973 0.031690 0.022321
12 0.788732 0.649554 0.042254 0.034598
8 0.651408 0.674107 0.036972 0.029018
9 0.147887 0.687500 0.026408 0.020089
7 0.242958 0.699777 0.093310 0.013393
8 0.179577 0.699777 0.036972 0.029018
8 0.950704 0.834821 0.028169 0.022321
6 0.500000 0.939732 0.250000 0.045759
