0 0.500000 0.121652 0.232394 0.160714
88 0.938380 0.214286 0.123239 0.075893
75 0.693662 0.236607 0.080986 0.093750
2 0.200704 0.218750 0.179577 0.133929
2 0.797535 0.218750 0.179577 0.133929
75 0.639085 0.237723 0.084507 0.127232
21 0.399648 0.338170 0.073944 0.058036
15 0.205986 0.387277 0.066901 0.037946
55 0.547535 0.412946 0.073944 0.069196
30 0.809859 0.455357 0.091549 0.049107
43 0.353873 0.554688 0.119718 0.062500
49 0.742958 0.553571 0.102113 0.073661
16 0.466549 0.585938 0.049296 0.040179
73 0.632042 0.578125 0.098592 0.066964
117 0.846831 0.635045 0.119718 0.078125
1 0.200704 0.752232 0.154930 0.128348
41 0.072183 0.139509 0.144366 0.118304
92 0.158451 0.632812 0.207746 0.082589
129 0.750000 0.723214 0.346831 0.179688
7 0.045775 0.078125 0.065141 0.013393
8 0.017606 0.078125 0.035211 0.029018
5 0.799296 0.133929 0.139085 0.029018
5 0.200704 0.136161 0.153169 0.030134
7 0.977113 0.170759 0.045775 0.013393
8 0.940141 0.170759 0.035211 0.022321
8 0.693662 0.179688 0.033451 0.022321
12 0.693662 0.229911 0.035211 0.030134
9 0.964789 0.279018 0.045775 0.032366
8 0.399648 0.311384 0.028169 0.022321
8 0.205986 0.369420 0.028169 0.022321
7 0.577465 0.377232 0.093310 0.012277
8 0.517606 0.377232 0.040493 0.026786
12 0.549296 0.383929 0.058099 0.036830
9 0.399648 0.407366 0.038732 0.029018
12 0.809859 0.415179 0.026408 0.022321
7 0.820423 0.433036 0.033451 0.011161
8 0.788732 0.433036 0.036972 0.029018
9 0.549296 0.479911 0.036972 0.027902
8 0.742958 0.502232 0.028169 0.020089
8 0.353873 0.525670 0.028169 0.020089
8 0.609155 0.549107 0.028169 0.022321
12 0.468310 0.546875 0.036972 0.030134
12 0.633803 0.549107 0.044014 0.032366
7 0.491197 0.570312 0.063380 0.013393
8 0.447183 0.569196 0.036972 0.023438
8 0.158451 0.574777 0.036972 0.029018
7 0.871479 0.591518 0.063380 0.013393
8 0.823944 0.591518 0.042254 0.026786
9 0.466549 0.632812 0.049296 0.035714
5 0.200704 0.790179 0.137324 0.023438
