50 0.860915 0.205357 0.278169 0.199777
56 0.165493 0.283482 0.330986 0.166295
151 0.272887 0.536830 0.447183 0.225446
86 0.408451 0.616071 0.341549 0.168527
151 0.126761 0.683036 0.251761 0.225446
119 0.533451 0.700893 0.450704 0.227679
33 0.626761 0.839286 0.364437 0.181920
74 0.244718 0.111607 0.084507 0.060268
0 0.500000 0.118304 0.214789 0.167411
124 0.570423 0.215402 0.080986 0.066964
1 0.200704 0.223214 0.151408 0.123884
1 0.797535 0.228795 0.151408 0.113839
40 0.735915 0.324777 0.137324 0.084821
115 0.637324 0.372768 0.095070 0.078125
19 0.755282 0.409598 0.077465 0.037946
121 0.318662 0.433036 0.098592 0.066964
101 0.272887 0.537946 0.207746 0.102679
37 0.647887 0.674107 0.116197 0.063616
101 0.068662 0.683036 0.137324 0.080357
122 0.894366 0.688616 0.193662 0.104911
2 0.797535 0.738839 0.172535 0.154018
0 0.500000 0.840402 0.218310 0.162946
38 0.616197 0.907366 0.086268 0.064732
6 0.500000 0.022321 0.221831 0.044643
5 0.200704 0.147321 0.151408 0.030134
5 0.797535 0.154018 0.147887 0.029018
7 0.607394 0.187500 0.095070 0.010045
8 0.545775 0.186384 0.036972 0.029018
7 0.735915 0.285714 0.029930 0.012277
8 0.707747 0.285714 0.031690 0.022321
12 0.735915 0.324777 0.029930 0.022321
7 0.778169 0.390625 0.061620 0.014509
8 0.730634 0.389509 0.042254 0.026786
7 0.345070 0.401786 0.061620 0.012277
8 0.299296 0.402902 0.036972 0.029018
14 0.272887 0.468750 0.070423 0.011161
8 0.274648 0.477679 0.033451 0.022321
14 0.035211 0.622768 0.070423 0.013393
7 0.049296 0.643973 0.065141 0.013393
7 0.665493 0.645089 0.065141 0.012277
8 0.621479 0.645089 0.031690 0.022321
8 0.021127 0.643973 0.042254 0.026786
5 0.797535 0.780134 0.140845 0.022321
12 0.614437 0.868304 0.059859 0.036830
6 0.500000 0.933036 0.253521 0.046875
9 0.616197 0.959821 0.065141 0.049107
