33 0.693662 0.156250 0.364437 0.181920
0 0.500000 0.122768 0.183099 0.158482
2 0.200704 0.219866 0.214789 0.131696
3 0.797535 0.220982 0.144366 0.129464
124 0.401408 0.270089 0.089789 0.073661
32 0.955986 0.452009 0.088028 0.049107
21 0.792253 0.531250 0.063380 0.055804
144 0.517606 0.591518 0.100352 0.088170
20 0.568662 0.675223 0.059859 0.049107
62 0.413732 0.746652 0.098592 0.073661
74 0.468310 0.770089 0.084507 0.060268
3 0.200704 0.748884 0.183099 0.133929
1 0.797535 0.753348 0.147887 0.125000
61 0.672535 0.831473 0.091549 0.071429
0 0.500000 0.850446 0.190141 0.142857
26 0.188380 0.155134 0.278169 0.136161
24 0.197183 0.329241 0.052817 0.029018
4 0.809859 0.113839 0.126761 0.015625
5 0.200704 0.137277 0.147887 0.029018
5 0.799296 0.142857 0.156690 0.033482
7 0.426056 0.238839 0.061620 0.012277
8 0.382042 0.237723 0.031690 0.022321
8 0.197183 0.303571 0.036972 0.023438
8 0.957747 0.420759 0.036972 0.029018
8 0.792253 0.487723 0.042254 0.026786
8 0.517606 0.537946 0.038732 0.026786
8 0.568662 0.636161 0.028169 0.022321
9 0.517606 0.670759 0.049296 0.037946
7 0.440141 0.704241 0.065141 0.013393
8 0.394366 0.705357 0.036972 0.023438
12 0.413732 0.718750 0.056338 0.037946
8 0.468310 0.725446 0.040493 0.025670
9 0.568662 0.734375 0.049296 0.032366
5 0.797535 0.762277 0.144366 0.024554
5 0.200704 0.771205 0.142606 0.026786
8 0.672535 0.794643 0.029930 0.021205
4 0.205986 0.814732 0.112676 0.013393
9 0.415493 0.811384 0.065141 0.046875
9 0.672535 0.897321 0.051056 0.037946
