124 0.915493 0.081473 0.105634 0.062500
0 0.500000 0.118304 0.214789 0.167411
62 0.411972 0.208705 0.098592 0.073661
2 0.200704 0.218750 0.179577 0.133929
1 0.797535 0.229911 0.161972 0.111607
100 0.463028 0.265625 0.116197 0.081473
142 0.084507 0.281250 0.091549 0.058036
90 0.742958 0.296875 0.088028 0.058036
30 0.600352 0.385045 0.088028 0.051339
67 0.859155 0.380580 0.112676 0.078125
85 0.264085 0.387277 0.116197 0.113839
100 0.371479 0.450893 0.154930 0.051339
21 0.841549 0.446429 0.066901 0.064732
142 0.431338 0.608259 0.088028 0.062500
49 0.947183 0.602679 0.105634 0.087054
109 0.897887 0.646205 0.091549 0.049107
77 0.744718 0.620536 0.147887 0.136161
124 0.573944 0.674107 0.072183 0.061384
20 0.663732 0.732143 0.056338 0.049107
2 0.200704 0.743304 0.176056 0.145089
2 0.797535 0.743304 0.176056 0.145089
0 0.500000 0.839286 0.227113 0.165179
124 0.545775 0.919643 0.123239 0.064732
65 0.364437 0.101562 0.105634 0.084821
92 0.098592 0.417411 0.197183 0.078125
39 0.040493 0.522321 0.077465 0.051339
92 0.424296 0.738839 0.165493 0.082589
41 0.306338 0.853795 0.137324 0.118304
6 0.500000 0.022321 0.250000 0.044643
8 0.915493 0.035714 0.028169 0.020089
7 0.383803 0.055804 0.061620 0.013393
8 0.338028 0.055804 0.044014 0.034598
12 0.364437 0.079241 0.056338 0.037946
5 0.200704 0.138393 0.156690 0.031250
9 0.915493 0.146205 0.047535 0.033482
8 0.411972 0.159598 0.042254 0.026786
5 0.799296 0.160714 0.156690 0.031250
9 0.366197 0.175223 0.054577 0.040179
7 0.485915 0.225446 0.063380 0.014509
8 0.447183 0.225446 0.026408 0.021205
8 0.084507 0.243304 0.028169 0.022321
7 0.760563 0.267857 0.063380 0.012277
8 0.711268 0.267857 0.042254 0.026786
9 0.411972 0.282366 0.042254 0.029018
8 0.264085 0.323661 0.026408 0.021205
8 0.859155 0.328125 0.028169 0.020089
7 0.626761 0.363839 0.061620 0.012277
8 0.584507 0.363839 0.028169 0.022321
7 0.102113 0.375000 0.033451 0.012277
8 0.068662 0.375000 0.038732 0.026786
12 0.096831 0.404018 0.045775 0.041295
7 0.376761 0.426339 0.033451 0.012277
8 0.345070 0.426339 0.036972 0.029018
9 0.600352 0.443080 0.052817 0.037946
9 0.098592 0.486607 0.040493 0.029018
7 0.077465 0.497768 0.093310 0.013393
8 0.017606 0.497768 0.029930 0.021205
7 0.771127 0.551339 0.065141 0.012277
8 0.723592 0.550223 0.035211 0.022321
8 0.963028 0.556920 0.042254 0.026786
7 0.445423 0.580357 0.059859 0.012277
8 0.401408 0.580357 0.040493 0.026786
12 0.963028 0.603795 0.024648 0.024554
8 0.897887 0.612723 0.042254 0.026786
8 0.573944 0.645089 0.029930 0.021205
12 0.573944 0.667411 0.019366 0.016741
9 0.961268 0.662946 0.075704 0.050223
8 0.426056 0.691964 0.044014 0.034598
7 0.686620 0.705357 0.061620 0.012277
8 0.639085 0.705357 0.038732 0.026786
9 0.573944 0.736607 0.038732 0.027902
5 0.200704 0.760045 0.154930 0.029018
5 0.799296 0.776786 0.156690 0.025670
7 0.327465 0.790179 0.061620 0.012277
8 0.285211 0.790179 0.028169 0.020089
8 0.545775 0.886161 0.038732 0.026786
6 0.500000 0.928571 0.253521 0.046875
9 0.545775 0.982143 0.038732 0.027902
