87 0.371479 0.325893 0.390845 0.198661
0 0.500000 0.118304 0.218310 0.167411
76 0.642606 0.151786 0.119718 0.133929
103 0.299296 0.233259 0.095070 0.084821
2 0.200704 0.216518 0.188380 0.138393
3 0.797535 0.220982 0.144366 0.129464
149 0.137324 0.255580 0.105634 0.102679
133 0.105634 0.287946 0.140845 0.104911
18 0.903169 0.323661 0.052817 0.040179
59 0.091549 0.325893 0.110915 0.068080
123 0.630282 0.303571 0.195423 0.125000
93 0.797535 0.347098 0.059859 0.042411
31 0.302817 0.524554 0.098592 0.059152
140 0.195423 0.530134 0.073944 0.060268
45 0.464789 0.595982 0.091549 0.084821
75 0.149648 0.657366 0.088028 0.098214
89 0.313380 0.669643 0.105634 0.104911
122 0.721831 0.671875 0.195423 0.113839
3 0.200704 0.751116 0.184859 0.129464
3 0.797535 0.748884 0.183099 0.133929
108 0.362676 0.809152 0.088028 0.060268
0 0.500000 0.847098 0.190141 0.149554
41 0.299296 0.089286 0.119718 0.167411
7 0.339789 0.008929 0.091549 0.012277
8 0.278169 0.017857 0.044014 0.034598
6 0.500000 0.021205 0.250000 0.042411
153 0.413732 0.062500 0.045775 0.035714
8 0.644366 0.069196 0.033451 0.022321
4 0.809859 0.113839 0.126761 0.015625
12 0.299296 0.122768 0.049296 0.025670
5 0.200704 0.129464 0.139085 0.026786
5 0.797535 0.142857 0.161972 0.032366
12 0.644366 0.166295 0.029930 0.022321
7 0.341549 0.194196 0.093310 0.013393
8 0.285211 0.194196 0.026408 0.021205
8 0.137324 0.199777 0.031690 0.022321
12 0.299296 0.223214 0.022887 0.018973
7 0.647887 0.238839 0.063380 0.013393
7 0.126761 0.238839 0.061620 0.013393
8 0.084507 0.238839 0.031690 0.022321
8 0.602113 0.238839 0.040493 0.026786
8 0.904930 0.292411 0.033451 0.022321
7 0.816901 0.330357 0.061620 0.014509
8 0.767606 0.329241 0.042254 0.026786
9 0.091549 0.393973 0.033451 0.024554
7 0.336268 0.497768 0.095070 0.012277
8 0.197183 0.494420 0.033451 0.022321
8 0.278169 0.497768 0.028169 0.020089
7 0.489437 0.553571 0.063380 0.013393
8 0.443662 0.553571 0.040493 0.026786
8 0.149648 0.594866 0.031690 0.022321
8 0.721831 0.604911 0.028169 0.022321
8 0.313380 0.613839 0.031690 0.022321
5 0.797535 0.762277 0.158451 0.026786
7 0.383803 0.776786 0.065141 0.012277
8 0.338028 0.777902 0.033451 0.022321
5 0.200704 0.779018 0.151408 0.025670
4 0.808099 0.819196 0.123239 0.015625
4 0.209507 0.820312 0.126761 0.015625
