119 0.823944 0.755580 0.352113 0.227679
115 0.080986 0.123884 0.119718 0.087054
0 0.500000 0.118304 0.218310 0.167411
1 0.797535 0.218750 0.221831 0.132812
52 0.142606 0.308036 0.123239 0.064732
143 0.788732 0.325893 0.077465 0.060268
74 0.959507 0.344866 0.080986 0.051339
37 0.360915 0.380580 0.105634 0.066964
131 0.802817 0.380580 0.154930 0.091518
46 0.153169 0.408482 0.154930 0.066964
140 0.204225 0.420759 0.077465 0.064732
43 0.146127 0.542411 0.095070 0.098214
106 0.498239 0.564732 0.165493 0.100446
73 0.723592 0.658482 0.102113 0.060268
3 0.200704 0.751116 0.184859 0.129464
0 0.500000 0.838170 0.197183 0.167411
27 0.262324 0.533482 0.165493 0.102679
69 0.744718 0.546875 0.274648 0.136161
65 0.454225 0.651786 0.105634 0.073661
6 0.500000 0.021205 0.250000 0.042411
7 0.112676 0.075893 0.093310 0.012277
8 0.056338 0.075893 0.028169 0.022321
5 0.797535 0.133929 0.137324 0.027902
7 0.161972 0.271205 0.061620 0.013393
8 0.114437 0.271205 0.038732 0.026786
12 0.788732 0.284598 0.036972 0.031250
8 0.788732 0.291295 0.028169 0.022321
7 0.971831 0.314732 0.033451 0.012277
8 0.943662 0.314732 0.028169 0.020089
7 0.830986 0.332589 0.065141 0.012277
8 0.778169 0.332589 0.044014 0.034598
7 0.380282 0.351562 0.061620 0.011161
8 0.338028 0.352679 0.029930 0.021205
8 0.154930 0.366071 0.044014 0.034598
7 0.207746 0.385045 0.035211 0.013393
12 0.154930 0.383929 0.075704 0.036830
9 0.360915 0.455357 0.042254 0.029018
7 0.176056 0.494420 0.091549 0.013393
8 0.116197 0.494420 0.036972 0.029018
8 0.498239 0.505580 0.042254 0.026786
12 0.147887 0.531250 0.065141 0.039062
8 0.454225 0.608259 0.035211 0.022321
8 0.725352 0.618304 0.036972 0.023438
12 0.454225 0.619420 0.038732 0.033482
9 0.146127 0.622768 0.038732 0.027902
9 0.725352 0.719866 0.033451 0.024554
5 0.200704 0.770089 0.158451 0.030134
4 0.209507 0.821429 0.126761 0.015625
6 0.500000 0.931920 0.253521 0.046875
