62 0.853873 0.108259 0.109155 0.066964
143 0.651408 0.152902 0.088028 0.042411
0 0.500000 0.119420 0.204225 0.165179
77 0.517606 0.162946 0.153169 0.176339
85 0.690141 0.209821 0.119718 0.098214
109 0.480634 0.261161 0.080986 0.049107
3 0.200704 0.222098 0.209507 0.127232
2 0.799296 0.216518 0.188380 0.138393
21 0.440141 0.283482 0.091549 0.055804
18 0.250000 0.323661 0.049296 0.033482
102 0.867958 0.292411 0.154930 0.120536
133 0.482394 0.369420 0.169014 0.095982
81 0.679577 0.409598 0.151408 0.080357
22 0.144366 0.430804 0.073944 0.044643
136 0.195423 0.521205 0.105634 0.093750
45 0.200704 0.592634 0.107394 0.084821
122 0.413732 0.623884 0.193662 0.104911
34 0.762324 0.678571 0.190141 0.040179
106 0.257042 0.651786 0.179577 0.107143
49 0.242958 0.681920 0.105634 0.087054
149 0.420775 0.675223 0.109155 0.107143
3 0.200704 0.748884 0.183099 0.133929
3 0.797535 0.743304 0.183099 0.145089
40 0.095070 0.796875 0.135563 0.091518
22 0.658451 0.815848 0.073944 0.053571
16 0.207746 0.893973 0.051056 0.042411
0 0.500000 0.844866 0.202465 0.154018
57 0.169014 0.379464 0.336268 0.309152
116 0.330986 0.565848 0.091549 0.055804
6 0.500000 0.022321 0.250000 0.044643
7 0.547535 0.073661 0.091549 0.012277
7 0.887324 0.080357 0.091549 0.012277
8 0.485915 0.073661 0.038732 0.026786
8 0.829225 0.079241 0.035211 0.022321
12 0.651408 0.108259 0.035211 0.026786
4 0.211268 0.116071 0.126761 0.015625
7 0.654930 0.131696 0.033451 0.013393
8 0.626761 0.131696 0.028169 0.020089
5 0.797535 0.131696 0.137324 0.027902
5 0.200704 0.139509 0.142606 0.029018
7 0.713028 0.162946 0.063380 0.012277
8 0.669014 0.162946 0.031690 0.022321
9 0.651408 0.203125 0.045775 0.033482
8 0.867958 0.217634 0.035211 0.022321
7 0.505282 0.232143 0.063380 0.012277
8 0.459507 0.231027 0.035211 0.022321
8 0.250000 0.299107 0.038732 0.026786
12 0.869718 0.303571 0.026408 0.021205
7 0.503521 0.325893 0.061620 0.013393
8 0.461268 0.325893 0.031690 0.022321
7 0.700704 0.367188 0.063380 0.013393
12 0.482394 0.359375 0.054577 0.034598
8 0.654930 0.367188 0.040493 0.026786
9 0.482394 0.450893 0.047535 0.033482
8 0.195423 0.467634 0.028169 0.022321
7 0.218310 0.553571 0.065141 0.012277
8 0.172535 0.554688 0.036972 0.029018
7 0.286972 0.595982 0.091549 0.014509
8 0.230634 0.595982 0.031690 0.022321
7 0.441901 0.620536 0.063380 0.014509
8 0.399648 0.619420 0.028169 0.020089
7 0.260563 0.640625 0.059859 0.012277
8 0.218310 0.639509 0.033451 0.022321
8 0.762324 0.649554 0.028169 0.020089
9 0.257042 0.738839 0.049296 0.033482
5 0.799296 0.763393 0.160211 0.030134
5 0.200704 0.775670 0.144366 0.024554
7 0.693662 0.787946 0.096831 0.014509
8 0.632042 0.787946 0.035211 0.022321
4 0.209507 0.810268 0.126761 0.015625
4 0.804577 0.814732 0.126761 0.015625
7 0.220070 0.877232 0.056338 0.012277
8 0.181338 0.876116 0.028169 0.022321
6 0.500000 0.931920 0.260563 0.046875
