87 0.316901 0.488839 0.394366 0.198661
151 0.255282 0.683036 0.443662 0.227679
0 0.500000 0.123884 0.197183 0.156250
117 0.051056 0.239955 0.102113 0.078125
142 0.302817 0.241071 0.091549 0.080357
1 0.200704 0.229911 0.161972 0.111607
3 0.797535 0.220982 0.144366 0.129464
46 0.512324 0.294643 0.112676 0.089286
72 0.637324 0.304688 0.140845 0.104911
105 0.804577 0.361607 0.190141 0.111607
146 0.792253 0.398438 0.109155 0.102679
52 0.750000 0.449777 0.130282 0.058036
17 0.801056 0.474330 0.077465 0.053571
127 0.198944 0.494420 0.137324 0.091518
105 0.913732 0.496652 0.172535 0.125000
22 0.625000 0.579241 0.077465 0.055804
67 0.702465 0.572545 0.112676 0.078125
98 0.503521 0.614955 0.095070 0.080357
40 0.420775 0.631696 0.133803 0.089286
135 0.684859 0.652902 0.123239 0.093750
101 0.255282 0.684152 0.207746 0.089286
130 0.623239 0.708705 0.169014 0.095982
3 0.200704 0.748884 0.183099 0.133929
3 0.797535 0.748884 0.183099 0.133929
82 0.922535 0.774554 0.154930 0.122768
124 0.843310 0.839286 0.091549 0.053571
0 0.500000 0.845982 0.221831 0.151786
69 0.242958 0.195312 0.091549 0.062500
26 0.802817 0.186384 0.278169 0.136161
36 0.846831 0.455357 0.306338 0.312500
25 0.250000 0.739955 0.070423 0.042411
6 0.500000 0.025670 0.235915 0.037946
4 0.809859 0.113839 0.126761 0.015625
5 0.797535 0.138393 0.137324 0.026786
5 0.200704 0.155134 0.135563 0.026786
8 0.302817 0.190848 0.028169 0.020089
8 0.017606 0.204241 0.033451 0.022321
8 0.512324 0.237723 0.038732 0.026786
8 0.804577 0.299107 0.042254 0.026786
9 0.031690 0.309152 0.063380 0.044643
7 0.795775 0.349330 0.035211 0.013393
8 0.760563 0.348214 0.044014 0.034598
7 0.776408 0.420759 0.066901 0.013393
8 0.728873 0.420759 0.033451 0.022321
7 0.970070 0.433036 0.059859 0.012277
8 0.926056 0.433036 0.036972 0.023438
7 0.232394 0.446429 0.093310 0.012277
7 0.820423 0.453125 0.065141 0.012277
8 0.167254 0.447545 0.042254 0.026786
12 0.801056 0.449777 0.028169 0.022321
8 0.778169 0.452009 0.028169 0.020089
7 0.707747 0.534598 0.033451 0.011161
8 0.679577 0.534598 0.031690 0.022321
9 0.802817 0.541295 0.036972 0.026786
7 0.649648 0.553571 0.063380 0.012277
8 0.605634 0.552455 0.036972 0.029018
12 0.704225 0.558036 0.040493 0.023438
7 0.536972 0.575893 0.088028 0.012277
9 0.198944 0.564732 0.059859 0.043527
8 0.482394 0.575893 0.029930 0.021205
8 0.420775 0.575893 0.035211 0.023438
12 0.503521 0.587054 0.033451 0.026786
8 0.686620 0.600446 0.036972 0.029018
14 0.255282 0.623884 0.070423 0.011161
9 0.316901 0.616071 0.044014 0.032366
8 0.255282 0.622768 0.042254 0.026786
12 0.420775 0.630580 0.028169 0.024554
12 0.684859 0.647321 0.052817 0.025670
7 0.623239 0.658482 0.029930 0.012277
8 0.595070 0.659598 0.033451 0.022321
7 0.947183 0.707589 0.065141 0.014509
9 0.420775 0.697545 0.063380 0.044643
8 0.901408 0.708705 0.035211 0.022321
7 0.250000 0.720982 0.029930 0.012277
8 0.225352 0.720982 0.029930 0.021205
5 0.797535 0.763393 0.158451 0.025670
5 0.200704 0.785714 0.161972 0.025670
9 0.250000 0.796875 0.036972 0.026786
7 0.866197 0.814732 0.065141 0.012277
4 0.209507 0.813616 0.126761 0.015625
8 0.816901 0.814732 0.042254 0.026786
4 0.808099 0.821429 0.126761 0.015625
