0 0.500000 0.116071 0.214789 0.171875
20 0.383803 0.200893 0.066901 0.053571
21 0.434859 0.207589 0.070423 0.044643
3 0.797535 0.219866 0.154930 0.131696
131 0.802817 0.289062 0.154930 0.091518
43 0.135563 0.319196 0.098592 0.084821
16 0.584507 0.398438 0.052817 0.044643
44 0.788732 0.457589 0.147887 0.154018
40 0.843310 0.511161 0.126761 0.093750
143 0.517606 0.592634 0.080986 0.046875
71 0.082746 0.597098 0.098592 0.064732
97 0.647887 0.658482 0.102113 0.080357
82 0.795775 0.659598 0.154930 0.122768
40 0.904930 0.738839 0.126761 0.091518
47 0.533451 0.737723 0.123239 0.095982
2 0.797535 0.748884 0.165493 0.133929
106 0.661972 0.771205 0.165493 0.100446
105 0.089789 0.777902 0.179577 0.109375
72 0.691901 0.794643 0.140845 0.104911
0 0.500000 0.839286 0.227113 0.165179
129 0.529930 0.463170 0.323944 0.151786
36 0.848592 0.459821 0.302817 0.248884
36 0.216549 0.417411 0.433099 0.396205
65 0.109155 0.689732 0.130282 0.084821
4 0.809859 0.111607 0.126761 0.015625
5 0.799296 0.133929 0.142606 0.027902
12 0.383803 0.169643 0.031690 0.030134
12 0.434859 0.177455 0.059859 0.040179
8 0.802817 0.227679 0.044014 0.034598
8 0.135563 0.264509 0.031690 0.022321
9 0.434859 0.268973 0.045775 0.031250
8 0.584507 0.361607 0.026408 0.021205
7 0.799296 0.375000 0.033451 0.012277
8 0.771127 0.375000 0.031690 0.022321
8 0.843310 0.459821 0.028169 0.022321
12 0.788732 0.477679 0.061620 0.042411
8 0.084507 0.564732 0.033451 0.021205
12 0.084507 0.574777 0.029930 0.024554
8 0.795775 0.582589 0.036972 0.029018
9 0.845070 0.582589 0.058099 0.044643
8 0.647887 0.609375 0.040493 0.026786
12 0.795775 0.652902 0.038732 0.024554
8 0.533451 0.674107 0.028169 0.020089
8 0.661972 0.705357 0.028169 0.022321
7 0.066901 0.718750 0.033451 0.012277
8 0.038732 0.718750 0.029930 0.021205
5 0.797535 0.785714 0.137324 0.022321
6 0.500000 0.936384 0.253521 0.046875
