50 0.260563 0.261161 0.392606 0.199777
105 0.366197 0.151786 0.140845 0.098214
0 0.500000 0.123884 0.190141 0.156250
95 0.931338 0.205357 0.137324 0.075893
63 0.897887 0.245536 0.091549 0.062500
2 0.200704 0.219866 0.177817 0.131696
3 0.797535 0.222098 0.207746 0.127232
123 0.309859 0.224330 0.251761 0.127232
72 0.211268 0.306920 0.137324 0.098214
106 0.089789 0.303571 0.179577 0.107143
30 0.595070 0.362723 0.102113 0.049107
62 0.922535 0.428571 0.112676 0.080357
40 0.309859 0.542411 0.137324 0.100446
143 0.804577 0.574777 0.070423 0.058036
22 0.903169 0.600446 0.066901 0.042411
134 0.378521 0.566964 0.190141 0.140625
64 0.367958 0.683036 0.137324 0.082589
117 0.464789 0.684152 0.119718 0.082589
117 0.345070 0.764509 0.102113 0.078125
1 0.200704 0.752232 0.154930 0.128348
1 0.797535 0.754464 0.176056 0.122768
106 0.260563 0.781250 0.179577 0.107143
0 0.500000 0.850446 0.214789 0.142857
150 0.955986 0.216518 0.088028 0.073661
94 0.146127 0.235491 0.151408 0.091518
27 0.096831 0.373884 0.147887 0.087054
6 0.500000 0.022321 0.221831 0.044643
8 0.366197 0.087054 0.035211 0.023438
4 0.809859 0.116071 0.123239 0.015625
5 0.799296 0.140625 0.146127 0.029018
5 0.200704 0.139509 0.158451 0.031250
8 0.309859 0.142857 0.036972 0.029018
8 0.975352 0.158482 0.026408 0.021205
8 0.147887 0.174107 0.033451 0.022321
7 0.924296 0.216518 0.063380 0.013393
153 0.265845 0.208705 0.049296 0.035714
8 0.882042 0.216518 0.031690 0.022321
7 0.235915 0.254464 0.061620 0.012277
8 0.190141 0.255580 0.036972 0.029018
8 0.595070 0.325893 0.044014 0.034598
8 0.922535 0.389509 0.031690 0.022321
12 0.922535 0.408482 0.054577 0.034598
7 0.383803 0.495536 0.029930 0.012277
8 0.352113 0.495536 0.040493 0.026786
9 0.922535 0.494420 0.066901 0.049107
12 0.804577 0.547991 0.049296 0.031250
8 0.774648 0.546875 0.044014 0.034598
7 0.929577 0.573661 0.065141 0.013393
8 0.880282 0.573661 0.038732 0.026786
12 0.378521 0.584821 0.042254 0.032366
7 0.394366 0.645089 0.065141 0.012277
9 0.804577 0.640625 0.035211 0.025670
8 0.352113 0.645089 0.029930 0.021205
8 0.438380 0.646205 0.035211 0.022321
12 0.464789 0.649554 0.047535 0.045759
7 0.366197 0.722098 0.065141 0.013393
8 0.315141 0.722098 0.042254 0.026786
7 0.278169 0.732143 0.061620 0.012277
8 0.235915 0.732143 0.031690 0.022321
5 0.200704 0.758929 0.158451 0.030134
5 0.797535 0.772321 0.144366 0.024554
12 0.260563 0.784598 0.029930 0.024554
