50 0.352113 0.575893 0.394366 0.199777
56 0.598592 0.774554 0.332746 0.166295
0 0.500000 0.120536 0.197183 0.162946
2 0.200704 0.216518 0.188380 0.138393
2 0.797535 0.219866 0.176056 0.131696
114 0.308099 0.318080 0.154930 0.084821
34 0.235915 0.424107 0.188380 0.040179
122 0.646127 0.579241 0.169014 0.142857
75 0.801056 0.649554 0.077465 0.093750
145 0.485915 0.753348 0.091549 0.060268
1 0.799296 0.750000 0.209507 0.130580
58 0.945423 0.877232 0.109155 0.080357
0 0.500000 0.849330 0.165493 0.145089
39 0.855634 0.286830 0.059859 0.051339
27 0.253521 0.658482 0.278169 0.136161
6 0.500000 0.022321 0.250000 0.044643
5 0.200704 0.131696 0.140845 0.027902
5 0.799296 0.138393 0.139085 0.027902
8 0.855634 0.241071 0.044014 0.034598
8 0.308099 0.266741 0.028169 0.020089
8 0.234155 0.386161 0.042254 0.026786
9 0.234155 0.473214 0.063380 0.043527
8 0.646127 0.505580 0.042254 0.026786
8 0.801056 0.595982 0.035211 0.022321
12 0.802817 0.637277 0.051056 0.040179
153 0.753521 0.675223 0.049296 0.035714
7 0.521127 0.718750 0.091549 0.012277
8 0.464789 0.718750 0.028169 0.020089
12 0.485915 0.735491 0.036972 0.031250
5 0.799296 0.779018 0.146127 0.023438
9 0.485915 0.810268 0.063380 0.041295
7 0.978873 0.833705 0.042254 0.013393
8 0.947183 0.832589 0.029930 0.021205
12 0.968310 0.848214 0.047535 0.034598
9 0.966549 0.948661 0.049296 0.034598
