151 0.176056 0.367188 0.352113 0.229911
151 0.346831 0.506696 0.447183 0.225446
0 0.500000 0.117188 0.211268 0.169643
34 0.352113 0.251116 0.176056 0.040179
3 0.200704 0.219866 0.154930 0.131696
67 0.429577 0.272321 0.112676 0.078125
101 0.130282 0.367188 0.211268 0.084821
53 0.089789 0.401786 0.056338 0.033482
101 0.346831 0.506696 0.165493 0.098214
32 0.422535 0.532366 0.091549 0.051339
66 0.463028 0.585938 0.109155 0.075893
58 0.855634 0.606027 0.116197 0.078125
67 0.146127 0.648438 0.112676 0.078125
143 0.964789 0.781250 0.070423 0.055804
3 0.200704 0.743304 0.183099 0.145089
1 0.797535 0.753348 0.147887 0.125000
74 0.584507 0.786830 0.123239 0.062500
19 0.205986 0.813616 0.077465 0.040179
30 0.781690 0.813616 0.095070 0.055804
21 0.755282 0.885045 0.070423 0.055804
0 0.500000 0.850446 0.190141 0.142857
129 0.063380 0.529018 0.126761 0.103795
79 0.154930 0.751116 0.137324 0.125000
4 0.211268 0.111607 0.112676 0.014509
5 0.200704 0.139509 0.146127 0.035714
8 0.352113 0.218750 0.042254 0.026786
7 0.433099 0.236607 0.033451 0.013393
8 0.403169 0.236607 0.035211 0.022321
12 0.429577 0.247768 0.021127 0.017857
14 0.130282 0.308036 0.070423 0.013393
8 0.130282 0.323661 0.026408 0.021205
9 0.429577 0.328125 0.080986 0.060268
7 0.114437 0.385045 0.063380 0.013393
8 0.066901 0.385045 0.038732 0.026786
14 0.346831 0.441964 0.070423 0.013393
7 0.355634 0.462054 0.033451 0.012277
8 0.322183 0.462054 0.038732 0.026786
7 0.447183 0.504464 0.059859 0.012277
8 0.406690 0.503348 0.028169 0.022321
8 0.463028 0.535714 0.031690 0.022321
7 0.866197 0.562500 0.033451 0.012277
8 0.834507 0.561384 0.036972 0.029018
12 0.464789 0.564732 0.051056 0.039062
8 0.146127 0.597098 0.028169 0.020089
12 0.855634 0.595982 0.029930 0.024554
9 0.348592 0.599330 0.033451 0.024554
9 0.464789 0.654018 0.047535 0.034598
7 0.172535 0.685268 0.061620 0.012277
8 0.130282 0.685268 0.029930 0.021205
9 0.855634 0.680804 0.051056 0.035714
9 0.146127 0.714286 0.063380 0.044643
7 0.975352 0.752232 0.049296 0.014509
8 0.584507 0.750000 0.031690 0.022321
8 0.936620 0.752232 0.036972 0.023438
12 0.966549 0.763393 0.035211 0.033482
5 0.797535 0.779018 0.147887 0.023438
5 0.200704 0.779018 0.156690 0.025670
8 0.757042 0.783482 0.035211 0.022321
4 0.207746 0.816964 0.126761 0.015625
