0 0.500000 0.118304 0.214789 0.167411
3 0.200704 0.213170 0.207746 0.145089
2 0.797535 0.219866 0.190141 0.131696
77 0.845070 0.241071 0.147887 0.136161
40 0.806338 0.339286 0.130282 0.093750
60 0.468310 0.363839 0.080986 0.064732
49 0.200704 0.474330 0.105634 0.075893
105 0.528169 0.614955 0.190141 0.102679
2 0.200704 0.751116 0.179577 0.129464
3 0.797535 0.743304 0.183099 0.145089
0 0.500000 0.850446 0.214789 0.142857
27 0.487676 0.453125 0.151408 0.097098
4 0.211268 0.098214 0.126761 0.015625
5 0.200704 0.121652 0.146127 0.029018
5 0.799296 0.136161 0.142606 0.030134
8 0.845070 0.169643 0.026408 0.021205
8 0.468310 0.321429 0.040493 0.026786
7 0.239437 0.437500 0.091549 0.012277
8 0.183099 0.437500 0.028169 0.022321
7 0.552817 0.562500 0.065141 0.014509
8 0.503521 0.563616 0.040493 0.026786
5 0.797535 0.772321 0.137324 0.023438
5 0.200704 0.783482 0.144366 0.026786
4 0.808099 0.810268 0.126761 0.015625
6 0.500000 0.935268 0.253521 0.046875
