139 0.515845 0.045759 0.130282 0.091518
23 0.860915 0.107143 0.063380 0.064732
0 0.500000 0.125000 0.186620 0.154018
28 0.646127 0.187500 0.102113 0.064732
3 0.200704 0.212054 0.176056 0.147321
74 0.262324 0.280134 0.066901 0.058036
67 0.855634 0.327009 0.112676 0.078125
144 0.149648 0.334821 0.112676 0.064732
141 0.433099 0.334821 0.172535 0.095982
16 0.806338 0.368304 0.052817 0.044643
141 0.632042 0.434152 0.172535 0.091518
96 0.251761 0.515625 0.105634 0.082589
37 0.429577 0.602679 0.093310 0.077009
85 0.051056 0.585938 0.102113 0.133929
106 0.140845 0.638393 0.165493 0.100446
45 0.786972 0.657366 0.098592 0.078125
130 0.528169 0.735491 0.183099 0.136161
100 0.369718 0.765625 0.079225 0.092634
3 0.200704 0.755580 0.137324 0.120536
2 0.797535 0.743304 0.176056 0.145089
0 0.500000 0.845982 0.221831 0.151786
94 0.096831 0.109375 0.193662 0.073661
41 0.059859 0.224330 0.119718 0.167411
91 0.526408 0.622768 0.154930 0.095982
65 0.792253 0.875000 0.116197 0.051339
8 0.045775 0.058036 0.036972 0.023438
7 0.897887 0.078125 0.091549 0.012277
8 0.841549 0.078125 0.029930 0.021205
4 0.211268 0.097098 0.123239 0.015625
5 0.200704 0.120536 0.161972 0.032366
8 0.035211 0.130580 0.033451 0.022321
8 0.647887 0.150670 0.040493 0.026786
9 0.045775 0.180804 0.040493 0.027902
8 0.433099 0.276786 0.028169 0.020089
7 0.873239 0.292411 0.059859 0.012277
8 0.151408 0.291295 0.033451 0.022321
8 0.832747 0.292411 0.031690 0.022321
12 0.433099 0.330357 0.049296 0.036830
7 0.845070 0.341518 0.089789 0.014509
8 0.786972 0.341518 0.035211 0.022321
7 0.669014 0.383929 0.096831 0.014509
8 0.602113 0.383929 0.044014 0.034598
12 0.633803 0.418527 0.047535 0.031250
8 0.251761 0.468750 0.028169 0.020089
8 0.028169 0.504464 0.026408 0.021205
9 0.633803 0.512277 0.061620 0.040179
8 0.429577 0.546875 0.040493 0.025670
8 0.526408 0.565848 0.035211 0.022321
7 0.161972 0.587054 0.063380 0.013393
8 0.116197 0.587054 0.038732 0.026786
147 0.716549 0.592634 0.042254 0.040179
7 0.808099 0.613839 0.063380 0.012277
8 0.760563 0.613839 0.040493 0.026786
8 0.528169 0.661830 0.033451 0.022321
9 0.029930 0.685268 0.059859 0.041295
8 0.369718 0.713170 0.042254 0.026786
12 0.528169 0.747768 0.031690 0.027902
12 0.369718 0.756696 0.028169 0.023438
5 0.200704 0.774554 0.137324 0.022321
5 0.799296 0.781250 0.149648 0.027902
4 0.205986 0.813616 0.126761 0.015625
9 0.528169 0.830357 0.052817 0.039062
8 0.792253 0.845982 0.029930 0.021205
9 0.792253 0.924107 0.063380 0.045759
