56 0.676056 0.200893 0.334507 0.166295
66 0.098592 0.075893 0.105634 0.071429
0 0.500000 0.126116 0.186620 0.151786
1 0.200704 0.218750 0.221831 0.132812
3 0.797535 0.222098 0.207746 0.127232
120 0.642606 0.316964 0.144366 0.091518
37 0.369718 0.362723 0.089789 0.066964
88 0.788732 0.434152 0.123239 0.087054
1 0.200704 0.750000 0.170775 0.130580
1 0.797535 0.744420 0.186620 0.142857
0 0.500000 0.838170 0.197183 0.167411
125 0.575704 0.123884 0.123239 0.089286
7 0.116197 0.042411 0.063380 0.012277
8 0.075704 0.041295 0.028169 0.022321
4 0.809859 0.116071 0.123239 0.015625
5 0.200704 0.135045 0.144366 0.029018
5 0.797535 0.143973 0.154930 0.031250
9 0.098592 0.142857 0.066901 0.050223
8 0.642606 0.256696 0.042254 0.026786
8 0.367958 0.325893 0.035211 0.023438
7 0.806338 0.386161 0.065141 0.012277
8 0.764085 0.386161 0.033451 0.022321
9 0.788732 0.516741 0.036972 0.026786
5 0.200704 0.764509 0.140845 0.024554
5 0.797535 0.781250 0.154930 0.025670
6 0.500000 0.936384 0.253521 0.046875
