0 0.500000 0.123884 0.190141 0.156250
3 0.200704 0.220982 0.144366 0.129464
30 0.360915 0.309152 0.084507 0.049107
15 0.475352 0.652902 0.065141 0.042411
43 0.410211 0.690848 0.084507 0.089286
124 0.364437 0.772321 0.084507 0.047991
2 0.200704 0.739955 0.197183 0.151786
2 0.797535 0.742188 0.158451 0.147321
31 0.204225 0.835938 0.072183 0.060268
0 0.500000 0.842634 0.246479 0.158482
54 0.045775 0.621652 0.089789 0.098214
6 0.500000 0.022321 0.221831 0.044643
4 0.211268 0.113839 0.126761 0.015625
5 0.200704 0.140625 0.137324 0.026786
7 0.380282 0.280134 0.066901 0.013393
8 0.334507 0.280134 0.035211 0.022321
147 0.725352 0.487723 0.044014 0.037946
8 0.475352 0.627232 0.026408 0.021205
7 0.413732 0.642857 0.035211 0.012277
8 0.380282 0.642857 0.040493 0.026786
9 0.475352 0.698661 0.061620 0.046875
5 0.200704 0.765625 0.161972 0.026786
5 0.799296 0.770089 0.153169 0.024554
8 0.204225 0.797991 0.028169 0.022321
