0 0.500000 0.125000 0.216549 0.152902
108 0.364437 0.197545 0.084507 0.053571
122 0.857394 0.252232 0.204225 0.111607
51 0.480634 0.616071 0.151408 0.095982
2 0.797535 0.751116 0.179577 0.129464
30 0.744718 0.842634 0.080986 0.051339
0 0.500000 0.838170 0.197183 0.167411
41 0.656690 0.216518 0.119718 0.167411
65 0.906690 0.674107 0.112676 0.091518
7 0.679577 0.131696 0.061620 0.013393
8 0.639085 0.131696 0.028169 0.020089
7 0.387324 0.167411 0.063380 0.013393
8 0.348592 0.167411 0.026408 0.021205
8 0.482394 0.566964 0.029930 0.021205
7 0.926056 0.631696 0.061620 0.012277
8 0.878521 0.630580 0.042254 0.026786
9 0.906690 0.747768 0.049296 0.036830
5 0.799296 0.761161 0.156690 0.030134
7 0.771127 0.811384 0.065141 0.013393
8 0.725352 0.811384 0.033451 0.022321
9 0.746479 0.892857 0.047535 0.034598
6 0.500000 0.930804 0.246479 0.044643
