87 0.107394 0.687500 0.214789 0.198661
0 0.500000 0.126116 0.190141 0.151786
2 0.200704 0.219866 0.176056 0.131696
2 0.797535 0.218750 0.179577 0.133929
139 0.508803 0.258929 0.109155 0.084821
61 0.123239 0.350446 0.151408 0.080357
85 0.198944 0.372768 0.098592 0.084821
108 0.575704 0.397321 0.066901 0.051339
71 0.417254 0.411830 0.073944 0.089286
96 0.350352 0.525670 0.112676 0.078125
53 0.485915 0.595982 0.070423 0.031250
120 0.924296 0.594866 0.151408 0.095982
124 0.672535 0.633929 0.098592 0.060268
83 0.191901 0.695312 0.088028 0.053571
143 0.366197 0.718750 0.077465 0.060268
89 0.544014 0.705357 0.105634 0.104911
1 0.200704 0.757812 0.161972 0.116071
3 0.797535 0.748884 0.169014 0.133929
88 0.179577 0.860491 0.112676 0.060268
0 0.500000 0.849330 0.165493 0.145089
69 0.093310 0.516741 0.070423 0.053571
65 0.316901 0.885045 0.130282 0.071429
6 0.500000 0.029018 0.250000 0.042411
5 0.797535 0.137277 0.158451 0.031250
5 0.200704 0.140625 0.154930 0.037946
8 0.510563 0.216518 0.026408 0.021205
7 0.128521 0.305804 0.035211 0.012277
8 0.102113 0.305804 0.028169 0.022321
8 0.198944 0.316964 0.028169 0.020089
7 0.441901 0.363839 0.063380 0.014509
7 0.616197 0.371652 0.093310 0.013393
8 0.397887 0.364955 0.036972 0.029018
8 0.559859 0.371652 0.028169 0.020089
153 0.309859 0.458705 0.049296 0.037946
7 0.355634 0.484375 0.033451 0.012277
8 0.323944 0.485491 0.036972 0.029018
7 0.975352 0.543527 0.047535 0.013393
8 0.941901 0.543527 0.028169 0.020089
8 0.485915 0.578125 0.028169 0.022321
9 0.485915 0.633929 0.066901 0.047991
8 0.191901 0.651786 0.028169 0.022321
7 0.552817 0.656250 0.033451 0.012277
8 0.524648 0.656250 0.029930 0.021205
7 0.382042 0.686384 0.063380 0.013393
8 0.339789 0.686384 0.028169 0.020089
5 0.797535 0.770089 0.147887 0.025670
5 0.200704 0.789062 0.146127 0.024554
4 0.806338 0.818080 0.126761 0.015625
7 0.202465 0.831473 0.063380 0.013393
9 0.028169 0.821429 0.056338 0.042411
8 0.158451 0.830357 0.036972 0.023438
8 0.316901 0.845982 0.040493 0.025670
