66 0.360915 0.095982 0.105634 0.071429
0 0.500000 0.116071 0.214789 0.171875
2 0.200704 0.219866 0.177817 0.131696
1 0.797535 0.223214 0.151408 0.123884
111 0.484155 0.333705 0.147887 0.113839
22 0.577465 0.387277 0.084507 0.049107
140 0.419014 0.390625 0.073944 0.060268
149 0.947183 0.371652 0.105634 0.107143
143 0.797535 0.511161 0.088028 0.042411
146 0.102113 0.508929 0.109155 0.095982
105 0.762324 0.554688 0.172535 0.125000
60 0.795775 0.613839 0.088028 0.060268
46 0.621479 0.710938 0.123239 0.073661
1 0.200704 0.752232 0.154930 0.128348
1 0.797535 0.761161 0.161972 0.109375
134 0.852113 0.844866 0.197183 0.133929
0 0.500000 0.849330 0.165493 0.145089
57 0.274648 0.183036 0.549296 0.309152
7 0.387324 0.054688 0.066901 0.011161
8 0.341549 0.055804 0.033451 0.021205
5 0.200704 0.140625 0.153169 0.030134
5 0.797535 0.149554 0.140845 0.034598
7 0.507042 0.280134 0.061620 0.013393
8 0.464789 0.280134 0.036972 0.029018
8 0.971831 0.313616 0.033451 0.022321
12 0.577465 0.342634 0.063380 0.040179
8 0.419014 0.356027 0.035211 0.022321
7 0.602113 0.368304 0.065141 0.014509
8 0.556338 0.368304 0.033451 0.021205
9 0.485915 0.419643 0.044014 0.030134
7 0.109155 0.456473 0.033451 0.011161
9 0.577465 0.450893 0.036972 0.026786
8 0.077465 0.455357 0.036972 0.023438
9 0.955986 0.445312 0.088028 0.064732
7 0.794014 0.488839 0.091549 0.012277
8 0.737676 0.487723 0.028169 0.022321
7 0.820423 0.578125 0.061620 0.013393
8 0.772887 0.578125 0.042254 0.026786
7 0.640845 0.671875 0.065141 0.013393
8 0.598592 0.671875 0.033451 0.022321
7 0.878521 0.775670 0.063380 0.013393
5 0.200704 0.776786 0.158451 0.025670
5 0.799296 0.777902 0.142606 0.024554
