33 0.193662 0.459821 0.362676 0.181920
50 0.184859 0.546875 0.369718 0.199777
0 0.500000 0.123884 0.190141 0.156250
42 0.297535 0.189732 0.088028 0.060268
85 0.690141 0.176339 0.105634 0.104911
2 0.200704 0.219866 0.190141 0.131696
3 0.797535 0.222098 0.207746 0.127232
136 0.825704 0.260045 0.095070 0.091518
80 0.367958 0.291295 0.109155 0.089286
85 0.098592 0.293527 0.119718 0.098214
77 0.471831 0.295759 0.149648 0.129464
117 0.103873 0.322545 0.109155 0.078125
42 0.672535 0.429688 0.073944 0.064732
82 0.158451 0.405134 0.158451 0.120536
139 0.584507 0.594866 0.116197 0.069196
62 0.792253 0.664062 0.098592 0.073661
19 0.867958 0.686384 0.066901 0.037946
78 0.954225 0.688616 0.089789 0.069196
142 0.459507 0.705357 0.095070 0.069196
43 0.375000 0.707589 0.084507 0.089286
74 0.477113 0.741071 0.084507 0.069196
63 0.366197 0.773438 0.091549 0.058036
1 0.200704 0.752232 0.169014 0.127232
2 0.797535 0.739955 0.169014 0.151786
19 0.359155 0.838170 0.077465 0.051339
0 0.500000 0.839286 0.227113 0.165179
25 0.426056 0.762277 0.112676 0.033482
92 0.788732 0.813616 0.169014 0.104911
125 0.049296 0.852679 0.098592 0.089286
6 0.500000 0.022321 0.250000 0.044643
4 0.809859 0.116071 0.126761 0.015625
8 0.665493 0.118304 0.042254 0.026786
5 0.200704 0.138393 0.135563 0.026786
5 0.797535 0.142857 0.154930 0.032366
12 0.299296 0.149554 0.065141 0.031250
7 0.323944 0.165179 0.061620 0.012277
8 0.274648 0.164062 0.040493 0.026786
8 0.825704 0.214286 0.031690 0.022321
8 0.471831 0.220982 0.036972 0.023438
7 0.387324 0.241071 0.061620 0.012277
8 0.098592 0.236607 0.042254 0.026786
8 0.341549 0.241071 0.036972 0.029018
7 0.130282 0.285714 0.063380 0.013393
8 0.084507 0.285714 0.035211 0.022321
7 0.176056 0.344866 0.065141 0.013393
8 0.130282 0.344866 0.031690 0.022321
9 0.369718 0.368304 0.047535 0.034598
9 0.098592 0.372768 0.044014 0.032366
7 0.621479 0.560268 0.091549 0.012277
8 0.566901 0.561384 0.028169 0.022321
7 0.806338 0.627232 0.059859 0.012277
8 0.762324 0.627232 0.035211 0.022321
7 0.397887 0.658482 0.059859 0.011161
8 0.357394 0.658482 0.028169 0.022321
8 0.459507 0.660714 0.031690 0.022321
8 0.478873 0.702009 0.033451 0.022321
8 0.366197 0.735491 0.035211 0.022321
8 0.426056 0.737723 0.031690 0.022321
5 0.200704 0.763393 0.147887 0.023438
5 0.797535 0.763393 0.147887 0.025670
8 0.760563 0.764509 0.036972 0.029018
9 0.461268 0.763393 0.058099 0.040179
7 0.383803 0.813616 0.065141 0.013393
8 0.332746 0.813616 0.042254 0.026786
12 0.359155 0.816964 0.038732 0.029018
