151 0.478873 0.164062 0.447183 0.225446
0 0.500000 0.123884 0.197183 0.156250
101 0.478873 0.165179 0.204225 0.100446
127 0.457746 0.210938 0.137324 0.091518
2 0.200704 0.216518 0.188380 0.138393
3 0.797535 0.210938 0.165493 0.149554
75 0.262324 0.243304 0.084507 0.127232
21 0.415493 0.290179 0.077465 0.046875
96 0.417254 0.359375 0.112676 0.071429
106 0.202465 0.361607 0.179577 0.107143
100 0.781690 0.401786 0.079225 0.092634
114 0.735915 0.398438 0.140845 0.104911
130 0.202465 0.420759 0.144366 0.107143
126 0.075704 0.420759 0.151408 0.109375
83 0.954225 0.551339 0.091549 0.062500
22 0.838028 0.564732 0.073944 0.044643
122 0.721831 0.551339 0.204225 0.100446
102 0.896127 0.552455 0.144366 0.127232
20 0.632042 0.600446 0.063380 0.042411
120 0.424296 0.620536 0.126761 0.073661
85 0.744718 0.609375 0.105634 0.100446
143 0.588028 0.640625 0.084507 0.053571
17 0.533451 0.652902 0.091549 0.049107
102 0.255282 0.635045 0.151408 0.122768
2 0.200704 0.731027 0.179577 0.169643
3 0.797535 0.743304 0.183099 0.145089
0 0.500000 0.839286 0.227113 0.165179
129 0.123239 0.503348 0.246479 0.162946
14 0.478873 0.093750 0.070423 0.013393
4 0.809859 0.093750 0.126761 0.015625
7 0.503521 0.117188 0.061620 0.013393
8 0.457746 0.117188 0.031690 0.022321
5 0.799296 0.120536 0.153169 0.030134
5 0.200704 0.129464 0.154930 0.032366
7 0.496479 0.165179 0.096831 0.014509
8 0.429577 0.165179 0.042254 0.026786
12 0.415493 0.246652 0.059859 0.029018
8 0.415493 0.255580 0.031690 0.022321
7 0.440141 0.323661 0.066901 0.013393
8 0.390845 0.323661 0.044014 0.034598
8 0.735915 0.337054 0.042254 0.026786
12 0.417254 0.339286 0.031690 0.025670
7 0.808099 0.354911 0.063380 0.013393
8 0.035211 0.348214 0.040493 0.026786
7 0.235915 0.361607 0.091549 0.012277
8 0.758803 0.354911 0.042254 0.026786
8 0.179577 0.361607 0.033451 0.022321
8 0.721831 0.484375 0.026408 0.021205
8 0.954225 0.501116 0.038732 0.026786
12 0.721831 0.535714 0.054577 0.041295
7 0.640845 0.575893 0.033451 0.013393
7 0.276408 0.577009 0.066901 0.013393
8 0.607394 0.575893 0.038732 0.026786
7 0.448944 0.584821 0.063380 0.011161
8 0.227113 0.577009 0.042254 0.026786
8 0.406690 0.584821 0.028169 0.020089
8 0.588028 0.602679 0.031690 0.022321
8 0.510563 0.623884 0.028169 0.022321
12 0.533451 0.627232 0.059859 0.035714
9 0.255282 0.731027 0.052817 0.037946
5 0.797535 0.762277 0.144366 0.024554
5 0.200704 0.770089 0.154930 0.026786
4 0.804577 0.822545 0.126761 0.015625
6 0.500000 0.938616 0.253521 0.046875
