0 0.500000 0.118304 0.214789 0.167411
55 0.297535 0.208705 0.077465 0.091518
85 0.677817 0.234375 0.109155 0.100446
2 0.200704 0.218750 0.179577 0.133929
37 0.380282 0.274554 0.093310 0.077009
18 0.588028 0.367188 0.049296 0.035714
28 0.633803 0.351562 0.116197 0.071429
113 0.864437 0.356027 0.137324 0.071429
90 0.429577 0.387277 0.130282 0.064732
131 0.741197 0.399554 0.154930 0.091518
53 0.033451 0.430804 0.056338 0.033482
15 0.271127 0.446429 0.045775 0.040179
28 0.904930 0.544643 0.147887 0.071429
133 0.556338 0.579241 0.176056 0.120536
37 0.429577 0.656250 0.102113 0.068080
126 0.544014 0.642857 0.151408 0.109375
3 0.200704 0.748884 0.169014 0.133929
2 0.797535 0.743304 0.176056 0.145089
16 0.795775 0.815848 0.058099 0.044643
49 0.920775 0.803571 0.102113 0.073661
0 0.500000 0.839286 0.227113 0.165179
25 0.649648 0.478795 0.102113 0.033482
41 0.248239 0.835938 0.116197 0.116071
6 0.500000 0.021205 0.250000 0.042411
5 0.200704 0.136161 0.151408 0.030134
7 0.316901 0.162946 0.063380 0.012277
8 0.271127 0.162946 0.036972 0.023438
12 0.297535 0.204241 0.059859 0.029018
7 0.658451 0.313616 0.061620 0.013393
8 0.616197 0.313616 0.028169 0.022321
8 0.864437 0.312500 0.038732 0.026786
7 0.609155 0.344866 0.065141 0.013393
7 0.779930 0.348214 0.091549 0.013393
8 0.559859 0.344866 0.042254 0.026786
8 0.725352 0.348214 0.026408 0.021205
7 0.447183 0.359375 0.063380 0.013393
8 0.404930 0.359375 0.029930 0.021205
12 0.742958 0.379464 0.058099 0.036830
7 0.065141 0.412946 0.091549 0.012277
8 0.019366 0.412946 0.038732 0.026786
9 0.633803 0.417411 0.068662 0.044643
7 0.686620 0.459821 0.093310 0.012277
8 0.628521 0.459821 0.031690 0.022321
9 0.741197 0.468750 0.059859 0.043527
8 0.904930 0.500000 0.035211 0.023438
7 0.572183 0.523438 0.063380 0.013393
8 0.528169 0.523438 0.036972 0.029018
8 0.545775 0.569196 0.044014 0.034598
9 0.904930 0.618304 0.033451 0.024554
9 0.545775 0.727679 0.054577 0.039062
8 0.922535 0.750000 0.044014 0.034598
5 0.797535 0.761161 0.158451 0.026786
5 0.200704 0.768973 0.146127 0.024554
7 0.272887 0.781250 0.063380 0.011161
12 0.795775 0.786830 0.019366 0.015625
8 0.228873 0.781250 0.036972 0.029018
7 0.811620 0.796875 0.063380 0.012277
8 0.771127 0.797991 0.028169 0.022321
12 0.920775 0.795759 0.049296 0.029018
4 0.205986 0.815848 0.126761 0.015625
9 0.922535 0.868304 0.051056 0.034598
9 0.795775 0.875000 0.051056 0.039062
