16 0.971831 0.089286 0.052817 0.044643
105 0.697183 0.103795 0.179577 0.109375
0 0.500000 0.118304 0.214789 0.167411
98 0.904930 0.210938 0.088028 0.078125
3 0.200704 0.213170 0.207746 0.145089
2 0.797535 0.219866 0.183099 0.131696
135 0.711268 0.243304 0.144366 0.102679
98 0.658451 0.280134 0.084507 0.075893
73 0.646127 0.310268 0.119718 0.062500
132 0.088028 0.312500 0.151408 0.098214
38 0.146127 0.366071 0.109155 0.052455
100 0.213028 0.364955 0.130282 0.082589
47 0.061620 0.363839 0.123239 0.095982
23 0.080986 0.412946 0.063380 0.058036
134 0.693662 0.379464 0.197183 0.133929
72 0.188380 0.454241 0.140845 0.104911
117 0.350352 0.515625 0.102113 0.078125
135 0.785211 0.533482 0.158451 0.098214
66 0.531690 0.573661 0.105634 0.071429
121 0.480634 0.597098 0.126761 0.084821
71 0.948944 0.639509 0.066901 0.069196
109 0.198944 0.649554 0.070423 0.058036
140 0.906690 0.675223 0.084507 0.049107
2 0.200704 0.748884 0.161972 0.133929
1 0.797535 0.752232 0.154930 0.128348
0 0.500000 0.844866 0.202465 0.154018
96 0.778169 0.887277 0.112676 0.071429
54 0.867958 0.069196 0.119718 0.089286
26 0.580986 0.738839 0.276408 0.136161
6 0.500000 0.022321 0.250000 0.044643
7 0.718310 0.044643 0.065141 0.012277
8 0.674296 0.043527 0.028169 0.020089
7 0.982394 0.069196 0.035211 0.010045
8 0.957747 0.069196 0.026408 0.021205
4 0.211268 0.098214 0.126761 0.015625
5 0.200704 0.122768 0.142606 0.029018
5 0.797535 0.138393 0.161972 0.032366
8 0.904930 0.160714 0.029930 0.021205
7 0.732394 0.191964 0.063380 0.014509
8 0.690141 0.190848 0.033451 0.022321
8 0.658451 0.228795 0.028169 0.020089
8 0.088028 0.261161 0.040493 0.026786
7 0.683099 0.283482 0.096831 0.014509
8 0.621479 0.282366 0.035211 0.022321
8 0.045775 0.308036 0.036972 0.023438
7 0.228873 0.321429 0.059859 0.011161
8 0.190141 0.321429 0.026408 0.021205
8 0.147887 0.322545 0.033451 0.022321
9 0.711268 0.312500 0.065141 0.047991
12 0.147887 0.345982 0.036972 0.027902
9 0.658451 0.348214 0.061620 0.043527
7 0.096831 0.382812 0.063380 0.013393
8 0.049296 0.382812 0.038732 0.026786
12 0.693662 0.385045 0.029930 0.024554
9 0.146127 0.422991 0.063380 0.046875
8 0.350352 0.459821 0.038732 0.026786
8 0.785211 0.464286 0.044014 0.034598
7 0.535211 0.537946 0.033451 0.013393
8 0.508803 0.537946 0.028169 0.022321
7 0.507042 0.558036 0.065141 0.013393
8 0.455986 0.558036 0.042254 0.026786
8 0.200704 0.608259 0.033451 0.022321
9 0.531690 0.629464 0.061620 0.044643
7 0.929577 0.652902 0.058099 0.013393
8 0.889085 0.652902 0.028169 0.020089
5 0.200704 0.774554 0.144366 0.023438
5 0.797535 0.787946 0.158451 0.025670
7 0.802817 0.856027 0.061620 0.013393
8 0.757042 0.857143 0.036972 0.023438
9 0.778169 0.956473 0.038732 0.026786
