50 0.573944 0.118304 0.392606 0.199777
33 0.265845 0.535714 0.080986 0.059152
0 0.500000 0.123884 0.190141 0.156250
117 0.625000 0.214286 0.119718 0.078125
2 0.200704 0.216518 0.188380 0.138393
138 0.552817 0.251116 0.158451 0.113839
28 0.473592 0.277902 0.112676 0.080357
85 0.373239 0.285714 0.119718 0.098214
15 0.473592 0.320312 0.049296 0.035714
66 0.693662 0.349330 0.109155 0.075893
67 0.403169 0.572545 0.112676 0.078125
95 0.640845 0.728795 0.112676 0.075893
2 0.200704 0.731027 0.179577 0.169643
3 0.797535 0.748884 0.183099 0.133929
0 0.500000 0.844866 0.202465 0.154018
65 0.853873 0.131696 0.130282 0.055804
65 0.727113 0.522321 0.130282 0.053571
91 0.917253 0.618304 0.165493 0.102679
6 0.500000 0.023438 0.250000 0.042411
7 0.871479 0.099330 0.063380 0.011161
8 0.827465 0.100446 0.029930 0.021205
5 0.200704 0.128348 0.146127 0.029018
7 0.658451 0.171875 0.096831 0.014509
8 0.596831 0.172991 0.031690 0.022321
8 0.373239 0.229911 0.044014 0.034598
8 0.473592 0.285714 0.031690 0.022321
7 0.711268 0.308036 0.065141 0.012277
8 0.672535 0.308036 0.026408 0.021205
8 0.727113 0.477679 0.038732 0.026786
8 0.404930 0.513393 0.044014 0.034598
12 0.404930 0.560268 0.022887 0.017857
7 0.964789 0.562500 0.033451 0.012277
8 0.933099 0.562500 0.044014 0.034598
9 0.404930 0.640625 0.051056 0.037946
8 0.640845 0.680804 0.044014 0.034598
5 0.200704 0.767857 0.147887 0.027902
5 0.799296 0.765625 0.156690 0.030134
4 0.808099 0.823661 0.123239 0.015625
