2 0.200704 0.219866 0.177817 0.131696
127 0.744718 0.510045 0.137324 0.091518
80 0.478873 0.582589 0.105634 0.095982
67 0.672535 0.662946 0.112676 0.078125
77 0.866197 0.657366 0.147887 0.136161
61 0.144366 0.697545 0.102113 0.075893
74 0.329225 0.752232 0.123239 0.062500
2 0.200704 0.748884 0.161972 0.133929
1 0.797535 0.761161 0.161972 0.109375
0 0.500000 0.839286 0.227113 0.165179
125 0.651408 0.428571 0.140845 0.140625
5 0.200704 0.138393 0.140845 0.027902
147 0.897887 0.342634 0.052817 0.037946
8 0.744718 0.466518 0.028169 0.022321
8 0.478873 0.517857 0.042254 0.026786
12 0.478873 0.578125 0.047535 0.023438
8 0.866197 0.583705 0.042254 0.026786
8 0.672535 0.616071 0.035211 0.022321
8 0.144366 0.655134 0.038732 0.026786
9 0.478873 0.660714 0.061620 0.045759
8 0.330986 0.705357 0.029930 0.021205
5 0.799296 0.767857 0.142606 0.026786
5 0.200704 0.781250 0.161972 0.030134
6 0.500000 0.929688 0.253521 0.046875
