119 0.628521 0.609375 0.450704 0.227679
82 0.077465 0.101562 0.154930 0.122768
0 0.500000 0.121652 0.232394 0.160714
40 0.633803 0.171875 0.126761 0.093750
34 0.309859 0.302455 0.181338 0.042411
72 0.802817 0.282366 0.137324 0.095982
108 0.389085 0.389509 0.088028 0.055804
80 0.272887 0.373884 0.109155 0.089286
16 0.625000 0.457589 0.052817 0.042411
80 0.926056 0.607143 0.147887 0.073661
53 0.698944 0.734375 0.056338 0.033482
102 0.607394 0.738839 0.211268 0.100446
3 0.200704 0.748884 0.169014 0.133929
2 0.797535 0.731027 0.179577 0.169643
0 0.500000 0.847098 0.228873 0.149554
48 0.262324 0.220982 0.116197 0.060268
6 0.500000 0.022321 0.250000 0.044643
8 0.045775 0.030134 0.031690 0.022321
7 0.279930 0.195312 0.063380 0.013393
8 0.239437 0.195312 0.028169 0.020089
8 0.802817 0.225446 0.033451 0.022321
7 0.334507 0.279018 0.065141 0.013393
9 0.264085 0.272321 0.075704 0.050223
8 0.272887 0.323661 0.028169 0.020089
7 0.408451 0.366071 0.061620 0.014509
8 0.366197 0.366071 0.031690 0.022321
7 0.646127 0.437500 0.063380 0.012277
8 0.598592 0.437500 0.040493 0.025670
9 0.274648 0.445312 0.054577 0.040179
9 0.389085 0.452009 0.049296 0.035714
7 0.970070 0.568080 0.059859 0.013393
8 0.922535 0.568080 0.040493 0.026786
8 0.607394 0.669643 0.042254 0.026786
12 0.698944 0.698661 0.052817 0.039062
8 0.698944 0.710938 0.042254 0.026786
5 0.799296 0.770089 0.142606 0.025670
9 0.700704 0.774554 0.061620 0.046875
5 0.200704 0.787946 0.140845 0.022321
4 0.205986 0.821429 0.112676 0.014509
