56 0.630282 0.087054 0.332746 0.166295
87 0.144366 0.357143 0.286972 0.197545
119 0.323944 0.727679 0.450704 0.227679
132 0.075704 0.114955 0.151408 0.100446
0 0.500000 0.125000 0.216549 0.152902
142 0.302817 0.250000 0.116197 0.058036
1 0.200704 0.227679 0.158451 0.116071
2 0.797535 0.219866 0.176056 0.131696
17 0.191901 0.313616 0.070423 0.053571
52 0.061620 0.318080 0.123239 0.064732
71 0.411972 0.311384 0.073944 0.078125
31 0.728873 0.392857 0.086268 0.063616
146 0.172535 0.470982 0.116197 0.104911
135 0.927817 0.503348 0.144366 0.091518
70 0.154930 0.525670 0.080986 0.060268
80 0.635563 0.529018 0.140845 0.071429
93 0.471831 0.619420 0.070423 0.049107
42 0.739437 0.689732 0.082746 0.062500
134 0.674296 0.652902 0.197183 0.138393
141 0.299296 0.717634 0.207746 0.109375
2 0.200704 0.739955 0.169014 0.151786
1 0.797535 0.752232 0.169014 0.127232
114 0.088028 0.773438 0.151408 0.089286
0 0.500000 0.841518 0.221831 0.160714
64 0.369718 0.887277 0.154930 0.069196
41 0.880282 0.314732 0.116197 0.116071
54 0.948944 0.378348 0.102113 0.082589
24 0.864437 0.539062 0.045775 0.031250
54 0.422535 0.513393 0.119718 0.089286
48 0.051056 0.875000 0.102113 0.087054
7 0.049296 0.064732 0.063380 0.013393
8 0.021127 0.064732 0.042254 0.026786
5 0.797535 0.140625 0.161972 0.032366
5 0.200704 0.150670 0.137324 0.026786
7 0.325704 0.219866 0.063380 0.013393
8 0.285211 0.219866 0.028169 0.022321
8 0.880282 0.243304 0.038732 0.026786
7 0.415493 0.272321 0.033451 0.012277
8 0.383803 0.272321 0.036972 0.029018
7 0.063380 0.285714 0.063380 0.012277
7 0.211268 0.287946 0.061620 0.012277
8 0.022887 0.284598 0.028169 0.020089
8 0.169014 0.287946 0.029930 0.021205
8 0.727113 0.351562 0.035211 0.022321
9 0.191901 0.377232 0.049296 0.036830
9 0.411972 0.385045 0.036972 0.026786
9 0.880282 0.399554 0.045775 0.034598
7 0.186620 0.416295 0.058099 0.013393
8 0.151408 0.417411 0.026408 0.021205
7 0.977113 0.452009 0.045775 0.013393
8 0.940141 0.452009 0.035211 0.022321
12 0.172535 0.459821 0.040493 0.032366
7 0.174296 0.498884 0.063380 0.013393
8 0.130282 0.498884 0.031690 0.022321
12 0.963028 0.494420 0.056338 0.033482
12 0.637324 0.491071 0.061620 0.045759
7 0.887324 0.517857 0.061620 0.012277
8 0.838028 0.518973 0.040493 0.026786
9 0.172535 0.555804 0.035211 0.025670
9 0.963028 0.569196 0.063380 0.049107
8 0.674296 0.584821 0.031690 0.022321
7 0.489437 0.598214 0.061620 0.012277
8 0.447183 0.599330 0.031690 0.022321
7 0.767606 0.658482 0.065141 0.013393
7 0.309859 0.660714 0.033451 0.012277
8 0.721831 0.658482 0.033451 0.022321
8 0.281690 0.660714 0.033451 0.022321
12 0.299296 0.700893 0.058099 0.043527
7 0.110915 0.727679 0.063380 0.012277
8 0.066901 0.727679 0.033451 0.022321
5 0.797535 0.774554 0.147887 0.027902
5 0.200704 0.780134 0.153169 0.029018
153 0.529930 0.792411 0.052817 0.033482
7 0.047535 0.830357 0.063380 0.012277
8 0.017606 0.830357 0.035211 0.022321
8 0.369718 0.845982 0.028169 0.020089
9 0.323944 0.873884 0.040493 0.029018
6 0.500000 0.933036 0.253521 0.046875
9 0.028169 0.959821 0.033451 0.025670
