0 0.500000 0.116071 0.232394 0.171875
55 0.473592 0.216518 0.080986 0.073661
3 0.200704 0.210938 0.165493 0.149554
17 0.647887 0.283482 0.084507 0.051339
104 0.941901 0.361607 0.066901 0.058036
28 0.447183 0.385045 0.119718 0.078125
58 0.753521 0.541295 0.109155 0.078125
100 0.904930 0.623884 0.139085 0.089286
105 0.473592 0.674107 0.190141 0.111607
76 0.639085 0.739955 0.109155 0.127232
1 0.200704 0.742188 0.184859 0.147321
3 0.797535 0.763393 0.130282 0.104911
0 0.500000 0.844866 0.202465 0.154018
65 0.526408 0.359375 0.123239 0.091518
57 0.313380 0.454241 0.596831 0.312500
4 0.211268 0.093750 0.126761 0.015625
5 0.200704 0.122768 0.144366 0.030134
8 0.475352 0.174107 0.026408 0.021205
8 0.647887 0.251116 0.028169 0.022321
8 0.526408 0.302455 0.028169 0.022321
7 0.961268 0.337054 0.063380 0.012277
8 0.917253 0.335938 0.035211 0.022321
7 0.471831 0.340402 0.061620 0.013393
8 0.427817 0.340402 0.031690 0.022321
12 0.447183 0.357143 0.031690 0.027902
8 0.753521 0.498884 0.028169 0.022321
7 0.908451 0.580357 0.033451 0.012277
8 0.876761 0.581473 0.038732 0.026786
8 0.475352 0.616071 0.026408 0.021205
8 0.640845 0.672991 0.040493 0.026786
12 0.640845 0.741071 0.061620 0.043527
5 0.200704 0.762277 0.149648 0.024554
5 0.799296 0.765625 0.139085 0.026786
4 0.806338 0.820312 0.112676 0.013393
