33 0.869718 0.691964 0.260563 0.186384
0 0.500000 0.118304 0.218310 0.167411
2 0.200704 0.216518 0.188380 0.138393
104 0.188380 0.302455 0.095070 0.058036
123 0.514085 0.313616 0.220070 0.109375
126 0.515845 0.426339 0.151408 0.109375
44 0.137324 0.522321 0.149648 0.091518
80 0.542253 0.608259 0.190141 0.075893
123 0.109155 0.645089 0.216549 0.111607
2 0.200704 0.743304 0.176056 0.145089
19 0.346831 0.824777 0.080986 0.040179
0 0.500000 0.839286 0.227113 0.165179
125 0.945423 0.512277 0.109155 0.154018
91 0.352113 0.543527 0.151408 0.091518
6 0.500000 0.021205 0.250000 0.042411
5 0.200704 0.133929 0.156690 0.032366
8 0.514085 0.250000 0.026408 0.021205
8 0.190141 0.268973 0.033451 0.022321
7 0.542253 0.368304 0.063380 0.012277
8 0.500000 0.369420 0.028169 0.022321
9 0.514085 0.392857 0.059859 0.039062
8 0.137324 0.459821 0.044014 0.034598
8 0.352113 0.484375 0.044014 0.034598
12 0.135563 0.513393 0.049296 0.034598
7 0.103873 0.584821 0.035211 0.012277
8 0.075704 0.584821 0.028169 0.020089
9 0.137324 0.604911 0.036972 0.025670
9 0.095070 0.718750 0.065141 0.047991
5 0.200704 0.767857 0.160211 0.030134
