143 0.205986 0.143973 0.080986 0.046875
111 0.250000 0.111607 0.151408 0.120536
0 0.500000 0.125000 0.186620 0.154018
43 0.744718 0.161830 0.098592 0.084821
102 0.589789 0.217634 0.197183 0.078125
1 0.797535 0.223214 0.151408 0.123884
21 0.242958 0.363839 0.073944 0.053571
100 0.369718 0.354911 0.100352 0.081473
30 0.795775 0.386161 0.091549 0.058036
81 0.133803 0.366071 0.149648 0.102679
70 0.512324 0.425223 0.070423 0.058036
34 0.746479 0.565848 0.176056 0.040179
46 0.577465 0.600446 0.144366 0.075893
15 0.353873 0.680804 0.045775 0.035714
137 0.838028 0.684152 0.063380 0.035714
43 0.514085 0.677455 0.098592 0.080357
142 0.607394 0.751116 0.070423 0.060268
2 0.200704 0.751116 0.176056 0.129464
2 0.797535 0.748884 0.161972 0.133929
15 0.367958 0.847098 0.063380 0.037946
28 0.246479 0.849330 0.116197 0.098214
0 0.500000 0.849330 0.165493 0.145089
84 0.582747 0.073661 0.126761 0.073661
57 0.436620 0.614955 0.596831 0.312500
125 0.686620 0.822545 0.137324 0.087054
84 0.477113 0.896205 0.140845 0.080357
6 0.500000 0.026786 0.250000 0.042411
7 0.264085 0.047991 0.061620 0.011161
8 0.225352 0.049107 0.029930 0.021205
8 0.744718 0.108259 0.031690 0.022321
7 0.230634 0.120536 0.066901 0.011161
8 0.186620 0.120536 0.033451 0.021205
5 0.797535 0.145089 0.140845 0.027902
8 0.591549 0.162946 0.040493 0.025670
9 0.591549 0.280134 0.058099 0.042411
8 0.132042 0.302455 0.042254 0.026786
7 0.404930 0.316964 0.091549 0.012277
8 0.341549 0.316964 0.044014 0.034598
8 0.795775 0.337054 0.044014 0.034598
12 0.242958 0.334821 0.061620 0.039062
12 0.795775 0.354911 0.065141 0.041295
8 0.514085 0.392857 0.036972 0.023438
9 0.795775 0.440848 0.061620 0.042411
9 0.132042 0.452009 0.035211 0.024554
7 0.771127 0.542411 0.061620 0.014509
8 0.725352 0.541295 0.036972 0.029018
8 0.577465 0.543527 0.036972 0.029018
8 0.514085 0.627232 0.035211 0.022321
12 0.353873 0.645089 0.045775 0.025670
7 0.369718 0.660714 0.063380 0.012277
7 0.880282 0.662946 0.096831 0.014509
8 0.327465 0.660714 0.031690 0.022321
8 0.816901 0.664062 0.036972 0.029018
8 0.609155 0.712054 0.044014 0.034598
9 0.353873 0.717634 0.066901 0.051339
12 0.607394 0.732143 0.049296 0.036830
5 0.200704 0.781250 0.137324 0.023438
5 0.797535 0.787946 0.151408 0.024554
8 0.369718 0.819196 0.040493 0.025670
7 0.496479 0.852679 0.065141 0.013393
8 0.450704 0.852679 0.033451 0.022321
9 0.367958 0.897321 0.059859 0.043527
