0 0.500000 0.125000 0.190141 0.154018
105 0.325704 0.166295 0.179577 0.111607
2 0.200704 0.219866 0.214789 0.131696
2 0.797535 0.219866 0.190141 0.131696
64 0.239437 0.295759 0.109155 0.078125
102 0.399648 0.324777 0.221831 0.082589
143 0.563380 0.389509 0.077465 0.060268
81 0.913732 0.446429 0.154930 0.082589
19 0.801056 0.514509 0.077465 0.042411
144 0.531690 0.556920 0.112676 0.064732
78 0.903169 0.694196 0.080986 0.065848
1 0.797535 0.752232 0.154930 0.128348
20 0.619718 0.889509 0.059859 0.051339
0 0.500000 0.834821 0.228873 0.174107
129 0.577465 0.169643 0.346831 0.179688
57 0.802817 0.407366 0.394366 0.312500
69 0.267606 0.612723 0.089789 0.069196
8 0.327465 0.102679 0.026408 0.021205
5 0.200704 0.135045 0.137324 0.026786
5 0.797535 0.138393 0.144366 0.027902
8 0.239437 0.250000 0.038732 0.026786
7 0.429577 0.276786 0.089789 0.014509
8 0.373239 0.277902 0.031690 0.022321
7 0.584507 0.353795 0.063380 0.013393
8 0.540493 0.353795 0.031690 0.022321
8 0.915493 0.391741 0.040493 0.026786
8 0.801056 0.474330 0.042254 0.026786
8 0.531690 0.513393 0.042254 0.026786
12 0.531690 0.526786 0.028169 0.023438
5 0.797535 0.776786 0.140845 0.024554
8 0.619718 0.862723 0.033451 0.022321
