33 0.165493 0.165179 0.330986 0.181920
0 0.500000 0.120536 0.188380 0.164062
117 0.681338 0.200893 0.109155 0.078125
149 0.651408 0.226562 0.105634 0.107143
2 0.200704 0.216518 0.188380 0.138393
3 0.797535 0.219866 0.154930 0.131696
45 0.309859 0.304688 0.091549 0.075893
15 0.477113 0.325893 0.049296 0.035714
137 0.318662 0.376116 0.063380 0.040179
47 0.686620 0.417411 0.123239 0.095982
21 0.741197 0.460938 0.063380 0.044643
127 0.258803 0.536830 0.137324 0.091518
28 0.910211 0.573661 0.144366 0.073661
81 0.373239 0.573661 0.154930 0.082589
38 0.373239 0.638393 0.086268 0.075893
2 0.797535 0.748884 0.161972 0.133929
0 0.500000 0.834821 0.272887 0.175223
54 0.323944 0.847098 0.161972 0.082589
6 0.500000 0.021205 0.250000 0.042411
4 0.809859 0.111607 0.126761 0.015625
5 0.200704 0.131696 0.153169 0.031250
5 0.799296 0.138393 0.146127 0.029018
7 0.707747 0.156250 0.063380 0.013393
8 0.658451 0.156250 0.042254 0.026786
8 0.651408 0.166295 0.038732 0.026786
12 0.683099 0.197545 0.026408 0.024554
8 0.309859 0.257812 0.036972 0.029018
12 0.477113 0.287946 0.045775 0.029018
9 0.147887 0.290179 0.051056 0.037946
7 0.500000 0.310268 0.061620 0.012277
8 0.457746 0.311384 0.028169 0.022321
8 0.318662 0.339286 0.028169 0.022321
8 0.686620 0.353795 0.028169 0.020089
9 0.478873 0.368304 0.051056 0.035714
12 0.741197 0.435268 0.038732 0.029018
8 0.711268 0.437500 0.040493 0.025670
8 0.260563 0.475446 0.026408 0.021205
9 0.742958 0.511161 0.040493 0.030134
7 0.408451 0.529018 0.091549 0.012277
8 0.348592 0.527902 0.036972 0.029018
12 0.260563 0.524554 0.054577 0.043527
8 0.371479 0.585938 0.042254 0.026786
9 0.258803 0.614955 0.063380 0.044643
5 0.797535 0.761161 0.161972 0.026786
