0 0.500000 0.123884 0.197183 0.156250
3 0.200704 0.216518 0.218310 0.138393
2 0.797535 0.219866 0.183099 0.131696
100 0.478873 0.319196 0.149648 0.081473
118 0.730634 0.414062 0.102113 0.084821
102 0.258803 0.550223 0.218310 0.087054
99 0.213028 0.577009 0.059859 0.069196
46 0.617958 0.668527 0.109155 0.080357
2 0.797535 0.748884 0.165493 0.133929
62 0.714789 0.838170 0.123239 0.064732
0 0.500000 0.838170 0.197183 0.167411
129 0.911972 0.049107 0.176056 0.098214
57 0.410211 0.347098 0.602113 0.308036
25 0.473592 0.574777 0.056338 0.029018
4 0.211268 0.104911 0.123239 0.015625
5 0.200704 0.131696 0.146127 0.029018
5 0.799296 0.138393 0.153169 0.030134
8 0.478873 0.274554 0.040493 0.026786
7 0.753521 0.372768 0.061620 0.012277
8 0.711268 0.372768 0.031690 0.022321
12 0.732394 0.387277 0.044014 0.029018
9 0.478873 0.382812 0.065141 0.046875
7 0.223592 0.537946 0.035211 0.012277
8 0.197183 0.537946 0.026408 0.021205
7 0.514085 0.555804 0.093310 0.012277
8 0.454225 0.554688 0.035211 0.022321
7 0.630282 0.625000 0.035211 0.012277
8 0.605634 0.625000 0.026408 0.021205
5 0.797535 0.770089 0.144366 0.025670
8 0.714789 0.785714 0.036972 0.029018
6 0.500000 0.929688 0.253521 0.046875
