0 0.500000 0.118304 0.218310 0.167411
80 0.426056 0.177455 0.130282 0.071429
81 0.070423 0.178571 0.140845 0.089286
73 0.514085 0.208705 0.098592 0.066964
21 0.961268 0.231027 0.077465 0.046875
3 0.200704 0.213170 0.207746 0.145089
2 0.799296 0.219866 0.177817 0.131696
82 0.857394 0.352679 0.154930 0.122768
45 0.577465 0.377232 0.088028 0.080357
123 0.690141 0.500000 0.241197 0.111607
90 0.565141 0.578125 0.130282 0.064732
55 0.528169 0.584821 0.077465 0.064732
141 0.737676 0.599330 0.105634 0.089286
73 0.470070 0.693080 0.105634 0.060268
134 0.382042 0.840402 0.154930 0.111607
0 0.500000 0.842634 0.239437 0.158482
27 0.748239 0.428571 0.144366 0.091518
4 0.211268 0.098214 0.123239 0.015625
5 0.200704 0.125000 0.153169 0.030134
7 0.063380 0.136161 0.091549 0.013393
8 0.017606 0.136161 0.035211 0.023438
5 0.799296 0.139509 0.160211 0.031250
8 0.514085 0.170759 0.042254 0.026786
7 0.975352 0.209821 0.049296 0.013393
8 0.931338 0.209821 0.042254 0.026786
7 0.876761 0.289062 0.063380 0.013393
8 0.830986 0.289062 0.036972 0.029018
7 0.595070 0.333705 0.065141 0.013393
8 0.547535 0.333705 0.035211 0.022321
12 0.857394 0.361607 0.031690 0.026786
8 0.688380 0.428571 0.035211 0.022321
9 0.859155 0.446429 0.036972 0.025670
9 0.577465 0.450893 0.033451 0.023438
12 0.688380 0.491071 0.042254 0.024554
8 0.566901 0.531250 0.040493 0.026786
7 0.549296 0.550223 0.065141 0.013393
8 0.503521 0.549107 0.036972 0.023438
12 0.528169 0.546875 0.038732 0.033482
8 0.739437 0.553571 0.036972 0.023438
9 0.528169 0.645089 0.054577 0.037946
12 0.471831 0.660714 0.051056 0.039062
9 0.739437 0.671875 0.061620 0.043527
9 0.471831 0.752232 0.054577 0.039062
8 0.382042 0.785714 0.028169 0.022321
