51 0.677817 0.065848 0.172535 0.095982
0 0.500000 0.112723 0.225352 0.178571
1 0.797535 0.214286 0.193662 0.142857
102 0.880282 0.261161 0.214789 0.093750
40 0.693662 0.292411 0.133803 0.089286
102 0.695423 0.341518 0.197183 0.078125
111 0.610915 0.333705 0.151408 0.120536
149 0.480634 0.370536 0.105634 0.107143
42 0.311620 0.751116 0.073944 0.064732
130 0.691901 0.762277 0.169014 0.095982
1 0.200704 0.752232 0.154930 0.128348
2 0.797535 0.748884 0.151408 0.133929
150 0.431338 0.216518 0.102113 0.080357
129 0.066901 0.642857 0.133803 0.152902
8 0.679577 0.011161 0.036972 0.022321
6 0.500000 0.022321 0.250000 0.044643
12 0.679577 0.042411 0.040493 0.034598
5 0.799296 0.130580 0.156690 0.033482
9 0.679577 0.146205 0.036972 0.026786
7 0.904930 0.218750 0.061620 0.014509
8 0.855634 0.218750 0.044014 0.034598
7 0.646127 0.272321 0.088028 0.012277
8 0.591549 0.271205 0.033451 0.022321
8 0.480634 0.310268 0.042254 0.026786
8 0.693662 0.699777 0.033451 0.022321
5 0.200704 0.765625 0.158451 0.025670
5 0.799296 0.771205 0.163732 0.026786
