0 0.500000 0.125000 0.190141 0.154018
71 0.452465 0.243304 0.063380 0.066964
2 0.200704 0.219866 0.177817 0.131696
40 0.426056 0.322545 0.137324 0.084821
120 0.306338 0.345982 0.140845 0.089286
60 0.133803 0.383929 0.091549 0.064732
77 0.693662 0.491071 0.149648 0.129464
75 0.257042 0.625000 0.109155 0.095982
3 0.797535 0.739955 0.193662 0.151786
0 0.500000 0.842634 0.239437 0.158482
5 0.200704 0.138393 0.139085 0.027902
7 0.461268 0.214286 0.033451 0.012277
8 0.429577 0.214286 0.033451 0.021205
12 0.454225 0.232143 0.044014 0.030134
7 0.426056 0.276786 0.033451 0.013393
8 0.401408 0.276786 0.026408 0.021205
7 0.323944 0.301339 0.059859 0.012277
8 0.276408 0.302455 0.042254 0.026786
9 0.452465 0.302455 0.045775 0.033482
7 0.140845 0.345982 0.033451 0.012277
8 0.109155 0.347098 0.040493 0.026786
7 0.714789 0.427455 0.063380 0.013393
8 0.669014 0.428571 0.036972 0.023438
7 0.278169 0.573661 0.061620 0.012277
8 0.230634 0.572545 0.038732 0.026786
9 0.693662 0.593750 0.044014 0.032366
5 0.799296 0.770089 0.149648 0.025670
4 0.808099 0.821429 0.126761 0.015625
