86 0.781690 0.058036 0.341549 0.114955
86 0.471831 0.071429 0.332746 0.142857
64 0.360915 0.046875 0.119718 0.093750
80 0.360915 0.071429 0.119718 0.078125
109 0.922535 0.109375 0.056338 0.071429
0 0.500000 0.120536 0.188380 0.164062
3 0.200704 0.220982 0.144366 0.129464
1 0.797535 0.228795 0.151408 0.113839
46 0.639085 0.276786 0.144366 0.071429
42 0.160211 0.282366 0.073944 0.064732
139 0.903169 0.321429 0.116197 0.069196
108 0.242958 0.388393 0.088028 0.055804
23 0.952465 0.391741 0.063380 0.064732
16 0.542253 0.452009 0.052817 0.044643
107 0.242958 0.483259 0.137324 0.142857
20 0.198944 0.574777 0.059859 0.049107
144 0.429577 0.579241 0.109155 0.071429
74 0.512324 0.621652 0.077465 0.055804
138 0.258803 0.646205 0.161972 0.111607
96 0.294014 0.665179 0.112676 0.073661
126 0.892606 0.669643 0.151408 0.109375
149 0.913732 0.715402 0.109155 0.107143
102 0.531690 0.728795 0.221831 0.087054
49 0.690141 0.756696 0.105634 0.084821
2 0.200704 0.743304 0.176056 0.145089
109 0.315141 0.820312 0.080986 0.049107
0 0.500000 0.838170 0.197183 0.167411
27 0.746479 0.092634 0.276408 0.136161
84 0.755282 0.678571 0.144366 0.095982
8 0.360915 0.011161 0.028169 0.022321
8 0.360915 0.022321 0.028169 0.020089
7 0.929577 0.071429 0.033451 0.012277
12 0.360915 0.062500 0.035211 0.034598
8 0.901408 0.070312 0.028169 0.022321
4 0.211268 0.113839 0.126761 0.015625
5 0.200704 0.140625 0.156690 0.031250
5 0.797535 0.156250 0.144366 0.029018
7 0.654930 0.243304 0.065141 0.013393
8 0.161972 0.241071 0.033451 0.021205
8 0.609155 0.243304 0.036972 0.029018
8 0.952465 0.344866 0.035211 0.022321
7 0.260563 0.364955 0.061620 0.013393
8 0.214789 0.364955 0.036972 0.029018
12 0.952465 0.375000 0.038732 0.036830
8 0.242958 0.392857 0.044014 0.034598
12 0.542253 0.409598 0.059859 0.037946
8 0.542253 0.428571 0.040493 0.026786
8 0.200704 0.533482 0.036972 0.023438
7 0.452465 0.541295 0.063380 0.013393
8 0.410211 0.541295 0.031690 0.022321
7 0.281690 0.588170 0.065141 0.013393
8 0.514085 0.593750 0.033451 0.022321
8 0.232394 0.587054 0.044014 0.034598
7 0.913732 0.619420 0.066901 0.013393
8 0.864437 0.619420 0.038732 0.026786
8 0.294014 0.620536 0.038732 0.026786
7 0.778169 0.628348 0.063380 0.013393
8 0.732394 0.628348 0.040493 0.026786
9 0.429577 0.637277 0.059859 0.042411
12 0.258803 0.647321 0.031690 0.024554
7 0.933099 0.665179 0.061620 0.012277
8 0.894366 0.665179 0.026408 0.021205
8 0.531690 0.668527 0.040493 0.026786
8 0.690141 0.700893 0.038732 0.026786
5 0.200704 0.763393 0.161972 0.027902
7 0.323944 0.790179 0.035211 0.013393
8 0.290493 0.790179 0.042254 0.026786
