0 0.500000 0.118304 0.218310 0.167411
132 0.544014 0.172991 0.151408 0.098214
37 0.371479 0.252232 0.105634 0.056920
3 0.200704 0.216518 0.218310 0.138393
2 0.797535 0.219866 0.183099 0.131696
40 0.850352 0.274554 0.126761 0.082589
21 0.864437 0.337054 0.070423 0.049107
107 0.068662 0.297991 0.137324 0.140625
35 0.149648 0.370536 0.052817 0.049107
37 0.584507 0.360491 0.107394 0.071429
38 0.845070 0.392857 0.109155 0.052455
132 0.327465 0.371652 0.165493 0.095982
133 0.915493 0.513393 0.169014 0.095982
72 0.725352 0.513393 0.140845 0.104911
49 0.746479 0.629464 0.102113 0.075893
115 0.059859 0.630580 0.119718 0.078125
74 0.808099 0.668527 0.084507 0.060268
106 0.188380 0.672991 0.179577 0.107143
34 0.151408 0.714286 0.218310 0.044643
3 0.200704 0.748884 0.169014 0.133929
3 0.797535 0.748884 0.183099 0.133929
0 0.500000 0.847098 0.200704 0.149554
24 0.140845 0.170759 0.052817 0.024554
25 0.244718 0.295759 0.052817 0.031250
150 0.169014 0.636161 0.088028 0.073661
6 0.500000 0.021205 0.250000 0.042411
4 0.211268 0.104911 0.123239 0.015625
7 0.584507 0.120536 0.096831 0.014509
8 0.521127 0.120536 0.033451 0.022321
5 0.200704 0.128348 0.140845 0.029018
8 0.140845 0.139509 0.040493 0.026786
5 0.797535 0.139509 0.147887 0.031250
8 0.038732 0.220982 0.028169 0.020089
7 0.889085 0.227679 0.091549 0.012277
8 0.830986 0.227679 0.033451 0.022321
12 0.246479 0.245536 0.040493 0.025670
7 0.271127 0.283482 0.061620 0.013393
8 0.227113 0.283482 0.031690 0.022321
8 0.582747 0.309152 0.042254 0.026786
7 0.348592 0.318080 0.058099 0.013393
8 0.866197 0.312500 0.040493 0.025670
8 0.308099 0.318080 0.028169 0.020089
7 0.163732 0.348214 0.059859 0.012277
8 0.125000 0.349330 0.028169 0.022321
8 0.845070 0.352679 0.036972 0.023438
12 0.327465 0.366071 0.029930 0.024554
9 0.866197 0.392857 0.061620 0.043527
8 0.725352 0.449777 0.028169 0.020089
7 0.975352 0.462054 0.049296 0.012277
8 0.934859 0.460938 0.038732 0.026786
12 0.957747 0.520089 0.026408 0.025670
7 0.065141 0.589286 0.091549 0.012277
7 0.767606 0.595982 0.059859 0.012277
8 0.017606 0.589286 0.035211 0.029018
8 0.727113 0.595982 0.028169 0.020089
9 0.955986 0.591518 0.056338 0.036830
8 0.188380 0.618304 0.035211 0.023438
12 0.746479 0.618304 0.052817 0.039062
7 0.830986 0.642857 0.063380 0.013393
8 0.788732 0.642857 0.033451 0.021205
12 0.151408 0.674107 0.031690 0.025670
9 0.746479 0.696429 0.038732 0.027902
9 0.188380 0.738839 0.102113 0.074777
5 0.200704 0.770089 0.135563 0.022321
5 0.797535 0.776786 0.158451 0.025670
4 0.806338 0.815848 0.126761 0.015625
4 0.211268 0.822545 0.126761 0.015625
6 0.500000 0.938616 0.246479 0.044643
