86 0.366197 0.169643 0.341549 0.168527
33 0.512324 0.426339 0.080986 0.059152
0 0.500000 0.119420 0.204225 0.165179
110 0.538732 0.197545 0.119718 0.069196
1 0.797535 0.223214 0.151408 0.123884
139 0.301056 0.252232 0.126761 0.075893
146 0.424296 0.315848 0.119718 0.095982
145 0.526408 0.330357 0.095070 0.069196
104 0.691901 0.589286 0.080986 0.060268
98 0.841549 0.659598 0.088028 0.078125
80 0.367958 0.660714 0.119718 0.082589
16 0.786972 0.680804 0.052817 0.044643
118 0.572183 0.731027 0.077465 0.095982
0 0.500000 0.839286 0.227113 0.165179
116 0.621479 0.091518 0.116197 0.058036
36 0.214789 0.640625 0.429577 0.396205
6 0.500000 0.018973 0.235915 0.037946
8 0.538732 0.143973 0.042254 0.026786
5 0.797535 0.145089 0.147887 0.030134
12 0.538732 0.186384 0.033451 0.029018
8 0.424296 0.257812 0.038732 0.026786
7 0.725352 0.564732 0.095070 0.010045
8 0.661972 0.563616 0.038732 0.026786
12 0.693662 0.571429 0.054577 0.034598
8 0.367958 0.612723 0.035211 0.022321
7 0.866197 0.620536 0.061620 0.013393
8 0.816901 0.620536 0.044014 0.034598
12 0.369718 0.631696 0.061620 0.032366
7 0.822183 0.658482 0.091549 0.012277
9 0.691901 0.651786 0.042254 0.030134
8 0.762324 0.658482 0.038732 0.026786
8 0.572183 0.680804 0.038732 0.026786
