0 0.500000 0.125000 0.190141 0.154018
40 0.899648 0.231027 0.130282 0.095982
2 0.200704 0.219866 0.176056 0.131696
2 0.797535 0.219866 0.176056 0.131696
88 0.413732 0.334821 0.116197 0.069196
22 0.309859 0.375000 0.084507 0.046875
83 0.260563 0.447545 0.080986 0.058036
71 0.961268 0.504464 0.073944 0.089286
123 0.794014 0.583705 0.225352 0.127232
143 0.367958 0.643973 0.080986 0.046875
28 0.075704 0.633929 0.116197 0.075893
106 0.188380 0.639509 0.179577 0.107143
1 0.200704 0.752232 0.172535 0.127232
0 0.500000 0.849330 0.165493 0.145089
129 0.919014 0.647321 0.161972 0.152902
5 0.200704 0.138393 0.154930 0.032366
5 0.797535 0.140625 0.161972 0.032366
8 0.899648 0.177455 0.042254 0.026786
8 0.415493 0.294643 0.036972 0.023438
8 0.309859 0.349330 0.028169 0.022321
9 0.415493 0.404018 0.054577 0.039062
12 0.260563 0.414062 0.075704 0.040179
9 0.309859 0.421875 0.059859 0.039062
8 0.961268 0.450893 0.029930 0.021205
7 0.811620 0.522321 0.059859 0.011161
8 0.771127 0.522321 0.029930 0.021205
7 0.213028 0.589286 0.063380 0.012277
8 0.172535 0.589286 0.026408 0.021205
8 0.075704 0.591518 0.042254 0.026786
5 0.200704 0.770089 0.146127 0.027902
6 0.500000 0.935268 0.253521 0.046875
