86 0.264085 0.444196 0.336268 0.166295
139 0.637324 0.120536 0.112676 0.066964
0 0.500000 0.107143 0.278169 0.189732
16 0.470070 0.276786 0.052817 0.046875
44 0.376761 0.220982 0.158451 0.174107
72 0.852113 0.258929 0.140845 0.104911
132 0.697183 0.306920 0.147887 0.100446
16 0.977113 0.372768 0.045775 0.040179
134 0.394366 0.339286 0.190141 0.149554
37 0.214789 0.387277 0.130282 0.066964
138 0.470070 0.414062 0.144366 0.104911
80 0.179577 0.444196 0.133803 0.073661
74 0.529930 0.459821 0.084507 0.051339
114 0.139085 0.536830 0.144366 0.098214
64 0.774648 0.563616 0.186620 0.069196
146 0.600352 0.628348 0.109155 0.095982
2 0.200704 0.742188 0.158451 0.147321
2 0.797535 0.748884 0.165493 0.133929
44 0.846831 0.750000 0.165493 0.178571
0 0.500000 0.834821 0.272887 0.175223
94 0.573944 0.045759 0.133803 0.091518
25 0.924296 0.128348 0.116197 0.033482
27 0.632042 0.606027 0.147887 0.087054
8 0.573944 0.011161 0.035211 0.022321
7 0.658451 0.083705 0.056338 0.011161
8 0.619718 0.084821 0.029930 0.021205
12 0.926056 0.078125 0.061620 0.039062
7 0.957747 0.109375 0.084507 0.012277
8 0.897887 0.109375 0.038732 0.026786
7 0.401408 0.136161 0.063380 0.013393
8 0.352113 0.136161 0.044014 0.034598
9 0.926056 0.172991 0.065141 0.044643
8 0.852113 0.200893 0.035211 0.023438
7 0.427817 0.258929 0.088028 0.012277
8 0.470070 0.254464 0.028169 0.022321
7 0.720070 0.260045 0.063380 0.013393
8 0.373239 0.258929 0.029930 0.021205
8 0.677817 0.260045 0.028169 0.020089
8 0.214789 0.339286 0.031690 0.022321
9 0.470070 0.320312 0.080986 0.060268
8 0.985915 0.354911 0.026408 0.021205
8 0.471831 0.361607 0.026408 0.021205
7 0.197183 0.411830 0.059859 0.011161
8 0.156690 0.411830 0.028169 0.020089
7 0.549296 0.434152 0.063380 0.013393
8 0.503521 0.434152 0.035211 0.022321
8 0.139085 0.489955 0.035211 0.022321
7 0.801056 0.532366 0.063380 0.013393
8 0.757042 0.532366 0.033451 0.022321
9 0.264085 0.543527 0.075704 0.055804
8 0.602113 0.575893 0.036972 0.029018
7 0.866197 0.657366 0.061620 0.013393
8 0.820423 0.657366 0.040493 0.026786
9 0.602113 0.705357 0.051056 0.037946
5 0.799296 0.764509 0.142606 0.026786
5 0.200704 0.772321 0.144366 0.023438
12 0.848592 0.779018 0.040493 0.030134
9 0.846831 0.861607 0.059859 0.043527
6 0.500000 0.938616 0.253521 0.046875
