0 0.500000 0.117188 0.211268 0.169643
143 0.357394 0.219866 0.070423 0.058036
3 0.200704 0.222098 0.154930 0.127232
3 0.797535 0.219866 0.154930 0.131696
51 0.411972 0.266741 0.197183 0.073661
22 0.855634 0.308036 0.073944 0.044643
100 0.197183 0.284598 0.126761 0.098214
82 0.628521 0.306920 0.158451 0.120536
77 0.531690 0.313616 0.160211 0.129464
122 0.792253 0.343750 0.193662 0.104911
81 0.778169 0.425223 0.140845 0.089286
67 0.943662 0.436384 0.112676 0.078125
139 0.728873 0.551339 0.126761 0.078125
88 0.859155 0.614955 0.102113 0.071429
60 0.748239 0.691964 0.091549 0.064732
145 0.257042 0.685268 0.063380 0.104911
3 0.200704 0.748884 0.183099 0.133929
17 0.929577 0.789062 0.091549 0.060268
137 0.640845 0.829241 0.070423 0.035714
0 0.500000 0.845982 0.221831 0.151786
129 0.514085 0.261161 0.181338 0.152902
54 0.795775 0.873884 0.123239 0.084821
36 0.366197 0.725446 0.448944 0.396205
4 0.809859 0.111607 0.126761 0.015625
4 0.211268 0.116071 0.126761 0.015625
5 0.797535 0.138393 0.161972 0.033482
5 0.200704 0.140625 0.149648 0.031250
7 0.359155 0.194196 0.033451 0.012277
8 0.332746 0.194196 0.028169 0.022321
7 0.436620 0.226562 0.061620 0.013393
8 0.387324 0.226562 0.038732 0.026786
8 0.197183 0.234375 0.036972 0.023438
7 0.651408 0.243304 0.061620 0.014509
7 0.545775 0.243304 0.061620 0.012277
8 0.609155 0.242188 0.028169 0.022321
8 0.498239 0.244420 0.042254 0.026786
12 0.855634 0.281250 0.031690 0.021205
12 0.197183 0.274554 0.042254 0.033482
7 0.806338 0.286830 0.058099 0.011161
8 0.765845 0.286830 0.028169 0.022321
9 0.855634 0.354911 0.058099 0.042411
7 0.799296 0.379464 0.065141 0.012277
8 0.753521 0.379464 0.033451 0.022321
8 0.954225 0.386161 0.036972 0.023438
9 0.529930 0.398438 0.063380 0.046875
9 0.792253 0.424107 0.068662 0.050223
8 0.859155 0.570312 0.036972 0.029018
7 0.276408 0.629464 0.063380 0.013393
8 0.232394 0.629464 0.033451 0.021205
8 0.748239 0.650670 0.038732 0.026786
12 0.748239 0.674107 0.038732 0.029018
12 0.929577 0.756696 0.056338 0.043527
5 0.200704 0.770089 0.160211 0.030134
9 0.257042 0.772321 0.054577 0.039062
12 0.640845 0.781250 0.033451 0.030134
8 0.640845 0.802455 0.036972 0.029018
4 0.211268 0.823661 0.126761 0.015625
153 0.095070 0.872768 0.045775 0.035714
