59 0.690141 0.151786 0.105634 0.064732
149 0.639085 0.143973 0.105634 0.107143
0 0.500000 0.118304 0.214789 0.167411
29 0.350352 0.244420 0.140845 0.066964
1 0.200704 0.223214 0.151408 0.123884
2 0.797535 0.219866 0.183099 0.131696
97 0.394366 0.253348 0.091549 0.102679
107 0.723592 0.340402 0.137324 0.142857
55 0.852113 0.553571 0.077465 0.071429
67 0.251761 0.552455 0.112676 0.078125
21 0.438380 0.614955 0.077465 0.046875
104 0.767606 0.651786 0.077465 0.051339
21 0.121479 0.668527 0.077465 0.046875
105 0.059859 0.669643 0.119718 0.113839
97 0.614437 0.710938 0.080986 0.098214
1 0.200704 0.744420 0.186620 0.142857
1 0.799296 0.750000 0.170775 0.130580
58 0.140845 0.796875 0.123239 0.078125
0 0.500000 0.847098 0.190141 0.149554
36 0.334507 0.110491 0.445423 0.220982
79 0.508803 0.533482 0.158451 0.095982
6 0.500000 0.021205 0.250000 0.042411
7 0.661972 0.084821 0.063380 0.013393
8 0.617958 0.084821 0.031690 0.022321
5 0.797535 0.137277 0.137324 0.026786
5 0.200704 0.143973 0.160211 0.031250
7 0.433099 0.205357 0.091549 0.012277
8 0.373239 0.204241 0.038732 0.026786
8 0.320423 0.209821 0.044014 0.034598
12 0.350352 0.225446 0.038732 0.033482
8 0.725352 0.265625 0.036972 0.023438
9 0.723592 0.429688 0.084507 0.062500
8 0.510563 0.474330 0.036972 0.029018
8 0.852113 0.495536 0.044014 0.034598
7 0.269366 0.515625 0.056338 0.011161
8 0.228873 0.515625 0.036972 0.029018
7 0.049296 0.618304 0.063380 0.012277
8 0.021127 0.618304 0.040493 0.025670
7 0.788732 0.627232 0.063380 0.012277
8 0.746479 0.626116 0.033451 0.022321
7 0.139085 0.645089 0.066901 0.013393
8 0.095070 0.645089 0.029930 0.021205
7 0.633803 0.656250 0.061620 0.013393
8 0.588028 0.656250 0.036972 0.023438
9 0.767606 0.698661 0.068662 0.050223
8 0.140845 0.748884 0.033451 0.022321
9 0.028169 0.753348 0.042254 0.031250
5 0.200704 0.774554 0.160211 0.027902
5 0.797535 0.785714 0.140845 0.023438
12 0.140845 0.781250 0.040493 0.034598
9 0.140845 0.864955 0.047535 0.033482
6 0.500000 0.929688 0.253521 0.046875
