43 0.306338 0.141741 0.105634 0.089286
58 0.264085 0.162946 0.116197 0.069196
0 0.500000 0.125000 0.193662 0.154018
3 0.200704 0.212054 0.176056 0.147321
3 0.797535 0.216518 0.218310 0.138393
131 0.459507 0.254464 0.144366 0.089286
93 0.272887 0.289062 0.070423 0.049107
112 0.359155 0.390625 0.186620 0.073661
108 0.246479 0.425223 0.091549 0.062500
72 0.161972 0.637277 0.140845 0.104911
31 0.521127 0.714286 0.096831 0.068080
1 0.799296 0.742188 0.184859 0.147321
0 0.500000 0.845982 0.221831 0.151786
69 0.299296 0.445312 0.089789 0.069196
6 0.500000 0.026786 0.250000 0.042411
4 0.211268 0.097098 0.126761 0.015625
7 0.327465 0.098214 0.065141 0.013393
8 0.285211 0.098214 0.029930 0.021205
4 0.809859 0.104911 0.126761 0.015625
8 0.264085 0.118304 0.036972 0.029018
5 0.200704 0.120536 0.149648 0.031250
5 0.797535 0.132812 0.144366 0.029018
8 0.459507 0.204241 0.035211 0.022321
12 0.461268 0.225446 0.068662 0.043527
7 0.302817 0.258929 0.091549 0.012277
8 0.244718 0.258929 0.035211 0.022321
8 0.359155 0.349330 0.028169 0.020089
7 0.262324 0.395089 0.056338 0.011161
8 0.221831 0.395089 0.033451 0.022321
8 0.519366 0.666295 0.038732 0.026786
5 0.799296 0.777902 0.135563 0.022321
6 0.500000 0.931920 0.253521 0.046875
