1 0.200704 0.210938 0.147887 0.149554
2 0.797535 0.219866 0.176056 0.131696
30 0.684859 0.422991 0.098592 0.049107
51 0.595070 0.569196 0.190141 0.091518
38 0.788732 0.607143 0.079225 0.070312
34 0.691901 0.732143 0.225352 0.051339
2 0.797535 0.731027 0.179577 0.169643
0 0.500000 0.847098 0.200704 0.149554
65 0.255282 0.234375 0.126761 0.084821
5 0.200704 0.117188 0.151408 0.029018
5 0.799296 0.137277 0.156690 0.031250
7 0.693662 0.392857 0.035211 0.012277
8 0.658451 0.392857 0.042254 0.026786
8 0.595070 0.515625 0.042254 0.026786
8 0.786972 0.570312 0.031690 0.022321
5 0.799296 0.787946 0.146127 0.027902
