0 0.500000 0.118304 0.214789 0.167411
80 0.440141 0.243304 0.119718 0.080357
3 0.200704 0.222098 0.207746 0.127232
2 0.797535 0.219866 0.214789 0.131696
97 0.804577 0.494420 0.102113 0.080357
52 0.281690 0.524554 0.123239 0.064732
34 0.876761 0.539062 0.179577 0.040179
145 0.290493 0.590402 0.105634 0.062500
106 0.845070 0.588170 0.179577 0.107143
149 0.677817 0.651786 0.105634 0.102679
138 0.089789 0.704241 0.158451 0.100446
37 0.934859 0.752232 0.112676 0.062500
3 0.200704 0.755580 0.137324 0.120536
3 0.797535 0.755580 0.137324 0.120536
0 0.500000 0.847098 0.200704 0.149554
114 0.566901 0.905134 0.137324 0.089286
65 0.086268 0.606027 0.144366 0.087054
27 0.735915 0.700893 0.170775 0.106027
4 0.211268 0.116071 0.126761 0.015625
5 0.799296 0.139509 0.146127 0.029018
5 0.200704 0.145089 0.147887 0.031250
8 0.440141 0.193080 0.031690 0.022321
8 0.806338 0.448661 0.033451 0.022321
8 0.281690 0.479911 0.029930 0.021205
12 0.281690 0.501116 0.040493 0.031250
7 0.897887 0.517857 0.065141 0.012277
8 0.855634 0.517857 0.028169 0.020089
7 0.103873 0.562500 0.063380 0.014509
8 0.059859 0.562500 0.036972 0.029018
9 0.281690 0.584821 0.040493 0.030134
8 0.677817 0.603795 0.028169 0.020089
8 0.089789 0.647321 0.028169 0.020089
12 0.091549 0.685268 0.036972 0.032366
7 0.964789 0.723214 0.070423 0.013393
12 0.934859 0.714286 0.038732 0.032366
8 0.915493 0.723214 0.035211 0.023438
5 0.200704 0.776786 0.137324 0.023438
5 0.797535 0.783482 0.158451 0.025670
4 0.802817 0.816964 0.126761 0.015625
4 0.209507 0.823661 0.123239 0.015625
7 0.588028 0.854911 0.061620 0.012277
8 0.547535 0.854911 0.028169 0.020089
6 0.500000 0.935268 0.253521 0.046875
