87 0.408451 0.055804 0.392606 0.111607
145 0.952465 0.118304 0.095070 0.069196
0 0.500000 0.125000 0.186620 0.154018
1 0.200704 0.223214 0.151408 0.123884
2 0.797535 0.219866 0.183099 0.131696
53 0.306338 0.292411 0.056338 0.033482
37 0.626761 0.272321 0.089789 0.078125
22 0.588028 0.393973 0.070423 0.055804
37 0.806338 0.406250 0.079225 0.072545
123 0.177817 0.411830 0.225352 0.127232
139 0.403169 0.544643 0.137324 0.071429
68 0.853873 0.592634 0.123239 0.075893
42 0.521127 0.638393 0.077465 0.069196
74 0.834507 0.699777 0.084507 0.060268
1 0.797535 0.752232 0.190141 0.127232
88 0.146127 0.799107 0.102113 0.071429
0 0.500000 0.850446 0.214789 0.142857
42 0.346831 0.893973 0.080986 0.062500
24 0.579225 0.327009 0.059859 0.031250
25 0.360915 0.574777 0.102113 0.029018
8 0.966549 0.079241 0.031690 0.022321
12 0.968310 0.090402 0.019366 0.015625
5 0.799296 0.133929 0.135563 0.026786
5 0.200704 0.147321 0.144366 0.029018
9 0.968310 0.171875 0.063380 0.047991
7 0.637324 0.232143 0.033451 0.012277
8 0.602113 0.231027 0.042254 0.026786
8 0.306338 0.262277 0.028169 0.020089
8 0.579225 0.312500 0.035211 0.022321
8 0.179577 0.332589 0.029930 0.021205
9 0.306338 0.341518 0.052817 0.039062
8 0.804577 0.354911 0.035211 0.023438
9 0.626761 0.344866 0.063380 0.044643
8 0.588028 0.357143 0.044014 0.034598
9 0.804577 0.473214 0.052817 0.039062
8 0.404930 0.498884 0.040493 0.026786
8 0.853873 0.540179 0.035211 0.022321
8 0.362676 0.554688 0.033451 0.022321
12 0.855634 0.572545 0.036972 0.031250
8 0.521127 0.593750 0.029930 0.021205
8 0.147887 0.752232 0.036972 0.023438
5 0.797535 0.781250 0.151408 0.025670
12 0.146127 0.782366 0.045775 0.031250
7 0.373239 0.863839 0.065141 0.012277
8 0.325704 0.863839 0.038732 0.026786
9 0.147887 0.848214 0.103873 0.077009
6 0.500000 0.936384 0.253521 0.046875
9 0.346831 0.959821 0.035211 0.025670
