63 0.887324 0.141741 0.088028 0.058036
0 0.500000 0.118304 0.218310 0.167411
72 0.572183 0.231027 0.140845 0.104911
1 0.200704 0.214286 0.193662 0.142857
1 0.797535 0.223214 0.151408 0.123884
105 0.478873 0.275670 0.190141 0.102679
82 0.811620 0.463170 0.154930 0.122768
60 0.207746 0.497768 0.084507 0.069196
109 0.397887 0.604911 0.063380 0.066964
82 0.147887 0.607143 0.154930 0.122768
16 0.214789 0.870536 0.058099 0.044643
0 0.500000 0.842634 0.246479 0.158482
97 0.477113 0.897321 0.088028 0.098214
41 0.142606 0.282366 0.116197 0.116071
6 0.500000 0.021205 0.250000 0.042411
7 0.913732 0.107143 0.063380 0.012277
8 0.873239 0.107143 0.029930 0.021205
5 0.200704 0.127232 0.140845 0.030134
5 0.799296 0.145089 0.139085 0.029018
7 0.176056 0.218750 0.089789 0.014509
7 0.503521 0.225446 0.061620 0.013393
8 0.116197 0.219866 0.036972 0.029018
8 0.457746 0.225446 0.036972 0.023438
7 0.841549 0.398438 0.093310 0.013393
8 0.785211 0.398438 0.028169 0.022321
8 0.207746 0.457589 0.028169 0.022321
7 0.184859 0.546875 0.095070 0.012277
147 0.091549 0.539062 0.044014 0.037946
8 0.123239 0.547991 0.038732 0.026786
12 0.397887 0.578125 0.022887 0.022321
12 0.214789 0.832589 0.033451 0.026786
7 0.235915 0.841518 0.063380 0.012277
8 0.478873 0.841518 0.026408 0.021205
8 0.190141 0.841518 0.040493 0.025670
12 0.478873 0.876116 0.044014 0.033482
9 0.214789 0.921875 0.044014 0.030134
