119 0.461268 0.161830 0.450704 0.227679
93 0.089789 0.147321 0.070423 0.049107
0 0.500000 0.120536 0.197183 0.162946
104 0.489437 0.225446 0.077465 0.053571
99 0.367958 0.246652 0.116197 0.060268
3 0.200704 0.212054 0.176056 0.147321
2 0.797535 0.219866 0.176056 0.131696
146 0.649648 0.257812 0.119718 0.095982
49 0.529930 0.383929 0.102113 0.073661
113 0.617958 0.386161 0.102113 0.082589
45 0.202465 0.439732 0.091549 0.071429
88 0.426056 0.446429 0.133803 0.066964
17 0.429577 0.584821 0.098592 0.044643
85 0.845070 0.595982 0.102113 0.104911
145 0.246479 0.651786 0.084507 0.107143
112 0.640845 0.756696 0.105634 0.093750
1 0.200704 0.742188 0.184859 0.147321
2 0.797535 0.742188 0.158451 0.147321
0 0.500000 0.845982 0.221831 0.151786
92 0.420775 0.901786 0.225352 0.080357
6 0.500000 0.022321 0.221831 0.044643
4 0.211268 0.097098 0.126761 0.015625
8 0.091549 0.110491 0.040493 0.026786
5 0.200704 0.120536 0.142606 0.027902
5 0.799296 0.135045 0.135563 0.029018
12 0.489437 0.189732 0.033451 0.023438
7 0.507042 0.198661 0.061620 0.012277
8 0.459507 0.197545 0.038732 0.026786
8 0.367958 0.204241 0.028169 0.020089
7 0.669014 0.214286 0.059859 0.011161
8 0.623239 0.214286 0.038732 0.026786
12 0.651408 0.261161 0.029930 0.027902
9 0.489437 0.274554 0.058099 0.043527
7 0.549296 0.342634 0.065141 0.013393
8 0.505282 0.342634 0.028169 0.020089
8 0.598592 0.343750 0.029930 0.021205
9 0.651408 0.341518 0.036972 0.025670
12 0.617958 0.370536 0.056338 0.027902
7 0.218310 0.400670 0.063380 0.013393
8 0.176056 0.400670 0.028169 0.022321
7 0.447183 0.417411 0.063380 0.011161
8 0.401408 0.417411 0.036972 0.029018
12 0.426056 0.425223 0.042254 0.031250
9 0.426056 0.513393 0.049296 0.035714
8 0.845070 0.526786 0.035211 0.023438
7 0.433099 0.562500 0.033451 0.012277
8 0.401408 0.562500 0.044014 0.034598
12 0.845070 0.589286 0.026408 0.024554
7 0.262324 0.595982 0.063380 0.011161
8 0.218310 0.595982 0.033451 0.022321
8 0.640845 0.699777 0.028169 0.020089
12 0.640845 0.750000 0.021127 0.016741
5 0.200704 0.774554 0.154930 0.024554
5 0.797535 0.786830 0.154930 0.026786
9 0.640845 0.837054 0.054577 0.040179
7 0.461268 0.861607 0.096831 0.014509
8 0.397887 0.860491 0.033451 0.022321
9 0.422535 0.962054 0.065141 0.047991
