0 0.500000 0.125000 0.190141 0.154018
106 0.371479 0.195312 0.179577 0.107143
1 0.797535 0.231027 0.161972 0.109375
70 0.045775 0.267857 0.080986 0.060268
34 0.362676 0.310268 0.181338 0.042411
120 0.315141 0.353795 0.147887 0.087054
78 0.089789 0.535714 0.091549 0.060268
135 0.917253 0.523438 0.165493 0.127232
75 0.466549 0.529018 0.080986 0.116071
66 0.746479 0.577009 0.109155 0.075893
145 0.378521 0.591518 0.091549 0.062500
35 0.693662 0.647321 0.066901 0.051339
71 0.514085 0.632812 0.073944 0.089286
34 0.371479 0.792411 0.218310 0.044643
2 0.200704 0.751116 0.179577 0.129464
3 0.797535 0.743304 0.183099 0.145089
37 0.144366 0.886161 0.079225 0.072545
0 0.500000 0.845982 0.214789 0.152902
27 0.943662 0.100446 0.112676 0.087054
65 0.839789 0.327009 0.154930 0.066964
8 0.373239 0.136161 0.026408 0.021205
5 0.799296 0.158482 0.139085 0.027902
7 0.052817 0.241071 0.033451 0.012277
8 0.024648 0.241071 0.028169 0.022321
9 0.373239 0.272321 0.054577 0.037946
7 0.382042 0.292411 0.063380 0.014509
7 0.859155 0.297991 0.063380 0.011161
8 0.341549 0.293527 0.028169 0.022321
8 0.816901 0.297991 0.031690 0.022321
8 0.316901 0.306920 0.036972 0.029018
8 0.957747 0.444196 0.036972 0.023438
7 0.767606 0.542411 0.061620 0.012277
8 0.725352 0.542411 0.036972 0.023438
8 0.380282 0.555804 0.026408 0.021205
7 0.517606 0.587054 0.033451 0.012277
8 0.487676 0.587054 0.031690 0.022321
7 0.718310 0.618304 0.061620 0.014509
8 0.674296 0.619420 0.031690 0.022321
12 0.693662 0.631696 0.028169 0.023438
12 0.373239 0.743304 0.058099 0.032366
7 0.394366 0.770089 0.061620 0.013393
8 0.350352 0.770089 0.031690 0.022321
5 0.797535 0.779018 0.144366 0.023438
5 0.200704 0.787946 0.147887 0.024554
4 0.808099 0.818080 0.123239 0.015625
