146 0.679577 0.102679 0.123239 0.111607
0 0.500000 0.118304 0.218310 0.167411
44 0.336268 0.175223 0.147887 0.154018
3 0.200704 0.216518 0.218310 0.138393
2 0.797535 0.219866 0.190141 0.131696
71 0.121479 0.308036 0.066901 0.073661
110 0.355634 0.347098 0.133803 0.089286
104 0.408451 0.368304 0.073944 0.051339
105 0.647887 0.368304 0.172535 0.113839
42 0.183099 0.503348 0.073944 0.064732
124 0.413732 0.645089 0.077465 0.062500
3 0.200704 0.751116 0.184859 0.129464
2 0.797535 0.748884 0.151408 0.133929
83 0.841549 0.813616 0.080986 0.060268
0 0.500000 0.845982 0.221831 0.151786
24 0.570423 0.681920 0.049296 0.035714
57 0.286972 0.737723 0.573944 0.308036
6 0.500000 0.022321 0.250000 0.044643
7 0.690141 0.049107 0.033451 0.012277
8 0.663732 0.049107 0.028169 0.020089
8 0.336268 0.093750 0.028169 0.022321
4 0.211268 0.104911 0.126761 0.015625
5 0.200704 0.133929 0.156690 0.031250
5 0.799296 0.136161 0.139085 0.029018
7 0.373239 0.303571 0.061620 0.012277
7 0.669014 0.312500 0.065141 0.012277
8 0.323944 0.303571 0.044014 0.034598
8 0.623239 0.312500 0.036972 0.023438
8 0.408451 0.328125 0.036972 0.023438
12 0.408451 0.345982 0.051056 0.034598
9 0.408451 0.417411 0.045775 0.034598
8 0.183099 0.469866 0.028169 0.020089
7 0.419014 0.618304 0.035211 0.011161
8 0.392606 0.618304 0.028169 0.022321
12 0.570423 0.655134 0.019366 0.015625
7 0.586268 0.665179 0.059859 0.012277
8 0.542253 0.664062 0.038732 0.026786
5 0.797535 0.767857 0.137324 0.022321
5 0.200704 0.776786 0.146127 0.023438
8 0.841549 0.785714 0.026408 0.021205
4 0.205986 0.822545 0.126761 0.015625
6 0.500000 0.930804 0.253521 0.046875
