0 0.500000 0.123884 0.197183 0.156250
62 0.686620 0.177455 0.091549 0.075893
59 0.623239 0.187500 0.066901 0.055804
3 0.200704 0.219866 0.154930 0.131696
2 0.799296 0.219866 0.177817 0.131696
42 0.850352 0.388393 0.084507 0.055804
122 0.202465 0.370536 0.190141 0.107143
72 0.195423 0.425223 0.140845 0.104911
83 0.580986 0.603795 0.084507 0.060268
106 0.470070 0.668527 0.179577 0.107143
138 0.625000 0.704241 0.158451 0.100446
19 0.295775 0.791295 0.080986 0.037946
2 0.200704 0.739955 0.169014 0.151786
3 0.797535 0.746652 0.190141 0.138393
109 0.156690 0.837054 0.056338 0.066964
74 0.732394 0.885045 0.088028 0.053571
0 0.500000 0.839286 0.227113 0.165179
57 0.746479 0.460938 0.507042 0.308036
69 0.827465 0.690848 0.084507 0.069196
129 0.419014 0.722098 0.382042 0.162946
54 0.242958 0.867188 0.126761 0.100446
4 0.211268 0.111607 0.126761 0.015625
7 0.690141 0.138393 0.033451 0.012277
8 0.660211 0.137277 0.031690 0.022321
5 0.799296 0.136161 0.142606 0.029018
5 0.200704 0.137277 0.161972 0.033482
7 0.241197 0.312500 0.091549 0.012277
8 0.183099 0.312500 0.036972 0.023438
8 0.852113 0.342634 0.040493 0.026786
7 0.232394 0.370536 0.091549 0.013393
8 0.176056 0.370536 0.033451 0.021205
7 0.602113 0.571429 0.065141 0.012277
8 0.556338 0.571429 0.033451 0.022321
8 0.470070 0.613839 0.042254 0.026786
8 0.625000 0.651786 0.035211 0.023438
12 0.471831 0.647321 0.058099 0.045759
9 0.580986 0.674107 0.038732 0.027902
9 0.471831 0.751116 0.054577 0.040179
5 0.797535 0.761161 0.154930 0.025670
5 0.200704 0.780134 0.153169 0.024554
9 0.626761 0.794643 0.036972 0.025670
7 0.169014 0.808036 0.033451 0.012277
8 0.140845 0.808036 0.028169 0.022321
4 0.806338 0.820312 0.126761 0.015625
12 0.156690 0.820312 0.038732 0.031250
8 0.732394 0.857143 0.026408 0.021205
9 0.156690 0.909598 0.045775 0.033482
6 0.500000 0.938616 0.251761 0.046875
