119 0.679577 0.559152 0.450704 0.227679
0 0.500000 0.123884 0.190141 0.156250
126 0.896127 0.171875 0.151408 0.109375
17 0.473592 0.198661 0.084507 0.058036
1 0.200704 0.229911 0.140845 0.110491
2 0.799296 0.216518 0.188380 0.138393
46 0.742958 0.341518 0.095070 0.091518
77 0.073944 0.318080 0.147887 0.138393
66 0.105634 0.414062 0.112676 0.073661
104 0.205986 0.453125 0.077465 0.055804
85 0.637324 0.657366 0.105634 0.107143
75 0.954225 0.680804 0.088028 0.091518
43 0.503521 0.756696 0.095070 0.098214
2 0.200704 0.743304 0.176056 0.145089
2 0.797535 0.739955 0.197183 0.151786
40 0.741197 0.848214 0.126761 0.093750
0 0.500000 0.850446 0.214789 0.142857
7 0.936620 0.117188 0.093310 0.013393
8 0.873239 0.117188 0.040493 0.026786
5 0.797535 0.131696 0.137324 0.027902
5 0.200704 0.158482 0.139085 0.027902
8 0.475352 0.169643 0.029930 0.021205
12 0.896127 0.175223 0.042254 0.040179
7 0.058099 0.243304 0.091549 0.013393
8 0.014085 0.243304 0.028169 0.021205
9 0.896127 0.255580 0.049296 0.035714
7 0.750000 0.294643 0.033451 0.011161
8 0.714789 0.294643 0.044014 0.034598
8 0.105634 0.375000 0.029930 0.021205
12 0.207746 0.404018 0.054577 0.041295
7 0.211268 0.426339 0.029930 0.012277
8 0.186620 0.426339 0.028169 0.022321
9 0.021127 0.427455 0.042254 0.031250
9 0.207746 0.502232 0.065141 0.047991
7 0.973592 0.629464 0.052817 0.014509
8 0.929577 0.629464 0.040493 0.026786
12 0.954225 0.666295 0.047535 0.040179
7 0.519366 0.709821 0.063380 0.014509
8 0.478873 0.710938 0.028169 0.020089
5 0.799296 0.768973 0.149648 0.020089
5 0.200704 0.777902 0.137324 0.022321
8 0.741197 0.787946 0.028169 0.020089
9 0.741197 0.920759 0.049296 0.035714
6 0.500000 0.929688 0.253521 0.046875
