86 0.158451 0.066964 0.316901 0.132812
50 0.744718 0.149554 0.394366 0.199777
119 0.156690 0.637277 0.313380 0.227679
0 0.500000 0.112723 0.225352 0.178571
134 0.308099 0.200893 0.183099 0.165179
3 0.797535 0.219866 0.154930 0.131696
104 0.535211 0.274554 0.084507 0.064732
115 0.137324 0.281250 0.098592 0.098214
59 0.258803 0.339286 0.077465 0.054688
47 0.360915 0.339286 0.123239 0.095982
40 0.202465 0.345982 0.130282 0.093750
21 0.417254 0.371652 0.073944 0.058036
138 0.922535 0.418527 0.154930 0.109375
104 0.802817 0.446429 0.073944 0.058036
55 0.579225 0.574777 0.073944 0.075893
134 0.642606 0.543527 0.190141 0.140625
28 0.799296 0.607143 0.102113 0.064732
74 0.373239 0.620536 0.084507 0.060268
2 0.200704 0.743304 0.176056 0.145089
2 0.797535 0.751116 0.179577 0.129464
0 0.500000 0.843750 0.183099 0.156250
65 0.306338 0.833705 0.130282 0.071429
4 0.809859 0.111607 0.123239 0.015625
7 0.343310 0.116071 0.091549 0.013393
8 0.285211 0.116071 0.033451 0.022321
5 0.799296 0.136161 0.153169 0.030134
12 0.308099 0.212054 0.077465 0.037946
7 0.161972 0.234375 0.063380 0.012277
8 0.535211 0.228795 0.038732 0.026786
8 0.119718 0.234375 0.029930 0.021205
9 0.744718 0.272321 0.063380 0.044643
7 0.373239 0.294643 0.033451 0.012277
8 0.204225 0.292411 0.033451 0.021205
8 0.341549 0.295759 0.036972 0.029018
12 0.204225 0.339286 0.033451 0.026786
8 0.945423 0.352679 0.042254 0.026786
9 0.258803 0.404018 0.042254 0.030134
8 0.802817 0.408482 0.038732 0.026786
12 0.945423 0.404018 0.049296 0.037946
9 0.202465 0.433036 0.042254 0.029018
7 0.683099 0.473214 0.093310 0.013393
8 0.626761 0.473214 0.029930 0.021205
8 0.579225 0.529018 0.035211 0.022321
12 0.642606 0.556920 0.035211 0.033482
7 0.802817 0.573661 0.033451 0.012277
8 0.771127 0.573661 0.036972 0.029018
9 0.642606 0.642857 0.059859 0.045759
9 0.580986 0.651786 0.044014 0.031250
5 0.797535 0.763393 0.137324 0.022321
5 0.200704 0.775670 0.163732 0.026786
8 0.306338 0.783482 0.044014 0.034598
