0 0.500000 0.123884 0.197183 0.156250
2 0.200704 0.216518 0.188380 0.138393
2 0.797535 0.219866 0.183099 0.131696
111 0.244718 0.275670 0.154930 0.120536
71 0.647887 0.294643 0.066901 0.087054
16 0.302817 0.363839 0.051056 0.042411
81 0.635563 0.349330 0.147887 0.093750
29 0.639085 0.418527 0.140845 0.060268
121 0.360915 0.628348 0.126761 0.084821
75 0.804577 0.627232 0.144366 0.093750
85 0.781690 0.640625 0.109155 0.122768
17 0.045775 0.729911 0.073944 0.051339
112 0.887324 0.738839 0.193662 0.084821
2 0.200704 0.731027 0.179577 0.169643
2 0.797535 0.743304 0.176056 0.145089
138 0.633803 0.868304 0.151408 0.098214
0 0.500000 0.845982 0.221831 0.151786
65 0.484155 0.558036 0.133803 0.069196
24 0.591549 0.689732 0.052817 0.026786
65 0.408451 0.755580 0.116197 0.053571
39 0.323944 0.895089 0.077465 0.051339
5 0.200704 0.131696 0.154930 0.030134
5 0.797535 0.140625 0.161972 0.032366
8 0.244718 0.208705 0.038732 0.026786
7 0.672535 0.245536 0.061620 0.012277
8 0.626761 0.245536 0.038732 0.026786
7 0.654930 0.299107 0.061620 0.014509
8 0.609155 0.299107 0.040493 0.026786
8 0.301056 0.325893 0.035211 0.023438
9 0.647887 0.361607 0.054577 0.039062
7 0.644366 0.386161 0.033451 0.012277
8 0.612676 0.386161 0.033451 0.022321
8 0.485915 0.511161 0.036972 0.029018
8 0.781690 0.580357 0.028169 0.022321
8 0.362676 0.583705 0.033451 0.022321
12 0.360915 0.607143 0.031690 0.027902
9 0.484155 0.629464 0.045775 0.033482
7 0.612676 0.677455 0.059859 0.011161
8 0.565141 0.677455 0.042254 0.026786
8 0.887324 0.689732 0.036972 0.029018
7 0.063380 0.705357 0.061620 0.012277
8 0.022887 0.705357 0.028169 0.020089
12 0.408451 0.714286 0.049296 0.041295
12 0.887324 0.717634 0.051056 0.037946
8 0.408451 0.725446 0.036972 0.023438
5 0.200704 0.785714 0.161972 0.025670
5 0.797535 0.787946 0.158451 0.025670
7 0.651408 0.823661 0.056338 0.011161
9 0.408451 0.815848 0.056338 0.040179
8 0.609155 0.823661 0.036972 0.023438
7 0.323944 0.868304 0.029930 0.012277
8 0.295775 0.869420 0.035211 0.022321
