52 0.211268 0.112723 0.130282 0.058036
117 0.056338 0.154018 0.112676 0.087054
0 0.500000 0.121652 0.232394 0.160714
1 0.200704 0.227679 0.165493 0.116071
2 0.797535 0.219866 0.190141 0.131696
113 0.207746 0.321429 0.095070 0.082589
138 0.455986 0.366071 0.158451 0.113839
140 0.045775 0.418527 0.091549 0.062500
139 0.670775 0.429688 0.116197 0.080357
66 0.801056 0.503348 0.105634 0.071429
21 0.410211 0.612723 0.073944 0.040179
102 0.654930 0.626116 0.218310 0.087054
17 0.517606 0.678571 0.073944 0.044643
1 0.797535 0.757812 0.161972 0.116071
0 0.500000 0.847098 0.190141 0.149554
125 0.778169 0.126116 0.146127 0.089286
6 0.500000 0.022321 0.221831 0.044643
7 0.242958 0.084821 0.089789 0.012277
8 0.181338 0.084821 0.042254 0.026786
8 0.036972 0.099330 0.035211 0.022321
5 0.797535 0.137277 0.144366 0.029018
12 0.038732 0.138393 0.061620 0.039062
5 0.200704 0.151786 0.151408 0.030134
8 0.207746 0.270089 0.035211 0.022321
7 0.475352 0.313616 0.061620 0.013393
8 0.429577 0.312500 0.036972 0.023438
7 0.690141 0.386161 0.061620 0.013393
12 0.455986 0.380580 0.056338 0.026786
8 0.045775 0.382812 0.040493 0.026786
8 0.644366 0.386161 0.033451 0.021205
8 0.410211 0.582589 0.028169 0.022321
7 0.538732 0.660714 0.061620 0.013393
8 0.491197 0.660714 0.038732 0.026786
5 0.797535 0.787946 0.137324 0.023438
