0 0.500000 0.125000 0.216549 0.152902
126 0.690141 0.162946 0.151408 0.109375
95 0.704225 0.216518 0.137324 0.069196
2 0.797535 0.219866 0.214789 0.131696
19 0.461268 0.279018 0.073944 0.046875
15 0.633803 0.375000 0.059859 0.046875
95 0.686620 0.433036 0.147887 0.073661
89 0.841549 0.495536 0.105634 0.104911
55 0.250000 0.522321 0.088028 0.064732
149 0.623239 0.563616 0.105634 0.107143
42 0.077465 0.588170 0.086268 0.058036
111 0.533451 0.577009 0.154930 0.120536
142 0.595070 0.783482 0.098592 0.066964
0 0.500000 0.841518 0.221831 0.160714
41 0.640845 0.073661 0.137324 0.129464
7 0.676056 0.011161 0.089789 0.014509
8 0.616197 0.011161 0.036972 0.022321
6 0.500000 0.025670 0.250000 0.044643
8 0.690141 0.084821 0.044014 0.034598
5 0.799296 0.138393 0.139085 0.027902
12 0.704225 0.189732 0.040493 0.034598
8 0.461268 0.243304 0.042254 0.026786
9 0.704225 0.287946 0.045775 0.033482
9 0.461268 0.316964 0.098592 0.073661
8 0.686620 0.386161 0.029930 0.021205
12 0.686620 0.426339 0.028169 0.023438
8 0.841549 0.435268 0.026408 0.021205
7 0.267606 0.485491 0.063380 0.013393
8 0.228873 0.486607 0.026408 0.021205
9 0.686620 0.500000 0.056338 0.039062
8 0.535211 0.506696 0.040493 0.026786
7 0.658451 0.515625 0.096831 0.014509
8 0.600352 0.514509 0.028169 0.022321
8 0.077465 0.552455 0.038732 0.026786
9 0.250000 0.590402 0.049296 0.035714
9 0.077465 0.649554 0.059859 0.043527
7 0.626761 0.747768 0.089789 0.012277
8 0.566901 0.747768 0.036972 0.023438
