151 0.473592 0.574777 0.443662 0.227679
71 0.297535 0.077009 0.073944 0.078125
0 0.500000 0.104911 0.257042 0.194196
52 0.526408 0.197545 0.112676 0.055804
2 0.200704 0.219866 0.177817 0.131696
1 0.797535 0.229911 0.161972 0.111607
149 0.797535 0.253348 0.105634 0.102679
45 0.220070 0.277902 0.088028 0.075893
49 0.253521 0.300223 0.102113 0.073661
58 0.818662 0.360491 0.102113 0.075893
72 0.633803 0.368304 0.137324 0.098214
89 0.757042 0.385045 0.105634 0.102679
93 0.850352 0.425223 0.059859 0.042411
103 0.202465 0.446429 0.133803 0.087054
93 0.806338 0.477679 0.070423 0.049107
136 0.649648 0.527902 0.130282 0.091518
128 0.255282 0.552455 0.218310 0.125000
101 0.473592 0.574777 0.207746 0.089286
124 0.781690 0.642857 0.091549 0.053571
105 0.147887 0.621652 0.190141 0.102679
122 0.102113 0.662946 0.204225 0.100446
40 0.512324 0.756696 0.126761 0.093750
1 0.200704 0.761161 0.161972 0.109375
2 0.797535 0.743304 0.176056 0.145089
61 0.795775 0.808036 0.088028 0.102679
0 0.500000 0.847098 0.200704 0.149554
145 0.390845 0.893973 0.091549 0.062500
41 0.068662 0.833705 0.137324 0.118304
6 0.500000 0.022321 0.250000 0.044643
7 0.313380 0.033482 0.061620 0.013393
8 0.271127 0.033482 0.031690 0.022321
5 0.200704 0.137277 0.156690 0.031250
8 0.526408 0.152902 0.031690 0.022321
5 0.797535 0.155134 0.140845 0.029018
8 0.797535 0.203125 0.028169 0.020089
8 0.221831 0.223214 0.026408 0.021205
8 0.253521 0.244420 0.040493 0.026786
7 0.654930 0.319196 0.065141 0.014509
7 0.843310 0.323661 0.063380 0.012277
8 0.799296 0.322545 0.033451 0.022321
8 0.605634 0.319196 0.044014 0.034598
9 0.797535 0.339286 0.042254 0.030134
8 0.204225 0.392857 0.026408 0.021205
12 0.850352 0.395089 0.045775 0.034598
7 0.859155 0.408482 0.033451 0.012277
8 0.830986 0.408482 0.031690 0.022321
7 0.832747 0.452009 0.063380 0.013393
8 0.788732 0.452009 0.036972 0.029018
8 0.651408 0.473214 0.036972 0.029018
9 0.850352 0.469866 0.059859 0.044643
8 0.257042 0.484375 0.029930 0.021205
14 0.473592 0.513393 0.070423 0.011161
7 0.482394 0.526786 0.033451 0.011161
8 0.447183 0.526786 0.042254 0.026786
8 0.147887 0.554688 0.036972 0.029018
8 0.781690 0.606027 0.031690 0.022321
7 0.139085 0.613839 0.088028 0.012277
8 0.084507 0.612723 0.028169 0.022321
8 0.512324 0.704241 0.028169 0.022321
7 0.818662 0.752232 0.063380 0.012277
8 0.778169 0.752232 0.028169 0.020089
9 0.100352 0.742188 0.059859 0.042411
5 0.200704 0.763393 0.140845 0.023438
7 0.045775 0.774554 0.063380 0.012277
8 0.021127 0.774554 0.040493 0.026786
5 0.797535 0.783482 0.137324 0.022321
6 0.500000 0.930804 0.246479 0.044643
