0 0.500000 0.123884 0.197183 0.156250
103 0.295775 0.214286 0.147887 0.075893
3 0.797535 0.213170 0.207746 0.145089
143 0.408451 0.379464 0.073944 0.055804
17 0.628521 0.679688 0.091549 0.049107
3 0.200704 0.755580 0.137324 0.120536
2 0.797535 0.748884 0.151408 0.133929
0 0.500000 0.852679 0.225352 0.139509
6 0.500000 0.023438 0.250000 0.042411
4 0.809859 0.098214 0.123239 0.015625
5 0.799296 0.127232 0.153169 0.030134
7 0.299296 0.178571 0.033451 0.012277
8 0.264085 0.178571 0.044014 0.034598
147 0.484155 0.539062 0.042254 0.037946
8 0.628521 0.650670 0.038732 0.026786
5 0.200704 0.768973 0.144366 0.024554
5 0.799296 0.774554 0.142606 0.024554
4 0.209507 0.814732 0.126761 0.015625
