56 0.846831 0.837054 0.306338 0.166295
0 0.500000 0.125000 0.186620 0.154018
124 0.598592 0.203125 0.063380 0.052455
29 0.702465 0.247768 0.140845 0.060268
1 0.200704 0.229911 0.161972 0.111607
3 0.799296 0.222098 0.209507 0.127232
137 0.367958 0.272321 0.059859 0.029018
46 0.246479 0.264509 0.091549 0.091518
139 0.487676 0.293527 0.112676 0.066964
132 0.920775 0.285714 0.147887 0.100446
74 0.957747 0.338170 0.084507 0.069196
77 0.352113 0.349330 0.149648 0.136161
15 0.753521 0.428571 0.045775 0.035714
122 0.147887 0.418527 0.204225 0.100446
146 0.783451 0.506696 0.109155 0.102679
30 0.741197 0.558036 0.080986 0.049107
128 0.889085 0.523438 0.207746 0.131696
135 0.505282 0.574777 0.151408 0.095982
131 0.417254 0.584821 0.144366 0.089286
37 0.468310 0.607143 0.121479 0.063616
144 0.255282 0.641741 0.112676 0.064732
2 0.200704 0.743304 0.176056 0.145089
96 0.644366 0.801339 0.105634 0.082589
0 0.500000 0.845982 0.221831 0.151786
80 0.910211 0.880580 0.109155 0.089286
54 0.649648 0.037946 0.158451 0.075893
27 0.577465 0.415179 0.276408 0.136161
6 0.500000 0.029018 0.235915 0.037946
4 0.809859 0.116071 0.126761 0.015625
5 0.797535 0.138393 0.137324 0.026786
5 0.200704 0.158482 0.144366 0.029018
7 0.267606 0.223214 0.061620 0.014509
8 0.702465 0.218750 0.035211 0.022321
8 0.922535 0.218750 0.040493 0.026786
8 0.221831 0.222098 0.040493 0.026786
8 0.369718 0.236607 0.044014 0.034598
7 0.505282 0.265625 0.063380 0.012277
12 0.489437 0.256696 0.036972 0.032366
8 0.464789 0.264509 0.028169 0.022321
7 0.355634 0.276786 0.033451 0.012277
8 0.323944 0.277902 0.038732 0.026786
8 0.957747 0.292411 0.044014 0.034598
8 0.147887 0.352679 0.026408 0.021205
9 0.489437 0.343750 0.103873 0.077009
9 0.922535 0.359375 0.065141 0.046875
12 0.753521 0.400670 0.049296 0.031250
8 0.785211 0.452009 0.040493 0.026786
7 0.915493 0.459821 0.063380 0.013393
8 0.876761 0.459821 0.026408 0.021205
9 0.753521 0.473214 0.065141 0.045759
7 0.542253 0.522321 0.091549 0.012277
8 0.485915 0.522321 0.029930 0.021205
7 0.764085 0.531250 0.061620 0.014509
8 0.725352 0.531250 0.026408 0.021205
12 0.741197 0.524554 0.038732 0.035714
7 0.450704 0.542411 0.096831 0.014509
8 0.383803 0.542411 0.044014 0.034598
8 0.468310 0.560268 0.033451 0.022321
12 0.505282 0.575893 0.052817 0.031250
7 0.274648 0.611607 0.065141 0.012277
8 0.230634 0.611607 0.031690 0.022321
9 0.741197 0.612723 0.035211 0.024554
9 0.505282 0.652902 0.042254 0.031250
9 0.466549 0.675223 0.042254 0.031250
8 0.644366 0.757812 0.033451 0.022321
5 0.200704 0.767857 0.153169 0.024554
8 0.911972 0.821429 0.029930 0.021205
12 0.911972 0.863839 0.040493 0.031250
9 0.859155 0.944196 0.065141 0.044643
9 0.910211 0.950893 0.059859 0.043527
