119 0.688380 0.100446 0.450704 0.199777
33 0.147887 0.555804 0.077465 0.063616
124 0.359155 0.154018 0.084507 0.047991
0 0.500000 0.117188 0.211268 0.169643
3 0.200704 0.219866 0.154930 0.131696
3 0.797535 0.210938 0.165493 0.149554
89 0.367958 0.257812 0.105634 0.104911
34 0.151408 0.338170 0.179577 0.040179
104 0.551056 0.358259 0.088028 0.060268
80 0.811620 0.378348 0.119718 0.078125
22 0.139085 0.438616 0.070423 0.064732
30 0.267606 0.546875 0.098592 0.053571
28 0.179577 0.691964 0.130282 0.071429
134 0.353873 0.694196 0.186620 0.140625
75 0.359155 0.760045 0.080986 0.091518
44 0.422535 0.742188 0.137324 0.133929
1 0.200704 0.752232 0.169014 0.127232
51 0.139085 0.785714 0.151408 0.095982
0 0.500000 0.850446 0.214789 0.142857
129 0.359155 0.039062 0.382042 0.078125
65 0.093310 0.222098 0.102113 0.075893
125 0.521127 0.328125 0.142606 0.070312
26 0.309859 0.404018 0.279930 0.136161
54 0.366197 0.481027 0.119718 0.089286
4 0.809859 0.093750 0.123239 0.015625
4 0.211268 0.111607 0.126761 0.015625
5 0.797535 0.122768 0.151408 0.030134
8 0.359155 0.133929 0.033451 0.021205
5 0.200704 0.138393 0.160211 0.032366
7 0.123239 0.189732 0.091549 0.012277
147 0.841549 0.175223 0.058099 0.042411
8 0.068662 0.188616 0.028169 0.020089
8 0.367958 0.188616 0.035211 0.022321
12 0.095070 0.208705 0.054577 0.037946
12 0.151408 0.297991 0.035211 0.024554
8 0.151408 0.318080 0.035211 0.022321
7 0.556338 0.328125 0.033451 0.012277
8 0.528169 0.327009 0.028169 0.020089
9 0.369718 0.345982 0.051056 0.036830
7 0.294014 0.514509 0.063380 0.011161
8 0.250000 0.514509 0.033451 0.022321
8 0.355634 0.620536 0.026408 0.021205
7 0.445423 0.669643 0.059859 0.012277
8 0.404930 0.669643 0.028169 0.020089
7 0.380282 0.709821 0.061620 0.012277
8 0.338028 0.709821 0.033451 0.022321
7 0.177817 0.736607 0.091549 0.012277
8 0.119718 0.735491 0.033451 0.022321
5 0.200704 0.767857 0.160211 0.027902
6 0.500000 0.937500 0.253521 0.046875
