0 0.500000 0.123884 0.197183 0.156250
3 0.200704 0.222098 0.154930 0.127232
77 0.482394 0.323661 0.160211 0.129464
74 0.799296 0.417411 0.084507 0.060268
138 0.246479 0.504464 0.158451 0.098214
66 0.096831 0.603795 0.109155 0.075893
114 0.257042 0.623884 0.158451 0.087054
3 0.200704 0.751116 0.184859 0.129464
0 0.500000 0.849330 0.165493 0.145089
71 0.468310 0.891741 0.073944 0.098214
4 0.211268 0.116071 0.126761 0.015625
5 0.200704 0.138393 0.142606 0.027902
7 0.500000 0.256696 0.065141 0.012277
8 0.450704 0.257812 0.040493 0.026786
8 0.246479 0.455357 0.026408 0.021205
7 0.116197 0.564732 0.063380 0.012277
8 0.077465 0.564732 0.026408 0.021205
8 0.257042 0.565848 0.028169 0.022321
5 0.200704 0.770089 0.140845 0.024554
4 0.207746 0.812500 0.126761 0.015625
7 0.485915 0.843750 0.061620 0.013393
8 0.443662 0.843750 0.033451 0.022321
12 0.468310 0.890625 0.028169 0.023438
6 0.500000 0.936384 0.253521 0.046875
