0 0.500000 0.120536 0.188380 0.164062
108 0.045775 0.166295 0.091549 0.080357
47 0.570423 0.198661 0.123239 0.095982
46 0.357394 0.238839 0.133803 0.073661
2 0.200704 0.219866 0.214789 0.131696
3 0.797535 0.222098 0.154930 0.127232
138 0.142606 0.282366 0.147887 0.102679
51 0.919014 0.318080 0.161972 0.100446
2 0.200704 0.743304 0.176056 0.145089
1 0.797535 0.752232 0.169014 0.127232
40 0.297535 0.875000 0.137324 0.084821
0 0.500000 0.852679 0.225352 0.139509
84 0.271127 0.594866 0.140845 0.080357
129 0.908451 0.763393 0.181338 0.151786
6 0.500000 0.021205 0.250000 0.042411
4 0.809859 0.116071 0.126761 0.015625
7 0.066901 0.122768 0.063380 0.013393
8 0.022887 0.122768 0.035211 0.022321
7 0.572183 0.147321 0.035211 0.012277
5 0.200704 0.140625 0.161972 0.034598
8 0.542253 0.146205 0.036972 0.029018
5 0.797535 0.146205 0.158451 0.033482
12 0.570423 0.185268 0.031690 0.023438
8 0.359155 0.187500 0.036972 0.029018
7 0.158451 0.225446 0.061620 0.013393
8 0.109155 0.225446 0.044014 0.034598
7 0.947183 0.263393 0.035211 0.012277
8 0.919014 0.264509 0.033451 0.022321
9 0.570423 0.280134 0.056338 0.037946
8 0.271127 0.537946 0.028169 0.022321
5 0.799296 0.763393 0.160211 0.030134
5 0.200704 0.781250 0.149648 0.024554
7 0.309859 0.830357 0.033451 0.012277
8 0.278169 0.830357 0.036972 0.023438
