0 0.500000 0.125000 0.193662 0.154018
49 0.051056 0.248884 0.102113 0.069196
1 0.200704 0.227679 0.158451 0.116071
2 0.797535 0.218750 0.179577 0.133929
146 0.741197 0.285714 0.130282 0.098214
121 0.621479 0.578125 0.098592 0.066964
85 0.139085 0.595982 0.112676 0.092634
103 0.919014 0.641741 0.161972 0.069196
42 0.348592 0.753348 0.077465 0.069196
3 0.200704 0.748884 0.183099 0.133929
1 0.799296 0.742188 0.184859 0.147321
75 0.248239 0.837054 0.084507 0.125000
0 0.500000 0.845982 0.221831 0.151786
121 0.107394 0.898438 0.098592 0.066964
36 0.568662 0.158482 0.443662 0.220982
25 0.205986 0.457589 0.098592 0.037946
5 0.797535 0.135045 0.154930 0.031250
5 0.200704 0.154018 0.140845 0.027902
147 0.588028 0.176339 0.044014 0.037946
8 0.052817 0.214286 0.026408 0.021205
8 0.741197 0.222098 0.031690 0.022321
8 0.205986 0.424107 0.028169 0.020089
7 0.640845 0.540179 0.063380 0.013393
8 0.591549 0.540179 0.042254 0.026786
8 0.139085 0.542411 0.035211 0.023438
8 0.968310 0.600446 0.040493 0.026786
8 0.348592 0.709821 0.028169 0.020089
5 0.200704 0.770089 0.158451 0.026786
5 0.797535 0.785714 0.154930 0.025670
4 0.207746 0.821429 0.126761 0.015625
7 0.130282 0.866071 0.061620 0.012277
8 0.088028 0.866071 0.031690 0.022321
