126 0.742958 0.054688 0.151408 0.109375
0 0.500000 0.117188 0.200704 0.169643
90 0.424296 0.187500 0.091549 0.060268
1 0.200704 0.229911 0.161972 0.111607
2 0.797535 0.218750 0.179577 0.133929
105 0.855634 0.379464 0.176056 0.116071
51 0.790493 0.392857 0.190141 0.091518
19 0.045775 0.455357 0.073944 0.044643
30 0.582747 0.534598 0.105634 0.051339
63 0.205986 0.636161 0.080986 0.071429
149 0.836268 0.648438 0.105634 0.102679
3 0.200704 0.746652 0.190141 0.138393
3 0.797535 0.748884 0.169014 0.133929
66 0.750000 0.841518 0.109155 0.075893
0 0.500000 0.845982 0.221831 0.151786
8 0.742958 0.011161 0.033451 0.022321
10 0.276408 0.104911 0.126761 0.071429
5 0.799296 0.135045 0.156690 0.031250
7 0.459507 0.154018 0.091549 0.012277
8 0.404930 0.154018 0.026408 0.021205
5 0.200704 0.158482 0.160211 0.032366
12 0.424296 0.165179 0.035211 0.027902
10 0.936620 0.165179 0.082746 0.042411
9 0.424296 0.247768 0.038732 0.027902
8 0.855634 0.319196 0.029930 0.021205
7 0.813380 0.343750 0.065141 0.013393
8 0.771127 0.343750 0.028169 0.022321
10 0.936620 0.391741 0.107394 0.060268
7 0.602113 0.504464 0.059859 0.011161
8 0.556338 0.504464 0.042254 0.026786
10 0.934859 0.496652 0.091549 0.042411
8 0.836268 0.580357 0.035211 0.023438
7 0.230634 0.593750 0.059859 0.012277
8 0.186620 0.594866 0.035211 0.022321
10 0.936620 0.622768 0.103873 0.058036
10 0.063380 0.683036 0.086268 0.047991
9 0.838028 0.732143 0.036972 0.026786
5 0.799296 0.772321 0.153169 0.024554
5 0.200704 0.772321 0.154930 0.024554
10 0.063380 0.761161 0.089789 0.050223
8 0.750000 0.797991 0.028169 0.022321
4 0.804577 0.811384 0.126761 0.015625
4 0.209507 0.819196 0.126761 0.015625
10 0.728873 0.911830 0.172535 0.104911
