0 0.500000 0.120536 0.188380 0.164062
1 0.799296 0.232143 0.142606 0.108259
105 0.424296 0.256696 0.179577 0.111607
88 0.639085 0.334821 0.133803 0.066964
108 0.526408 0.390625 0.091549 0.062500
37 0.242958 0.550223 0.110915 0.071429
97 0.165493 0.545759 0.105634 0.082589
73 0.860915 0.658482 0.098592 0.064732
74 0.411972 0.722098 0.088028 0.055804
2 0.200704 0.743304 0.176056 0.145089
3 0.797535 0.746652 0.190141 0.138393
0 0.500000 0.839286 0.227113 0.165179
65 0.862676 0.256696 0.130282 0.053571
94 0.151408 0.785714 0.144366 0.098214
6 0.500000 0.021205 0.250000 0.042411
5 0.799296 0.160714 0.142606 0.029018
7 0.447183 0.198661 0.061620 0.014509
8 0.401408 0.198661 0.040493 0.025670
7 0.894366 0.227679 0.089789 0.012277
8 0.834507 0.226562 0.040493 0.026786
8 0.639085 0.287946 0.028169 0.020089
8 0.528169 0.350446 0.040493 0.026786
9 0.426056 0.343750 0.061620 0.044643
12 0.526408 0.359375 0.031690 0.025670
8 0.165493 0.498884 0.028169 0.020089
8 0.242958 0.510045 0.042254 0.026786
12 0.165493 0.533482 0.036972 0.031250
9 0.242958 0.616071 0.045775 0.033482
7 0.887324 0.628348 0.065141 0.013393
8 0.845070 0.627232 0.026408 0.021205
12 0.411972 0.687500 0.059859 0.045759
8 0.151408 0.725446 0.028169 0.020089
5 0.799296 0.785714 0.156690 0.025670
5 0.200704 0.783482 0.158451 0.030134
4 0.804577 0.821429 0.112676 0.014509
