64 0.735915 0.063616 0.151408 0.087054
109 0.332746 0.106027 0.056338 0.058036
85 0.397887 0.184152 0.105634 0.100446
49 0.387324 0.234375 0.105634 0.084821
3 0.200704 0.212054 0.176056 0.147321
104 0.524648 0.340402 0.073944 0.058036
133 0.346831 0.350446 0.147887 0.080357
89 0.640845 0.369420 0.105634 0.102679
46 0.352113 0.629464 0.119718 0.071429
1 0.200704 0.752232 0.154930 0.128348
1 0.797535 0.752232 0.169014 0.127232
129 0.151408 0.053571 0.301056 0.107143
36 0.177817 0.100446 0.355634 0.199777
69 0.588028 0.770089 0.274648 0.120536
27 0.482394 0.857143 0.276408 0.137277
7 0.757042 0.017857 0.061620 0.012277
8 0.718310 0.017857 0.026408 0.021205
7 0.369718 0.080357 0.093310 0.012277
8 0.309859 0.079241 0.033451 0.022321
4 0.211268 0.097098 0.126761 0.015625
5 0.200704 0.122768 0.137324 0.027902
8 0.387324 0.194196 0.026408 0.021205
7 0.547535 0.305804 0.063380 0.013393
8 0.505282 0.305804 0.031690 0.022321
8 0.348592 0.305804 0.044014 0.034598
7 0.390845 0.589286 0.089789 0.012277
8 0.330986 0.590402 0.033451 0.022321
5 0.797535 0.776786 0.140845 0.026786
5 0.200704 0.776786 0.160211 0.025670
