86 0.264085 0.397321 0.336268 0.166295
0 0.500000 0.120536 0.197183 0.162946
1 0.797535 0.231027 0.158451 0.109375
71 0.250000 0.416295 0.070423 0.062500
144 0.843310 0.520089 0.140845 0.074777
52 0.867958 0.585938 0.112676 0.060268
34 0.429577 0.757812 0.179577 0.049107
3 0.200704 0.746652 0.190141 0.138393
3 0.797535 0.748884 0.183099 0.133929
0 0.500000 0.844866 0.202465 0.154018
92 0.514085 0.435268 0.179577 0.078125
41 0.910211 0.564732 0.137324 0.129464
5 0.797535 0.156250 0.140845 0.027902
8 0.514085 0.380580 0.028169 0.020089
7 0.288732 0.385045 0.089789 0.013393
8 0.232394 0.385045 0.031690 0.022321
7 0.862676 0.481027 0.065141 0.013393
8 0.818662 0.481027 0.028169 0.020089
8 0.911972 0.484375 0.040493 0.026786
8 0.869718 0.540179 0.040493 0.026786
12 0.911972 0.580357 0.054577 0.041295
8 0.429577 0.728795 0.031690 0.022321
5 0.200704 0.763393 0.137324 0.023438
5 0.799296 0.785714 0.156690 0.021205
4 0.806338 0.814732 0.126761 0.015625
4 0.207746 0.814732 0.126761 0.015625
6 0.500000 0.930804 0.253521 0.046875
