86 0.838028 0.450893 0.322183 0.168527
50 0.633803 0.852679 0.392606 0.199777
59 0.841549 0.145089 0.077465 0.051339
0 0.500000 0.112723 0.228873 0.178571
3 0.200704 0.210938 0.165493 0.149554
3 0.799296 0.222098 0.209507 0.127232
40 0.677817 0.352679 0.126761 0.082589
40 0.151408 0.371652 0.130282 0.093750
121 0.804577 0.404018 0.116197 0.078125
55 0.748239 0.412946 0.070423 0.071429
122 0.426056 0.498884 0.204225 0.111607
31 0.183099 0.524554 0.091549 0.061384
144 0.750000 0.520089 0.126761 0.070312
105 0.390845 0.532366 0.165493 0.111607
141 0.255282 0.591518 0.161972 0.104911
121 0.744718 0.628348 0.126761 0.080357
76 0.484155 0.635045 0.190141 0.111607
105 0.415493 0.635045 0.172535 0.113839
132 0.843310 0.669643 0.147887 0.100446
28 0.457746 0.681920 0.144366 0.080357
122 0.633803 0.670759 0.193662 0.104911
2 0.797535 0.743304 0.176056 0.145089
0 0.500000 0.840402 0.214789 0.162946
39 0.419014 0.890625 0.077465 0.051339
4 0.211268 0.093750 0.126761 0.015625
4 0.809859 0.116071 0.112676 0.014509
5 0.200704 0.120536 0.156690 0.032366
5 0.797535 0.139509 0.144366 0.029018
9 0.841549 0.207589 0.029930 0.021205
8 0.677817 0.294643 0.038732 0.026786
8 0.804577 0.361607 0.028169 0.020089
7 0.757042 0.372768 0.029930 0.012277
8 0.725352 0.372768 0.044014 0.034598
7 0.411972 0.482143 0.061620 0.012277
7 0.760563 0.487723 0.033451 0.013393
8 0.366197 0.481027 0.036972 0.029018
8 0.732394 0.487723 0.031690 0.022321
7 0.221831 0.493304 0.093310 0.012277
8 0.161972 0.493304 0.033451 0.022321
8 0.257042 0.521205 0.040493 0.026786
8 0.485915 0.558036 0.044014 0.034598
8 0.415493 0.570312 0.040493 0.026786
7 0.762324 0.582589 0.063380 0.012277
8 0.718310 0.582589 0.036972 0.029018
7 0.869718 0.616071 0.061620 0.014509
8 0.823944 0.614955 0.036972 0.029018
8 0.457746 0.629464 0.028169 0.022321
12 0.485915 0.645089 0.036972 0.025670
12 0.457746 0.667411 0.049296 0.025670
9 0.485915 0.727679 0.047535 0.034598
5 0.797535 0.780134 0.140845 0.026786
7 0.452465 0.868304 0.091549 0.012277
8 0.394366 0.869420 0.031690 0.022321
6 0.500000 0.931920 0.253521 0.046875
9 0.632042 0.984375 0.042254 0.031250
