0 0.500000 0.112723 0.228873 0.178571
17 0.674296 0.197545 0.073944 0.044643
93 0.964789 0.203125 0.070423 0.049107
93 0.579225 0.214286 0.070423 0.049107
118 0.517606 0.218750 0.080986 0.089286
1 0.200704 0.232143 0.142606 0.108259
3 0.797535 0.213170 0.207746 0.145089
85 0.866197 0.275670 0.098592 0.084821
98 0.463028 0.314732 0.091549 0.078125
95 0.198944 0.322545 0.119718 0.084821
136 0.535211 0.333705 0.172535 0.078125
78 0.531690 0.347098 0.126761 0.082589
131 0.582747 0.388393 0.161972 0.091518
75 0.804577 0.472098 0.080986 0.116071
89 0.139085 0.556920 0.116197 0.109375
81 0.478873 0.620536 0.140845 0.089286
141 0.734155 0.594866 0.161972 0.149554
133 0.640845 0.667411 0.109155 0.116071
59 0.785211 0.703125 0.040493 0.055804
97 0.705986 0.709821 0.109155 0.080357
141 0.591549 0.700893 0.133803 0.098214
2 0.200704 0.739955 0.197183 0.151786
16 0.903169 0.813616 0.056338 0.044643
16 0.242958 0.842634 0.052817 0.044643
0 0.500000 0.842634 0.246479 0.158482
116 0.635563 0.609375 0.098592 0.062500
129 0.308099 0.700893 0.390845 0.194196
4 0.809859 0.098214 0.126761 0.015625
5 0.799296 0.123884 0.149648 0.031250
8 0.517606 0.159598 0.031690 0.022321
5 0.200704 0.160714 0.151408 0.030134
8 0.674296 0.175223 0.028169 0.020089
8 0.943662 0.174107 0.038732 0.026786
12 0.970070 0.180804 0.059859 0.036830
8 0.580986 0.186384 0.036972 0.029018
9 0.971831 0.254464 0.054577 0.039062
7 0.489437 0.270089 0.065141 0.013393
8 0.443662 0.270089 0.033451 0.022321
8 0.200704 0.274554 0.026408 0.021205
7 0.559859 0.296875 0.065141 0.013393
8 0.510563 0.296875 0.040493 0.026786
8 0.584507 0.333705 0.040493 0.026786
9 0.200704 0.392857 0.068662 0.047991
7 0.823944 0.418527 0.061620 0.013393
8 0.783451 0.418527 0.028169 0.020089
12 0.804577 0.468750 0.024648 0.022321
9 0.582747 0.459821 0.063380 0.047991
8 0.139085 0.486607 0.035211 0.022321
8 0.734155 0.517857 0.042254 0.026786
12 0.140845 0.549107 0.033451 0.032366
8 0.478873 0.568080 0.040493 0.026786
8 0.640845 0.593750 0.026408 0.021205
7 0.619718 0.656250 0.065141 0.012277
9 0.140845 0.648438 0.040493 0.029018
8 0.570423 0.656250 0.036972 0.029018
7 0.746479 0.674107 0.093310 0.012277
8 0.690141 0.674107 0.026408 0.021205
9 0.734155 0.699777 0.070423 0.049107
5 0.200704 0.765625 0.154930 0.025670
7 0.911972 0.790179 0.033451 0.012277
8 0.883803 0.791295 0.028169 0.022321
7 0.265845 0.821429 0.063380 0.013393
8 0.221831 0.821429 0.036972 0.023438
