0 0.500000 0.117188 0.200704 0.169643
3 0.200704 0.222098 0.209507 0.127232
2 0.797535 0.218750 0.179577 0.133929
118 0.936620 0.289062 0.105634 0.084821
64 0.586268 0.322545 0.119718 0.073661
88 0.792253 0.375000 0.109155 0.075893
132 0.529930 0.376116 0.151408 0.093750
1 0.797535 0.753348 0.147887 0.125000
90 0.246479 0.885045 0.102113 0.071429
0 0.500000 0.845982 0.221831 0.151786
6 0.500000 0.022321 0.250000 0.044643
4 0.211268 0.116071 0.126761 0.015625
5 0.797535 0.138393 0.161972 0.032366
5 0.200704 0.140625 0.147887 0.029018
7 0.954225 0.241071 0.061620 0.014509
8 0.913732 0.241071 0.028169 0.022321
8 0.588028 0.275670 0.036972 0.029018
8 0.529930 0.313616 0.028169 0.022321
8 0.792253 0.330357 0.036972 0.029018
5 0.797535 0.783482 0.151408 0.025670
8 0.246479 0.844866 0.031690 0.022321
