45 0.684859 0.084821 0.105634 0.069196
0 0.500000 0.125000 0.186620 0.154018
131 0.350352 0.196429 0.154930 0.091518
2 0.200704 0.216518 0.188380 0.138393
3 0.797535 0.219866 0.154930 0.131696
138 0.855634 0.534598 0.158451 0.113839
1 0.797535 0.752232 0.154930 0.128348
0 0.500000 0.845982 0.214789 0.152902
115 0.593310 0.909598 0.109155 0.087054
94 0.806338 0.854911 0.193662 0.073661
7 0.700704 0.054688 0.056338 0.011161
8 0.665493 0.055804 0.026408 0.021205
4 0.809859 0.111607 0.126761 0.015625
5 0.200704 0.133929 0.158451 0.031250
5 0.799296 0.136161 0.156690 0.032366
7 0.369718 0.148438 0.065141 0.013393
8 0.323944 0.148438 0.035211 0.022321
5 0.799296 0.775670 0.135563 0.022321
7 0.825704 0.820312 0.063380 0.011161
8 0.785211 0.820312 0.028169 0.020089
12 0.806338 0.832589 0.047535 0.035714
8 0.593310 0.858259 0.031690 0.022321
9 0.806338 0.921875 0.056338 0.042411
6 0.500000 0.928571 0.246479 0.044643
