0 0.500000 0.116071 0.214789 0.171875
143 0.244718 0.275670 0.070423 0.055804
44 0.637324 0.217634 0.158451 0.174107
38 0.485915 0.276786 0.080986 0.069196
90 0.426056 0.339286 0.088028 0.058036
28 0.753521 0.333705 0.116197 0.071429
110 0.052817 0.362723 0.105634 0.075893
100 0.735915 0.372768 0.137324 0.080357
28 0.732394 0.434152 0.135563 0.075893
97 0.626761 0.632812 0.102113 0.078125
16 0.426056 0.649554 0.063380 0.044643
89 0.538732 0.668527 0.105634 0.102679
139 0.816901 0.685268 0.126761 0.078125
3 0.797535 0.743304 0.183099 0.145089
22 0.375000 0.810268 0.073944 0.049107
0 0.500000 0.845982 0.214789 0.152902
65 0.262324 0.597098 0.123239 0.091518
6 0.500000 0.022321 0.250000 0.044643
8 0.637324 0.129464 0.040493 0.026786
7 0.505282 0.238839 0.063380 0.013393
8 0.464789 0.238839 0.028169 0.022321
8 0.244718 0.243304 0.028169 0.020089
12 0.637324 0.246652 0.035211 0.026786
8 0.753521 0.289062 0.038732 0.026786
8 0.426056 0.311384 0.028169 0.022321
7 0.051056 0.320312 0.063380 0.011161
8 0.735915 0.318080 0.035211 0.022321
8 0.014085 0.320312 0.028169 0.022321
12 0.735915 0.359375 0.040493 0.024554
7 0.750000 0.392857 0.061620 0.012277
8 0.705986 0.392857 0.035211 0.023438
12 0.732394 0.406250 0.044014 0.032366
9 0.426056 0.407366 0.042254 0.031250
9 0.735915 0.435268 0.061620 0.044643
9 0.732394 0.491071 0.066901 0.049107
7 0.646127 0.588170 0.063380 0.013393
8 0.603873 0.588170 0.031690 0.022321
8 0.538732 0.607143 0.035211 0.023438
8 0.426056 0.617188 0.028169 0.022321
8 0.816901 0.640625 0.028169 0.022321
12 0.816901 0.671875 0.051056 0.032366
9 0.538732 0.746652 0.047535 0.033482
9 0.816901 0.758929 0.045775 0.032366
5 0.799296 0.772321 0.160211 0.030134
12 0.376761 0.777902 0.054577 0.040179
4 0.804577 0.810268 0.126761 0.015625
9 0.376761 0.857143 0.061620 0.043527
6 0.500000 0.928571 0.253521 0.046875
