22 0.137324 0.143973 0.088028 0.049107
0 0.500000 0.104911 0.257042 0.194196
1 0.200704 0.218750 0.221831 0.132812
115 0.748239 0.273438 0.123239 0.084821
99 0.735915 0.368304 0.056338 0.055804
121 0.420775 0.379464 0.123239 0.082589
20 0.538732 0.401786 0.070423 0.037946
142 0.633803 0.387277 0.088028 0.066964
132 0.318662 0.590402 0.084507 0.131696
21 0.149648 0.672991 0.066901 0.049107
49 0.739437 0.679688 0.102113 0.075893
124 0.632042 0.695312 0.088028 0.058036
128 0.522887 0.713170 0.218310 0.125000
3 0.797535 0.748884 0.183099 0.133929
85 0.059859 0.786830 0.119718 0.098214
29 0.748239 0.835938 0.140845 0.066964
0 0.500000 0.850446 0.214789 0.142857
91 0.801056 0.631696 0.165493 0.082589
26 0.524648 0.665179 0.378521 0.191964
6 0.500000 0.022321 0.250000 0.044643
7 0.174296 0.118304 0.091549 0.014509
8 0.119718 0.118304 0.026408 0.021205
5 0.200704 0.136161 0.139085 0.027902
8 0.750000 0.220982 0.036972 0.023438
8 0.422535 0.332589 0.044014 0.034598
8 0.735915 0.332589 0.044014 0.034598
7 0.639085 0.350446 0.035211 0.013393
8 0.605634 0.350446 0.036972 0.029018
12 0.538732 0.368304 0.036972 0.031250
7 0.566901 0.377232 0.065141 0.012277
8 0.515845 0.378348 0.042254 0.026786
9 0.633803 0.453125 0.054577 0.040179
9 0.538732 0.450893 0.061620 0.044643
8 0.320423 0.508929 0.044014 0.034598
7 0.838028 0.592634 0.091549 0.013393
8 0.779930 0.592634 0.035211 0.022321
12 0.801056 0.600446 0.056338 0.041295
8 0.739437 0.625000 0.044014 0.034598
12 0.149648 0.633929 0.021127 0.021205
8 0.149648 0.645089 0.031690 0.022321
8 0.524648 0.647321 0.029930 0.021205
7 0.653169 0.662946 0.063380 0.013393
8 0.609155 0.662946 0.036972 0.029018
9 0.802817 0.704241 0.051056 0.035714
9 0.151408 0.723214 0.051056 0.036830
7 0.068662 0.737723 0.063380 0.013393
8 0.021127 0.737723 0.040493 0.026786
5 0.799296 0.772321 0.160211 0.027902
7 0.771127 0.797991 0.065141 0.013393
8 0.721831 0.797991 0.042254 0.026786
4 0.806338 0.819196 0.126761 0.015625
