83 0.760563 0.089286 0.080986 0.051339
0 0.500000 0.119420 0.204225 0.165179
100 0.528169 0.215402 0.147887 0.087054
3 0.200704 0.210938 0.165493 0.149554
17 0.419014 0.367188 0.073944 0.044643
145 0.538732 0.361607 0.091549 0.062500
105 0.855634 0.376116 0.165493 0.102679
102 0.742958 0.414062 0.144366 0.127232
66 0.943662 0.518973 0.112676 0.073661
127 0.739437 0.534598 0.137324 0.091518
16 0.320423 0.582589 0.045775 0.042411
29 0.786972 0.579241 0.140845 0.066964
97 0.864437 0.599330 0.105634 0.082589
149 0.536972 0.616071 0.105634 0.102679
17 0.367958 0.649554 0.084507 0.051339
95 0.253521 0.640625 0.109155 0.075893
98 0.357394 0.738839 0.080986 0.075893
49 0.336268 0.773438 0.105634 0.075893
1 0.200704 0.750000 0.183099 0.132812
0 0.500000 0.852679 0.225352 0.139509
84 0.917253 0.272321 0.165493 0.080357
25 0.214789 0.368304 0.091549 0.040179
65 0.922535 0.780134 0.130282 0.053571
8 0.760563 0.049107 0.028169 0.022321
4 0.211268 0.093750 0.126761 0.015625
5 0.200704 0.120536 0.149648 0.030134
7 0.551056 0.175223 0.063380 0.013393
8 0.508803 0.175223 0.028169 0.022321
7 0.975352 0.234375 0.049296 0.012277
8 0.934859 0.233259 0.038732 0.026786
8 0.538732 0.313616 0.038732 0.026786
7 0.440141 0.349330 0.063380 0.011161
7 0.234155 0.352679 0.063380 0.012277
8 0.396127 0.349330 0.035211 0.022321
8 0.193662 0.352679 0.029930 0.021205
8 0.739437 0.478795 0.028169 0.020089
7 0.975352 0.484375 0.049296 0.012277
8 0.936620 0.483259 0.036972 0.029018
12 0.961268 0.508929 0.022887 0.021205
8 0.788732 0.531250 0.036972 0.029018
7 0.883803 0.553571 0.061620 0.012277
7 0.323944 0.555804 0.033451 0.012277
8 0.841549 0.553571 0.033451 0.022321
8 0.292254 0.555804 0.035211 0.022321
8 0.536972 0.566964 0.028169 0.020089
9 0.959507 0.582589 0.056338 0.041295
7 0.274648 0.598214 0.059859 0.012277
8 0.234155 0.597098 0.028169 0.022321
12 0.538732 0.597098 0.047535 0.035714
7 0.387324 0.620536 0.063380 0.012277
8 0.348592 0.620536 0.026408 0.021205
12 0.367958 0.630580 0.035211 0.026786
8 0.359155 0.689732 0.036972 0.023438
8 0.338028 0.732143 0.026408 0.021205
8 0.922535 0.754464 0.028169 0.022321
5 0.200704 0.776786 0.140845 0.022321
6 0.500000 0.930804 0.260563 0.046875
