33 0.503521 0.254464 0.077465 0.063616
87 0.112676 0.575893 0.223592 0.199777
52 0.575704 0.058036 0.109155 0.051339
95 0.140845 0.121652 0.105634 0.095982
0 0.500000 0.117188 0.211268 0.169643
40 0.095070 0.213170 0.125000 0.084821
2 0.200704 0.216518 0.188380 0.138393
3 0.797535 0.220982 0.144366 0.129464
99 0.700704 0.285714 0.073944 0.051339
19 0.528169 0.316964 0.063380 0.037946
122 0.852113 0.327009 0.193662 0.104911
34 0.859155 0.399554 0.225352 0.051339
15 0.973592 0.431920 0.052817 0.035714
58 0.845070 0.417411 0.112676 0.071429
127 0.635563 0.598214 0.137324 0.091518
102 0.345070 0.574777 0.133803 0.140625
22 0.193662 0.650670 0.073944 0.055804
139 0.468310 0.659598 0.133803 0.087054
1 0.200704 0.752232 0.169014 0.127232
1 0.799296 0.742188 0.184859 0.147321
135 0.751761 0.835938 0.158451 0.098214
65 0.538732 0.602679 0.119718 0.082589
8 0.575704 0.018973 0.035211 0.022321
7 0.176056 0.069196 0.091549 0.012277
8 0.116197 0.069196 0.036972 0.023438
4 0.809859 0.113839 0.126761 0.015625
10 0.264085 0.106027 0.144366 0.069196
5 0.200704 0.129464 0.142606 0.027902
5 0.797535 0.142857 0.161972 0.032366
8 0.095070 0.156250 0.040493 0.025670
10 0.063380 0.177455 0.082746 0.040179
8 0.700704 0.261161 0.029930 0.021205
9 0.095070 0.281250 0.058099 0.042411
9 0.700704 0.350446 0.044014 0.032366
8 0.845070 0.368304 0.029930 0.021205
8 0.975352 0.410714 0.026408 0.021205
8 0.345070 0.500000 0.026408 0.021205
8 0.635563 0.535714 0.031690 0.022321
10 0.936620 0.524554 0.100352 0.047991
8 0.538732 0.549107 0.035211 0.023438
12 0.635563 0.589286 0.031690 0.027902
12 0.538732 0.580357 0.058099 0.045759
7 0.211268 0.625000 0.063380 0.012277
10 0.063380 0.611607 0.091549 0.045759
8 0.165493 0.623884 0.038732 0.026786
9 0.028169 0.700893 0.056338 0.043527
5 0.200704 0.766741 0.154930 0.024554
5 0.799296 0.779018 0.156690 0.025670
10 0.936620 0.796875 0.086268 0.047991
10 0.737676 0.928571 0.126761 0.071429
