86 0.757042 0.225446 0.336268 0.166295
50 0.855634 0.736607 0.288732 0.199777
145 0.732394 0.107143 0.091549 0.062500
0 0.500000 0.123884 0.197183 0.156250
126 0.468310 0.204241 0.151408 0.109375
2 0.200704 0.219866 0.176056 0.131696
2 0.799296 0.216518 0.188380 0.138393
111 0.207746 0.277902 0.158451 0.122768
114 0.459507 0.320312 0.169014 0.089286
90 0.253521 0.388393 0.091549 0.060268
124 0.521127 0.658482 0.123239 0.064732
1 0.200704 0.761161 0.161972 0.109375
2 0.797535 0.743304 0.176056 0.145089
0 0.500000 0.842634 0.239437 0.158482
57 0.415493 0.159598 0.602113 0.308036
6 0.500000 0.022321 0.246479 0.043527
8 0.732394 0.059152 0.028169 0.022321
147 0.140845 0.098214 0.045775 0.037946
5 0.797535 0.129464 0.147887 0.029018
5 0.200704 0.137277 0.147887 0.029018
7 0.475352 0.149554 0.035211 0.012277
8 0.450704 0.149554 0.026408 0.021205
8 0.207746 0.203125 0.042254 0.026786
12 0.468310 0.209821 0.042254 0.036830
8 0.461268 0.272321 0.036972 0.029018
9 0.468310 0.284598 0.054577 0.037946
7 0.271127 0.358259 0.063380 0.013393
8 0.228873 0.358259 0.031690 0.022321
7 0.544014 0.620536 0.063380 0.011161
8 0.501761 0.620536 0.028169 0.020089
5 0.797535 0.765625 0.137324 0.023438
5 0.200704 0.770089 0.146127 0.020089
6 0.500000 0.931920 0.253521 0.046875
