90 0.327465 0.152902 0.091549 0.060268
0 0.500000 0.125000 0.190141 0.154018
3 0.200704 0.222098 0.154930 0.127232
1 0.797535 0.226562 0.161972 0.118304
95 0.473592 0.273438 0.137324 0.069196
111 0.191901 0.273438 0.151408 0.120536
89 0.767606 0.283482 0.105634 0.104911
82 0.315141 0.302455 0.158451 0.120536
83 0.198944 0.354911 0.088028 0.062500
124 0.468310 0.361607 0.095070 0.062500
88 0.737676 0.378348 0.119718 0.087054
149 0.200704 0.426339 0.105634 0.102679
80 0.191901 0.549107 0.116197 0.095982
37 0.292254 0.635045 0.110915 0.071429
109 0.808099 0.639509 0.063380 0.066964
136 0.531690 0.642857 0.130282 0.091518
108 0.850352 0.699777 0.091549 0.060268
66 0.639085 0.712054 0.112676 0.073661
2 0.797535 0.742188 0.158451 0.147321
0 0.500000 0.841518 0.221831 0.160714
75 0.536972 0.881696 0.084507 0.127232
94 0.260563 0.239955 0.161972 0.084821
125 0.471831 0.520089 0.147887 0.119420
6 0.500000 0.026786 0.250000 0.042411
4 0.211268 0.116071 0.126761 0.015625
10 0.295775 0.094866 0.184859 0.091518
5 0.200704 0.145089 0.140845 0.030134
5 0.797535 0.149554 0.151408 0.030134
7 0.278169 0.202009 0.063380 0.013393
8 0.235915 0.202009 0.028169 0.020089
7 0.207746 0.212054 0.061620 0.011161
8 0.161972 0.212054 0.044014 0.034598
12 0.260563 0.219866 0.029930 0.022321
7 0.489437 0.234375 0.059859 0.012277
7 0.788732 0.234375 0.061620 0.014509
8 0.316901 0.234375 0.033451 0.022321
8 0.741197 0.233259 0.042254 0.026786
8 0.443662 0.234375 0.042254 0.026786
8 0.200704 0.308036 0.040493 0.026786
9 0.260563 0.309152 0.059859 0.040179
12 0.315141 0.323661 0.021127 0.016741
7 0.491197 0.328125 0.063380 0.014509
8 0.448944 0.328125 0.028169 0.020089
8 0.737676 0.337054 0.028169 0.022321
8 0.200704 0.358259 0.031690 0.022321
10 0.063380 0.364955 0.093310 0.051339
10 0.934859 0.388393 0.105634 0.054688
8 0.193662 0.491071 0.036972 0.023438
10 0.063380 0.505580 0.082746 0.040179
10 0.063380 0.529018 0.103873 0.052455
10 0.936620 0.568080 0.107394 0.051339
8 0.292254 0.584821 0.033451 0.021205
8 0.808099 0.593750 0.028169 0.022321
7 0.552817 0.602679 0.061620 0.012277
8 0.507042 0.602679 0.044014 0.034598
12 0.292254 0.604911 0.058099 0.036830
8 0.850352 0.655134 0.031690 0.022321
8 0.616197 0.676339 0.026408 0.021205
10 0.936620 0.662946 0.100352 0.056920
12 0.640845 0.678571 0.047535 0.035714
9 0.531690 0.727679 0.029930 0.021205
5 0.799296 0.771205 0.139085 0.022321
9 0.640845 0.785714 0.047535 0.033482
7 0.558099 0.814732 0.063380 0.012277
8 0.514085 0.815848 0.031690 0.022321
12 0.538732 0.881696 0.061620 0.045759
10 0.757042 0.928571 0.126761 0.071429
