151 0.302817 0.126116 0.447183 0.225446
105 0.640845 0.083705 0.130282 0.120536
101 0.302817 0.126116 0.137324 0.080357
0 0.500000 0.120536 0.197183 0.162946
3 0.200704 0.220982 0.144366 0.129464
2 0.799296 0.216518 0.188380 0.138393
82 0.637324 0.318080 0.158451 0.120536
58 0.202465 0.341518 0.105634 0.080357
71 0.415493 0.412946 0.066901 0.084821
137 0.781690 0.466518 0.049296 0.035714
120 0.142606 0.626116 0.126761 0.073661
146 0.866197 0.617188 0.123239 0.111607
15 0.169014 0.678571 0.056338 0.035714
59 0.637324 0.669643 0.102113 0.070312
135 0.510563 0.665179 0.112676 0.125000
138 0.086268 0.697545 0.172535 0.113839
28 0.941901 0.751116 0.116197 0.075893
1 0.200704 0.753348 0.147887 0.125000
2 0.797535 0.742188 0.158451 0.147321
126 0.661972 0.777902 0.151408 0.109375
0 0.500000 0.834821 0.272887 0.175223
24 0.633803 0.126116 0.066901 0.031250
125 0.205986 0.207589 0.123239 0.089286
41 0.802817 0.303571 0.130282 0.071429
6 0.500000 0.021205 0.250000 0.042411
14 0.302817 0.068080 0.070423 0.013393
8 0.302817 0.069196 0.044014 0.034598
8 0.633803 0.100446 0.028169 0.022321
12 0.302817 0.100446 0.035211 0.030134
4 0.211268 0.113839 0.126761 0.015625
5 0.799296 0.131696 0.153169 0.030134
5 0.200704 0.142857 0.151408 0.030134
7 0.649648 0.258929 0.035211 0.012277
8 0.617958 0.258929 0.035211 0.022321
8 0.802817 0.264509 0.028169 0.022321
8 0.204225 0.299107 0.026408 0.021205
8 0.415493 0.362723 0.028169 0.020089
9 0.802817 0.361607 0.056338 0.041295
12 0.415493 0.406250 0.022887 0.018973
9 0.637324 0.408482 0.052817 0.037946
8 0.781690 0.444196 0.035211 0.022321
9 0.415493 0.486607 0.052817 0.037946
7 0.894366 0.564732 0.065141 0.013393
8 0.848592 0.564732 0.033451 0.022321
7 0.169014 0.589286 0.061620 0.012277
8 0.119718 0.589286 0.044014 0.034598
7 0.538732 0.607143 0.065141 0.012277
8 0.492958 0.606027 0.031690 0.022321
7 0.063380 0.645089 0.091549 0.012277
8 0.021127 0.645089 0.042254 0.026786
7 0.188380 0.659598 0.063380 0.013393
8 0.147887 0.658482 0.029930 0.021205
8 0.959507 0.698661 0.028169 0.020089
8 0.661972 0.709821 0.029930 0.021205
12 0.961268 0.720982 0.061620 0.036830
12 0.661972 0.770089 0.033451 0.025670
5 0.200704 0.781250 0.146127 0.023438
5 0.797535 0.785714 0.147887 0.023438
9 0.959507 0.823661 0.045775 0.033482
9 0.661972 0.858259 0.052817 0.037946
6 0.500000 0.937500 0.253521 0.046875
