0 0.500000 0.119420 0.204225 0.165179
2 0.200704 0.219866 0.177817 0.131696
1 0.797535 0.231027 0.144366 0.109375
72 0.253521 0.296875 0.137324 0.095982
85 0.862676 0.406250 0.109155 0.084821
21 0.213028 0.434152 0.059859 0.049107
139 0.528169 0.650670 0.119718 0.078125
71 0.183099 0.666295 0.073944 0.078125
102 0.522887 0.710938 0.221831 0.087054
2 0.200704 0.748884 0.151408 0.133929
2 0.797535 0.751116 0.176056 0.129464
0 0.500000 0.850446 0.190141 0.142857
150 0.575704 0.237723 0.102113 0.080357
65 0.639085 0.601562 0.116197 0.071429
6 0.500000 0.022321 0.250000 0.044643
5 0.200704 0.133929 0.137324 0.026786
5 0.797535 0.162946 0.158451 0.031250
7 0.292254 0.243304 0.093310 0.013393
8 0.235915 0.243304 0.028169 0.022321
8 0.862676 0.358259 0.040493 0.026786
7 0.239437 0.404018 0.065141 0.013393
12 0.213028 0.399554 0.052817 0.041295
9 0.862676 0.487723 0.044014 0.029018
7 0.661972 0.562500 0.063380 0.012277
8 0.612676 0.562500 0.042254 0.026786
8 0.528169 0.608259 0.033451 0.022321
7 0.204225 0.630580 0.065141 0.013393
8 0.158451 0.630580 0.036972 0.029018
8 0.522887 0.666295 0.038732 0.026786
12 0.524648 0.694196 0.044014 0.041295
5 0.200704 0.762277 0.149648 0.024554
5 0.797535 0.772321 0.158451 0.025670
6 0.500000 0.933036 0.246479 0.045759
