15 0.785211 0.127232 0.045775 0.035714
145 0.161972 0.169643 0.098592 0.062500
0 0.500000 0.116071 0.214789 0.171875
42 0.471831 0.242188 0.073944 0.064732
115 0.894366 0.284598 0.123239 0.089286
76 0.264085 0.271205 0.119718 0.125000
73 0.197183 0.386161 0.102113 0.064732
49 0.375000 0.389509 0.098592 0.071429
66 0.572183 0.395089 0.105634 0.071429
31 0.739437 0.417411 0.098592 0.059152
64 0.508803 0.577009 0.154930 0.080357
149 0.637324 0.734375 0.105634 0.102679
1 0.200704 0.752232 0.154930 0.128348
3 0.797535 0.755580 0.137324 0.120536
102 0.204225 0.782366 0.144366 0.127232
77 0.741197 0.806920 0.151408 0.133929
0 0.500000 0.852679 0.225352 0.139509
91 0.128521 0.284598 0.147887 0.127232
6 0.500000 0.022321 0.244718 0.043527
8 0.161972 0.127232 0.036972 0.023438
7 0.301056 0.212054 0.091549 0.013393
8 0.244718 0.212054 0.031690 0.022321
8 0.130282 0.223214 0.026408 0.021205
8 0.894366 0.224330 0.036972 0.029018
8 0.376761 0.340402 0.040493 0.026786
7 0.218310 0.350446 0.061620 0.012277
8 0.177817 0.351562 0.028169 0.022321
7 0.573944 0.357143 0.038732 0.012277
8 0.545775 0.356027 0.028169 0.020089
7 0.742958 0.386161 0.033451 0.012277
8 0.718310 0.386161 0.026408 0.021205
9 0.572183 0.466518 0.035211 0.026786
7 0.524648 0.537946 0.056338 0.011161
8 0.487676 0.537946 0.028169 0.020089
7 0.767606 0.736607 0.065141 0.012277
8 0.721831 0.736607 0.033451 0.022321
5 0.200704 0.763393 0.146127 0.023438
5 0.799296 0.776786 0.160211 0.030134
4 0.808099 0.816964 0.126761 0.015625
