86 0.742958 0.593750 0.332746 0.166295
89 0.630282 0.112723 0.116197 0.109375
21 0.903169 0.169643 0.063380 0.044643
0 0.500000 0.112723 0.228873 0.178571
3 0.200704 0.222098 0.154930 0.127232
1 0.797535 0.228795 0.154930 0.113839
72 0.158451 0.261161 0.137324 0.095982
22 0.735915 0.303571 0.066901 0.055804
37 0.461268 0.316964 0.091549 0.084821
122 0.904930 0.325893 0.188380 0.113839
44 0.563380 0.310268 0.165493 0.178571
82 0.852113 0.367188 0.158451 0.120536
118 0.697183 0.595982 0.105634 0.082589
144 0.913732 0.599330 0.102113 0.082589
122 0.573944 0.610491 0.169014 0.142857
1 0.200704 0.752232 0.172535 0.127232
1 0.797535 0.744420 0.186620 0.142857
0 0.500000 0.845982 0.221831 0.151786
24 0.308099 0.242188 0.049296 0.031250
54 0.514085 0.783482 0.137324 0.102679
8 0.630282 0.053571 0.033451 0.022321
4 0.211268 0.116071 0.123239 0.015625
12 0.904930 0.136161 0.036972 0.023438
5 0.200704 0.141741 0.156690 0.033482
5 0.799296 0.154018 0.142606 0.029018
8 0.158451 0.203125 0.026408 0.021205
7 0.584507 0.218750 0.063380 0.013393
8 0.538732 0.218750 0.035211 0.022321
8 0.309859 0.222098 0.033451 0.022321
9 0.903169 0.220982 0.035211 0.025670
8 0.461268 0.264509 0.033451 0.022321
8 0.933099 0.265625 0.036972 0.023438
8 0.735915 0.276786 0.029930 0.021205
8 0.852113 0.303571 0.033451 0.022321
8 0.573944 0.521205 0.036972 0.029018
8 0.697183 0.540179 0.028169 0.020089
8 0.915493 0.551339 0.044014 0.034598
12 0.913732 0.591518 0.035211 0.030134
9 0.915493 0.675223 0.051056 0.035714
9 0.741197 0.714286 0.038732 0.026786
5 0.797535 0.774554 0.137324 0.022321
5 0.200704 0.782366 0.156690 0.026786
