34 0.904930 0.171875 0.190141 0.040179
0 0.500000 0.120536 0.197183 0.162946
85 0.500000 0.165179 0.169014 0.113839
2 0.200704 0.219866 0.214789 0.131696
2 0.799296 0.219866 0.177817 0.131696
40 0.190141 0.405134 0.125000 0.084821
110 0.750000 0.526786 0.123239 0.069196
42 0.426056 0.579241 0.084507 0.069196
1 0.797535 0.750000 0.183099 0.132812
0 0.500000 0.852679 0.172535 0.137277
36 0.827465 0.098214 0.345070 0.196429
69 0.151408 0.142857 0.285211 0.147321
150 0.195423 0.186384 0.088028 0.073661
116 0.533451 0.330357 0.091549 0.066964
26 0.741197 0.348214 0.274648 0.137277
6 0.500000 0.022321 0.250000 0.044643
7 0.500000 0.107143 0.033451 0.011161
8 0.468310 0.107143 0.040493 0.026786
5 0.797535 0.136161 0.147887 0.030134
5 0.200704 0.138393 0.153169 0.030134
7 0.961268 0.149554 0.075704 0.012277
8 0.911972 0.149554 0.033451 0.022321
9 0.500000 0.247768 0.068662 0.051339
7 0.785211 0.495536 0.089789 0.012277
8 0.721831 0.495536 0.044014 0.034598
12 0.750000 0.503348 0.059859 0.040179
7 0.463028 0.546875 0.091549 0.012277
8 0.403169 0.546875 0.035211 0.022321
12 0.426056 0.551339 0.054577 0.039062
9 0.426056 0.637277 0.061620 0.044643
5 0.799296 0.779018 0.153169 0.024554
6 0.500000 0.931920 0.253521 0.046875
