56 0.878521 0.584821 0.242958 0.166295
86 0.607394 0.875000 0.330986 0.165179
0 0.500000 0.125000 0.186620 0.154018
90 0.575704 0.190848 0.091549 0.060268
1 0.200704 0.231027 0.144366 0.109375
89 0.669014 0.308036 0.105634 0.102679
31 0.401408 0.328125 0.112676 0.075893
110 0.475352 0.353795 0.112676 0.073661
85 0.366197 0.610491 0.105634 0.104911
103 0.797535 0.631696 0.165493 0.078125
59 0.866197 0.651786 0.077465 0.054688
3 0.797535 0.743304 0.183099 0.145089
0 0.500000 0.844866 0.202465 0.154018
5 0.200704 0.160714 0.147887 0.030134
12 0.577465 0.156250 0.061620 0.039062
8 0.669014 0.247768 0.040493 0.025670
8 0.401408 0.277902 0.035211 0.022321
7 0.501761 0.319196 0.066901 0.013393
12 0.401408 0.313616 0.051056 0.026786
12 0.669014 0.310268 0.058099 0.039062
8 0.457746 0.319196 0.033451 0.022321
12 0.475352 0.337054 0.059859 0.034598
153 0.632042 0.383929 0.049296 0.037946
9 0.669014 0.387277 0.054577 0.040179
9 0.475352 0.419643 0.054577 0.042411
7 0.806338 0.588170 0.035211 0.013393
8 0.774648 0.587054 0.036972 0.023438
9 0.797535 0.707589 0.031690 0.022321
5 0.797535 0.772321 0.154930 0.025670
4 0.806338 0.814732 0.126761 0.015625
