86 0.750000 0.390625 0.332746 0.166295
85 0.653169 0.059152 0.105634 0.118304
121 0.718310 0.165179 0.098592 0.066964
0 0.500000 0.125000 0.186620 0.154018
2 0.200704 0.219866 0.177817 0.131696
3 0.797535 0.220982 0.144366 0.129464
95 0.540493 0.373884 0.169014 0.075893
143 0.366197 0.396205 0.077465 0.060268
60 0.961268 0.395089 0.077465 0.066964
37 0.535211 0.584821 0.082746 0.064732
143 0.904930 0.616071 0.088028 0.042411
117 0.850352 0.622768 0.119718 0.078125
108 0.804577 0.641741 0.084507 0.053571
146 0.255282 0.659598 0.119718 0.095982
105 0.165493 0.675223 0.183099 0.102679
72 0.582747 0.755580 0.137324 0.095982
2 0.200704 0.748884 0.165493 0.133929
1 0.799296 0.750000 0.170775 0.130580
22 0.801056 0.887277 0.088028 0.053571
0 0.500000 0.852679 0.172535 0.137277
58 0.635563 0.883929 0.109155 0.082589
57 0.169014 0.600446 0.338028 0.309152
8 0.654930 0.011161 0.029930 0.021205
4 0.809859 0.113839 0.123239 0.015625
7 0.739437 0.130580 0.061620 0.011161
8 0.697183 0.130580 0.028169 0.022321
5 0.799296 0.138393 0.142606 0.030134
5 0.200704 0.140625 0.156690 0.032366
7 0.561620 0.339286 0.063380 0.013393
8 0.521127 0.339286 0.026408 0.021205
8 0.366197 0.352679 0.029930 0.021205
8 0.964789 0.352679 0.044014 0.034598
9 0.542253 0.435268 0.054577 0.039062
9 0.748239 0.498884 0.049296 0.037946
8 0.533451 0.540179 0.028169 0.020089
8 0.850352 0.571429 0.028169 0.022321
7 0.926056 0.589286 0.061620 0.013393
8 0.882042 0.589286 0.031690 0.022321
7 0.274648 0.606027 0.061620 0.013393
8 0.804577 0.607143 0.028169 0.022321
8 0.228873 0.606027 0.036972 0.029018
7 0.186620 0.627232 0.061620 0.012277
8 0.140845 0.627232 0.040493 0.025670
8 0.582747 0.697545 0.035211 0.022321
5 0.797535 0.762277 0.140845 0.026786
9 0.165493 0.754464 0.059859 0.043527
5 0.200704 0.766741 0.147887 0.024554
8 0.637324 0.823661 0.040493 0.026786
8 0.802817 0.848214 0.044014 0.034598
6 0.500000 0.938616 0.253521 0.046875
