86 0.633803 0.464286 0.336268 0.166295
0 0.500000 0.125000 0.190141 0.154018
3 0.200704 0.212054 0.176056 0.147321
1 0.797535 0.228795 0.169014 0.113839
105 0.751761 0.272321 0.165493 0.102679
74 0.586268 0.314732 0.066901 0.058036
90 0.197183 0.328125 0.091549 0.060268
73 0.257042 0.335938 0.112676 0.062500
80 0.536972 0.328125 0.119718 0.080357
88 0.149648 0.359375 0.102113 0.078125
76 0.758803 0.381696 0.186620 0.118304
70 0.470070 0.449777 0.105634 0.055804
52 0.515845 0.525670 0.119718 0.058036
102 0.785211 0.527902 0.154930 0.120536
142 0.632042 0.575893 0.080986 0.066964
118 0.799296 0.620536 0.105634 0.082589
20 0.244718 0.645089 0.070423 0.049107
136 0.378521 0.652902 0.130282 0.091518
142 0.045775 0.690848 0.091549 0.064732
143 0.714789 0.814732 0.080986 0.046875
102 0.866197 0.804688 0.197183 0.109375
20 0.760563 0.862723 0.063380 0.060268
0 0.500000 0.850446 0.214789 0.142857
24 0.945423 0.185268 0.056338 0.033482
6 0.500000 0.025670 0.250000 0.044643
4 0.211268 0.097098 0.126761 0.015625
5 0.200704 0.121652 0.137324 0.026786
5 0.799296 0.156250 0.149648 0.030134
12 0.947183 0.158482 0.033451 0.025670
7 0.961268 0.170759 0.063380 0.013393
8 0.915493 0.171875 0.036972 0.023438
9 0.947183 0.227679 0.061620 0.045759
12 0.588028 0.276786 0.033451 0.023438
8 0.536972 0.280134 0.028169 0.020089
7 0.609155 0.283482 0.061620 0.014509
8 0.197183 0.281250 0.033451 0.022321
8 0.565141 0.283482 0.035211 0.023438
8 0.257042 0.300223 0.040493 0.026786
7 0.772887 0.323661 0.059859 0.012277
8 0.725352 0.323661 0.044014 0.034598
12 0.151408 0.327009 0.047535 0.040179
9 0.586268 0.375000 0.052817 0.037946
9 0.197183 0.396205 0.047535 0.035714
12 0.470070 0.408482 0.038732 0.034598
8 0.470070 0.418527 0.028169 0.020089
8 0.785211 0.450893 0.036972 0.029018
7 0.533451 0.496652 0.063380 0.013393
8 0.492958 0.496652 0.028169 0.022321
7 0.667253 0.536830 0.091549 0.013393
8 0.609155 0.537946 0.036972 0.023438
7 0.815141 0.580357 0.063380 0.011161
8 0.771127 0.580357 0.036972 0.023438
7 0.404930 0.602679 0.061620 0.012277
8 0.357394 0.602679 0.038732 0.026786
8 0.246479 0.616071 0.044014 0.034598
9 0.633803 0.632812 0.061620 0.044643
8 0.038732 0.650670 0.033451 0.022321
8 0.866197 0.745536 0.028169 0.022321
12 0.714789 0.787946 0.029930 0.023438
12 0.760563 0.845982 0.052817 0.039062
