0 0.500000 0.116071 0.214789 0.171875
3 0.200704 0.222098 0.154930 0.127232
2 0.797535 0.219866 0.214789 0.131696
52 0.785211 0.275670 0.098592 0.066964
93 0.804577 0.333705 0.070423 0.049107
47 0.644366 0.316964 0.123239 0.095982
47 0.343310 0.340402 0.123239 0.095982
3 0.799296 0.751116 0.184859 0.129464
0 0.500000 0.847098 0.190141 0.149554
39 0.146127 0.727679 0.073944 0.044643
4 0.211268 0.116071 0.126761 0.015625
5 0.797535 0.136161 0.140845 0.027902
5 0.200704 0.141741 0.154930 0.031250
7 0.808099 0.243304 0.063380 0.013393
8 0.764085 0.243304 0.031690 0.022321
7 0.651408 0.267857 0.035211 0.013393
8 0.616197 0.267857 0.044014 0.034598
7 0.366197 0.292411 0.059859 0.012277
8 0.327465 0.292411 0.028169 0.020089
7 0.808099 0.303571 0.035211 0.013393
8 0.774648 0.303571 0.038732 0.026786
12 0.644366 0.319196 0.036972 0.023438
8 0.146127 0.700893 0.031690 0.022321
5 0.799296 0.785714 0.146127 0.023438
4 0.809859 0.822545 0.126761 0.015625
6 0.500000 0.938616 0.253521 0.046875
