119 0.679577 0.330357 0.450704 0.227679
0 0.500000 0.122768 0.183099 0.158482
40 0.063380 0.232143 0.126761 0.093750
2 0.799296 0.216518 0.188380 0.138393
15 0.200704 0.276786 0.072183 0.044643
108 0.697183 0.277902 0.091549 0.053571
44 0.345070 0.276786 0.165493 0.178571
138 0.524648 0.561384 0.147887 0.109375
67 0.683099 0.720982 0.112676 0.078125
3 0.797535 0.743304 0.183099 0.145089
21 0.286972 0.841518 0.070423 0.046875
0 0.500000 0.845982 0.221831 0.151786
55 0.568662 0.924107 0.088028 0.064732
129 0.086268 0.666295 0.172535 0.167411
5 0.797535 0.130580 0.161972 0.033482
8 0.038732 0.167411 0.040493 0.025670
7 0.369718 0.190848 0.063380 0.013393
8 0.323944 0.190848 0.035211 0.022321
12 0.038732 0.220982 0.040493 0.030134
8 0.697183 0.233259 0.036972 0.029018
12 0.200704 0.237723 0.051056 0.035714
7 0.214789 0.255580 0.063380 0.013393
8 0.172535 0.255580 0.028169 0.020089
9 0.198944 0.335938 0.042254 0.031250
9 0.697183 0.341518 0.033451 0.023438
9 0.679577 0.473214 0.051056 0.035714
7 0.695423 0.683036 0.035211 0.012277
8 0.665493 0.683036 0.036972 0.023438
12 0.683099 0.709821 0.028169 0.021205
5 0.799296 0.775670 0.153169 0.029018
4 0.808099 0.811384 0.126761 0.015625
8 0.286972 0.808036 0.038732 0.026786
7 0.591549 0.890625 0.061620 0.012277
8 0.549296 0.891741 0.028169 0.022321
12 0.568662 0.892857 0.028169 0.024554
9 0.286972 0.899554 0.059859 0.041295
9 0.570423 0.979911 0.054577 0.040179
