88 0.133803 0.158482 0.119718 0.064732
0 0.500000 0.125000 0.193662 0.154018
22 0.281690 0.203125 0.070423 0.044643
99 0.424296 0.238839 0.098592 0.055804
1 0.200704 0.228795 0.169014 0.113839
1 0.797535 0.229911 0.151408 0.111607
106 0.255282 0.260045 0.179577 0.107143
44 0.575704 0.296875 0.137324 0.133929
22 0.859155 0.628348 0.066901 0.042411
74 0.195423 0.704241 0.077465 0.055804
1 0.797535 0.752232 0.190141 0.127232
0 0.500000 0.839286 0.227113 0.165179
69 0.892606 0.228795 0.077465 0.051339
27 0.848592 0.296875 0.276408 0.137277
6 0.500000 0.025670 0.221831 0.044643
7 0.137324 0.125000 0.033451 0.013393
8 0.105634 0.125000 0.040493 0.026786
5 0.200704 0.154018 0.153169 0.032366
5 0.797535 0.158482 0.140845 0.027902
8 0.281690 0.183036 0.026408 0.021205
8 0.426056 0.203125 0.026408 0.021205
7 0.595070 0.229911 0.065141 0.013393
8 0.545775 0.229911 0.042254 0.026786
9 0.577465 0.386161 0.072183 0.052455
12 0.859155 0.591518 0.033451 0.021205
7 0.892606 0.611607 0.091549 0.012277
8 0.838028 0.611607 0.029930 0.021205
7 0.197183 0.680804 0.035211 0.012277
8 0.163732 0.680804 0.042254 0.026786
9 0.195423 0.763393 0.035211 0.025670
5 0.797535 0.783482 0.151408 0.021205
6 0.500000 0.930804 0.253521 0.046875
