50 0.258803 0.180804 0.394366 0.199777
33 0.672535 0.303571 0.364437 0.181920
33 0.214789 0.779018 0.364437 0.181920
87 0.707747 0.825893 0.396127 0.197545
0 0.500000 0.125000 0.193662 0.154018
3 0.200704 0.219866 0.154930 0.131696
1 0.799296 0.231027 0.160211 0.109375
64 0.466549 0.274554 0.154930 0.080357
71 0.748239 0.333705 0.073944 0.071429
64 0.248239 0.427455 0.158451 0.075893
132 0.695423 0.435268 0.140845 0.102679
89 0.093310 0.505580 0.105634 0.102679
47 0.464789 0.540179 0.123239 0.095982
80 0.063380 0.550223 0.126761 0.078125
40 0.519366 0.685268 0.137324 0.084821
52 0.371479 0.715402 0.119718 0.062500
1 0.200704 0.761161 0.161972 0.109375
3 0.797535 0.739955 0.193662 0.151786
0 0.500000 0.834821 0.228873 0.174107
107 0.728873 0.850446 0.140845 0.142857
41 0.593310 0.349330 0.130282 0.071429
69 0.364437 0.408482 0.274648 0.120536
79 0.086268 0.565848 0.172535 0.091518
4 0.211268 0.111607 0.126761 0.015625
5 0.200704 0.133929 0.140845 0.027902
5 0.799296 0.158482 0.146127 0.030134
8 0.466549 0.228795 0.038732 0.026786
12 0.466549 0.263393 0.042254 0.032366
7 0.630282 0.311384 0.091549 0.013393
8 0.568662 0.311384 0.042254 0.026786
9 0.260563 0.311384 0.040493 0.029018
12 0.593310 0.330357 0.042254 0.036830
9 0.468310 0.352679 0.036972 0.027902
8 0.695423 0.383929 0.035211 0.022321
8 0.248239 0.391741 0.028169 0.022321
9 0.672535 0.434152 0.033451 0.024554
7 0.491197 0.491071 0.063380 0.011161
8 0.447183 0.491071 0.033451 0.022321
8 0.017606 0.502232 0.035211 0.029018
7 0.538732 0.638393 0.065141 0.012277
8 0.487676 0.638393 0.042254 0.026786
8 0.371479 0.674107 0.035211 0.022321
12 0.373239 0.705357 0.026408 0.025670
5 0.797535 0.770089 0.154930 0.029018
8 0.728873 0.774554 0.029930 0.021205
9 0.371479 0.770089 0.059859 0.041295
5 0.200704 0.781250 0.137324 0.025670
4 0.804577 0.819196 0.126761 0.015625
6 0.500000 0.933036 0.253521 0.046875
