0 0.500000 0.125000 0.193662 0.154018
118 0.477113 0.180804 0.112676 0.089286
80 0.378521 0.198661 0.102113 0.089286
29 0.625000 0.242188 0.147887 0.069196
1 0.200704 0.223214 0.151408 0.123884
3 0.797535 0.222098 0.207746 0.127232
102 0.927817 0.488839 0.144366 0.127232
34 0.204225 0.627232 0.188380 0.040179
1 0.200704 0.752232 0.154930 0.128348
3 0.797535 0.743304 0.183099 0.145089
0 0.500000 0.843750 0.183099 0.156250
69 0.582747 0.475446 0.080986 0.064732
69 0.366197 0.513393 0.274648 0.136161
79 0.211268 0.704241 0.147887 0.098214
6 0.500000 0.026786 0.250000 0.042411
4 0.809859 0.116071 0.126761 0.015625
7 0.489437 0.133929 0.035211 0.012277
8 0.461268 0.135045 0.028169 0.020089
5 0.799296 0.142857 0.149648 0.030134
5 0.200704 0.146205 0.160211 0.031250
7 0.401408 0.158482 0.061620 0.012277
8 0.362676 0.158482 0.026408 0.021205
8 0.625000 0.195312 0.028169 0.022321
12 0.380282 0.191964 0.058099 0.036830
9 0.378521 0.281250 0.042254 0.030134
8 0.952465 0.408482 0.028169 0.022321
9 0.954225 0.571429 0.068662 0.050223
8 0.204225 0.604911 0.029930 0.021205
8 0.211268 0.633929 0.044014 0.034598
5 0.799296 0.782366 0.142606 0.026786
5 0.200704 0.787946 0.142606 0.024554
4 0.804577 0.821429 0.126761 0.015625
6 0.500000 0.930804 0.244718 0.045759
