0 0.500000 0.120536 0.197183 0.162946
3 0.200704 0.219866 0.154930 0.131696
1 0.797535 0.231027 0.144366 0.109375
47 0.489437 0.264509 0.123239 0.095982
124 0.422535 0.332589 0.063380 0.052455
136 0.619718 0.347098 0.095070 0.091518
47 0.938380 0.401786 0.123239 0.095982
140 0.260563 0.575893 0.077465 0.068080
118 0.198944 0.565848 0.077465 0.091518
72 0.917253 0.598214 0.140845 0.104911
138 0.623239 0.597098 0.169014 0.107143
1 0.200704 0.750000 0.183099 0.132812
2 0.797535 0.743304 0.176056 0.145089
133 0.690141 0.777902 0.133803 0.107143
0 0.500000 0.852679 0.225352 0.139509
26 0.535211 0.886161 0.276408 0.136161
4 0.211268 0.111607 0.126761 0.015625
5 0.200704 0.140625 0.149648 0.030134
5 0.797535 0.158482 0.140845 0.027902
8 0.489437 0.204241 0.042254 0.026786
7 0.637324 0.304688 0.063380 0.013393
8 0.422535 0.305804 0.026408 0.021205
8 0.589789 0.304688 0.038732 0.026786
8 0.971831 0.339286 0.029930 0.021205
8 0.200704 0.500000 0.044014 0.034598
8 0.260563 0.523438 0.042254 0.026786
7 0.644366 0.543527 0.065141 0.013393
8 0.595070 0.543527 0.042254 0.026786
8 0.690141 0.705357 0.040493 0.026786
5 0.797535 0.761161 0.158451 0.025670
5 0.200704 0.772321 0.161972 0.026786
