100 0.677817 0.156250 0.151408 0.089286
0 0.500000 0.104911 0.257042 0.194196
85 0.913732 0.147321 0.105634 0.118304
137 0.410211 0.362723 0.073944 0.040179
131 0.785211 0.371652 0.144366 0.089286
71 0.860915 0.408482 0.109155 0.071429
81 0.235915 0.595982 0.151408 0.095982
37 0.566901 0.619420 0.089789 0.066964
3 0.200704 0.748884 0.183099 0.133929
1 0.799296 0.750000 0.170775 0.130580
0 0.500000 0.842634 0.246479 0.158482
8 0.913732 0.080357 0.042254 0.026786
8 0.679577 0.098214 0.029930 0.021205
12 0.677817 0.129464 0.059859 0.042411
9 0.915493 0.231027 0.068662 0.049107
7 0.822183 0.321429 0.088028 0.012277
8 0.767606 0.321429 0.033451 0.022321
8 0.410211 0.340402 0.031690 0.022321
7 0.880282 0.370536 0.061620 0.012277
8 0.841549 0.370536 0.026408 0.021205
9 0.785211 0.439732 0.063380 0.041295
7 0.253521 0.549107 0.061620 0.014509
8 0.204225 0.550223 0.040493 0.026786
12 0.235915 0.575893 0.044014 0.033482
9 0.235915 0.677455 0.061620 0.044643
5 0.200704 0.765625 0.158451 0.027902
5 0.797535 0.780134 0.154930 0.024554
4 0.209507 0.814732 0.126761 0.015625
6 0.500000 0.938616 0.253521 0.046875
