15 0.311620 0.114955 0.038732 0.035714
0 0.500000 0.120536 0.197183 0.162946
1 0.200704 0.210938 0.147887 0.149554
3 0.797535 0.219866 0.154930 0.131696
140 0.309859 0.267857 0.063380 0.073661
31 0.355634 0.325893 0.079225 0.079241
139 0.470070 0.349330 0.123239 0.073661
113 0.452465 0.378348 0.126761 0.069196
135 0.244718 0.371652 0.176056 0.093750
72 0.558099 0.371652 0.137324 0.098214
89 0.797535 0.381696 0.105634 0.104911
63 0.795775 0.487723 0.091549 0.060268
93 0.809859 0.540179 0.070423 0.049107
55 0.512324 0.526786 0.077465 0.075893
70 0.156690 0.560268 0.098592 0.051339
55 0.746479 0.579241 0.073944 0.062500
105 0.515845 0.603795 0.130282 0.120536
71 0.257042 0.638393 0.065141 0.071429
108 0.427817 0.657366 0.073944 0.078125
1 0.200704 0.744420 0.186620 0.142857
106 0.691901 0.770089 0.165493 0.100446
53 0.639085 0.878348 0.063380 0.033482
98 0.294014 0.882812 0.080986 0.073661
0 0.500000 0.840402 0.218310 0.162946
24 0.091549 0.314732 0.056338 0.037946
91 0.410211 0.534598 0.172535 0.102679
6 0.500000 0.021205 0.250000 0.042411
4 0.809859 0.111607 0.126761 0.015625
5 0.200704 0.121652 0.139085 0.029018
5 0.799296 0.139509 0.139085 0.029018
8 0.309859 0.225446 0.040493 0.026786
8 0.355634 0.272321 0.031690 0.022321
8 0.091549 0.296875 0.029930 0.021205
7 0.489437 0.308036 0.065141 0.012277
8 0.440141 0.308036 0.040493 0.026786
8 0.558099 0.312500 0.031690 0.022321
8 0.799296 0.321429 0.036972 0.029018
8 0.246479 0.325893 0.036972 0.023438
8 0.452465 0.329241 0.038732 0.026786
12 0.799296 0.361607 0.061620 0.043527
8 0.795775 0.445312 0.038732 0.026786
8 0.411972 0.466518 0.026408 0.021205
7 0.517606 0.486607 0.033451 0.012277
8 0.489437 0.487723 0.031690 0.022321
8 0.809859 0.504464 0.026408 0.021205
8 0.156690 0.532366 0.028169 0.022321
12 0.410211 0.534598 0.035211 0.022321
7 0.554577 0.542411 0.091549 0.013393
8 0.500000 0.542411 0.028169 0.020089
8 0.746479 0.544643 0.028169 0.022321
7 0.295775 0.600446 0.091549 0.012277
12 0.517606 0.591518 0.054577 0.034598
8 0.235915 0.600446 0.040493 0.025670
8 0.429577 0.603795 0.036972 0.029018
9 0.411972 0.623884 0.033451 0.024554
9 0.515845 0.689732 0.066901 0.046875
8 0.693662 0.703125 0.033451 0.022321
9 0.257042 0.707589 0.045775 0.034598
5 0.200704 0.772321 0.147887 0.023438
8 0.295775 0.833705 0.040493 0.026786
8 0.639085 0.860491 0.042254 0.026786
9 0.640845 0.929688 0.047535 0.033482
6 0.500000 0.937500 0.244718 0.045759
9 0.294014 0.946429 0.056338 0.041295
