21 0.686620 0.137277 0.066901 0.051339
0 0.500000 0.126116 0.190141 0.151786
2 0.799296 0.216518 0.188380 0.138393
122 0.375000 0.254464 0.186620 0.113839
117 0.750000 0.270089 0.119718 0.082589
140 0.903169 0.387277 0.073944 0.055804
149 0.794014 0.373884 0.105634 0.102679
133 0.153169 0.407366 0.151408 0.084821
77 0.788732 0.482143 0.149648 0.138393
97 0.848592 0.524554 0.088028 0.095982
146 0.468310 0.568080 0.109155 0.100446
28 0.056338 0.608259 0.112676 0.073661
31 0.859155 0.631696 0.084507 0.059152
23 0.570423 0.642857 0.063380 0.058036
3 0.797535 0.746652 0.190141 0.138393
125 0.105634 0.140625 0.140845 0.104911
129 0.190141 0.305804 0.380282 0.162946
69 0.457746 0.430804 0.105634 0.078125
125 0.054577 0.550223 0.109155 0.113839
69 0.873239 0.607143 0.082746 0.064732
65 0.197183 0.857143 0.130282 0.071429
5 0.799296 0.131696 0.156690 0.031250
7 0.401408 0.194196 0.063380 0.011161
8 0.357394 0.194196 0.031690 0.022321
7 0.767606 0.229911 0.063380 0.012277
8 0.721831 0.229911 0.036972 0.023438
7 0.830986 0.322545 0.093310 0.013393
8 0.772887 0.322545 0.031690 0.022321
9 0.375000 0.344866 0.035211 0.026786
7 0.919014 0.356027 0.063380 0.011161
8 0.154930 0.354911 0.029930 0.021205
8 0.873239 0.356027 0.038732 0.026786
12 0.904930 0.361607 0.029930 0.025670
7 0.813380 0.410714 0.065141 0.012277
8 0.764085 0.410714 0.044014 0.034598
9 0.795775 0.448661 0.061620 0.041295
8 0.848592 0.470982 0.036972 0.023438
7 0.501761 0.513393 0.091549 0.013393
8 0.443662 0.513393 0.035211 0.022321
7 0.042254 0.573661 0.035211 0.012277
8 0.017606 0.573661 0.035211 0.029018
12 0.040493 0.591518 0.035211 0.025670
9 0.848592 0.600446 0.042254 0.030134
7 0.605634 0.616071 0.093310 0.013393
8 0.552817 0.616071 0.026408 0.021205
9 0.040493 0.680804 0.038732 0.027902
5 0.797535 0.776786 0.144366 0.024554
4 0.804577 0.818080 0.126761 0.015625
