33 0.112676 0.363839 0.225352 0.181920
86 0.871479 0.443080 0.257042 0.165179
0 0.500000 0.118304 0.218310 0.167411
2 0.797535 0.219866 0.190141 0.131696
117 0.489437 0.302455 0.119718 0.082589
34 0.820423 0.348214 0.179577 0.040179
112 0.077465 0.356027 0.154930 0.082589
97 0.417254 0.386161 0.102113 0.080357
127 0.750000 0.401786 0.137324 0.091518
29 0.802817 0.444196 0.140845 0.066964
59 0.197183 0.481027 0.077465 0.053571
102 0.524648 0.555804 0.154930 0.120536
58 0.308099 0.577009 0.095070 0.082589
76 0.748239 0.556920 0.190141 0.122768
105 0.906690 0.588170 0.186620 0.100446
21 0.686620 0.645089 0.058099 0.047991
142 0.797535 0.705357 0.070423 0.058036
66 0.586268 0.766741 0.105634 0.071429
3 0.200704 0.746652 0.190141 0.138393
1 0.797535 0.757812 0.161972 0.116071
61 0.371479 0.835938 0.084507 0.066964
122 0.802817 0.839286 0.204225 0.111607
15 0.970070 0.901786 0.059859 0.037946
0 0.500000 0.847098 0.200704 0.149554
69 0.186620 0.235491 0.278169 0.145089
6 0.500000 0.022321 0.221831 0.044643
5 0.797535 0.138393 0.154930 0.030134
8 0.489437 0.250000 0.029930 0.021205
7 0.063380 0.319196 0.065141 0.012277
8 0.024648 0.319196 0.026408 0.021205
8 0.820423 0.328125 0.028169 0.022321
8 0.419014 0.330357 0.026408 0.021205
12 0.045775 0.331473 0.040493 0.024554
8 0.750000 0.353795 0.031690 0.022321
8 0.802817 0.399554 0.042254 0.026786
9 0.045775 0.437500 0.040493 0.027902
7 0.760563 0.496652 0.033451 0.011161
8 0.524648 0.493304 0.029930 0.021205
8 0.728873 0.497768 0.036972 0.023438
7 0.968310 0.533482 0.061620 0.013393
8 0.926056 0.533482 0.033451 0.021205
7 0.330986 0.537946 0.061620 0.014509
8 0.281690 0.537946 0.040493 0.026786
9 0.197183 0.534598 0.058099 0.042411
7 0.711268 0.625000 0.063380 0.012277
8 0.669014 0.625000 0.031690 0.022321
9 0.748239 0.638393 0.066901 0.047991
8 0.797535 0.675223 0.035211 0.022321
5 0.797535 0.770089 0.151408 0.025670
9 0.797535 0.773438 0.042254 0.031250
5 0.200704 0.782366 0.139085 0.026786
8 0.373239 0.799107 0.044014 0.034598
4 0.209507 0.812500 0.112676 0.014509
12 0.975352 0.875000 0.033451 0.032366
