56 0.878521 0.171875 0.242958 0.166295
56 0.672535 0.589286 0.332746 0.166295
87 0.732394 0.705357 0.392606 0.199777
151 0.869718 0.727679 0.258803 0.225446
31 0.045775 0.127232 0.089789 0.058036
0 0.500000 0.104911 0.257042 0.194196
2 0.797535 0.219866 0.183099 0.131696
122 0.802817 0.250000 0.186620 0.113839
53 0.403169 0.295759 0.063380 0.033482
139 0.832747 0.636161 0.119718 0.066964
111 0.809859 0.612723 0.154930 0.120536
19 0.748239 0.677455 0.077465 0.040179
52 0.938380 0.667411 0.123239 0.064732
101 0.917253 0.728795 0.165493 0.098214
1 0.200704 0.752232 0.172535 0.127232
3 0.799296 0.751116 0.184859 0.129464
0 0.500000 0.850446 0.214789 0.142857
48 0.202465 0.135045 0.095070 0.066964
79 0.676056 0.871652 0.147887 0.098214
6 0.500000 0.022321 0.246479 0.043527
8 0.202465 0.093750 0.028169 0.020089
7 0.040493 0.102679 0.035211 0.012277
8 0.014085 0.102679 0.026408 0.021205
5 0.797535 0.138393 0.151408 0.030134
7 0.816901 0.191964 0.061620 0.013393
8 0.778169 0.191964 0.026408 0.021205
12 0.802817 0.253348 0.033451 0.026786
8 0.404930 0.264509 0.036972 0.029018
8 0.809859 0.543527 0.035211 0.022321
7 0.838028 0.600446 0.033451 0.011161
8 0.809859 0.600446 0.033451 0.022321
8 0.964789 0.633929 0.036972 0.023438
12 0.750000 0.642857 0.033451 0.030134
7 0.767606 0.656250 0.066901 0.011161
8 0.721831 0.656250 0.031690 0.022321
14 0.964789 0.664062 0.070423 0.011161
8 0.964789 0.662946 0.033451 0.022321
9 0.748239 0.725446 0.052817 0.039062
9 0.964789 0.733259 0.049296 0.035714
5 0.799296 0.774554 0.160211 0.030134
5 0.200704 0.777902 0.147887 0.024554
7 0.695423 0.823661 0.063380 0.012277
4 0.808099 0.822545 0.126761 0.015625
8 0.647887 0.823661 0.044014 0.034598
9 0.732394 0.830357 0.052817 0.036830
6 0.500000 0.936384 0.253521 0.046875
