139 0.686620 0.126116 0.133803 0.087054
0 0.500000 0.117188 0.211268 0.169643
20 0.297535 0.233259 0.063380 0.042411
3 0.200704 0.216518 0.218310 0.138393
34 0.834507 0.290179 0.172535 0.040179
108 0.147887 0.373884 0.080986 0.055804
45 0.343310 0.401786 0.091549 0.078125
81 0.751761 0.422991 0.147887 0.093750
89 0.306338 0.518973 0.105634 0.102679
21 0.857394 0.610491 0.073944 0.058036
46 0.353873 0.621652 0.084507 0.100446
100 0.910211 0.733259 0.144366 0.095982
111 0.633803 0.743304 0.158451 0.122768
3 0.200704 0.748884 0.183099 0.133929
1 0.797535 0.752232 0.154930 0.128348
99 0.302817 0.828125 0.091549 0.060268
64 0.903169 0.852679 0.116197 0.091518
0 0.500000 0.839286 0.227113 0.165179
73 0.589789 0.914062 0.105634 0.060268
48 0.809859 0.250000 0.116197 0.060268
8 0.686620 0.083705 0.031690 0.022321
4 0.211268 0.104911 0.126761 0.015625
5 0.200704 0.129464 0.140845 0.027902
8 0.299296 0.206473 0.033451 0.022321
7 0.846831 0.214286 0.091549 0.012277
9 0.686620 0.198661 0.059859 0.046875
8 0.783451 0.214286 0.042254 0.026786
12 0.809859 0.216518 0.029930 0.024554
7 0.848592 0.265625 0.056338 0.011161
8 0.806338 0.265625 0.040493 0.026786
8 0.147887 0.341518 0.035211 0.022321
8 0.343310 0.350446 0.031690 0.022321
8 0.751761 0.362723 0.031690 0.022321
12 0.751761 0.410714 0.049296 0.032366
7 0.373239 0.570312 0.065141 0.013393
8 0.329225 0.570312 0.028169 0.020089
8 0.911972 0.671875 0.026408 0.021205
8 0.633803 0.672991 0.035211 0.022321
5 0.200704 0.783482 0.156690 0.026786
5 0.797535 0.783482 0.151408 0.025670
7 0.338028 0.793527 0.093310 0.013393
8 0.281690 0.792411 0.026408 0.021205
7 0.911972 0.803571 0.033451 0.012277
8 0.883803 0.802455 0.033451 0.022321
4 0.205986 0.814732 0.123239 0.015625
7 0.607394 0.888393 0.056338 0.011161
8 0.563380 0.888393 0.040493 0.026786
9 0.302817 0.890625 0.059859 0.041295
