119 0.246479 0.117188 0.450704 0.227679
0 0.500000 0.123884 0.197183 0.156250
28 0.431338 0.212054 0.144366 0.073661
2 0.200704 0.219866 0.183099 0.131696
2 0.799296 0.216518 0.188380 0.138393
126 0.272887 0.293527 0.151408 0.109375
113 0.218310 0.323661 0.095070 0.080357
103 0.642606 0.375000 0.123239 0.102679
37 0.299296 0.401786 0.110915 0.071429
15 0.968310 0.434152 0.056338 0.035714
145 0.802817 0.476562 0.109155 0.058036
105 0.362676 0.560268 0.179577 0.109375
145 0.151408 0.585938 0.105634 0.062500
21 0.565141 0.621652 0.073944 0.046875
100 0.508803 0.689732 0.137324 0.091518
0 0.500000 0.845982 0.221831 0.151786
115 0.579225 0.909598 0.116197 0.073661
125 0.649648 0.227679 0.158451 0.154018
57 0.535211 0.310268 0.607394 0.309152
5 0.797535 0.131696 0.140845 0.027902
5 0.200704 0.139509 0.146127 0.031250
8 0.433099 0.158482 0.033451 0.021205
7 0.288732 0.238839 0.061620 0.014509
8 0.250000 0.238839 0.026408 0.021205
7 0.257042 0.287946 0.089789 0.012277
8 0.202465 0.286830 0.028169 0.020089
8 0.644366 0.313616 0.040493 0.026786
12 0.218310 0.316964 0.045775 0.036830
8 0.299296 0.367188 0.028169 0.022321
7 0.982394 0.416295 0.035211 0.013393
8 0.947183 0.416295 0.036972 0.029018
8 0.802817 0.435268 0.028169 0.022321
8 0.362676 0.491071 0.028169 0.022321
8 0.151408 0.555804 0.035211 0.023438
8 0.565141 0.583705 0.038732 0.026786
8 0.508803 0.646205 0.028169 0.020089
7 0.600352 0.875000 0.063380 0.011161
8 0.559859 0.875000 0.026408 0.021205
12 0.579225 0.883929 0.052817 0.025670
9 0.579225 0.986607 0.038732 0.026786
