87 0.139085 0.343750 0.278169 0.200893
28 0.732394 0.159598 0.123239 0.073661
0 0.500000 0.125000 0.186620 0.154018
2 0.200704 0.219866 0.177817 0.131696
64 0.862676 0.292411 0.105634 0.080357
66 0.137324 0.609375 0.109155 0.075893
134 0.901408 0.594866 0.197183 0.138393
38 0.577465 0.678571 0.073944 0.047991
106 0.697183 0.702009 0.165493 0.100446
2 0.200704 0.748884 0.161972 0.133929
3 0.797535 0.748884 0.169014 0.133929
0 0.500000 0.851562 0.176056 0.140625
7 0.772887 0.120536 0.091549 0.013393
8 0.714789 0.120536 0.033451 0.021205
5 0.200704 0.137277 0.135563 0.026786
9 0.732394 0.214286 0.066901 0.049107
7 0.880282 0.251116 0.065141 0.013393
8 0.834507 0.251116 0.035211 0.022321
12 0.862676 0.272321 0.028169 0.018973
9 0.082746 0.475446 0.045775 0.032366
7 0.968310 0.526786 0.063380 0.012277
8 0.922535 0.527902 0.035211 0.022321
7 0.161972 0.570312 0.063380 0.013393
8 0.116197 0.570312 0.035211 0.022321
8 0.697183 0.640625 0.038732 0.026786
8 0.577465 0.645089 0.026408 0.021205
5 0.200704 0.772321 0.146127 0.023438
5 0.797535 0.785714 0.151408 0.024554
4 0.806338 0.821429 0.123239 0.015625
6 0.500000 0.934152 0.253521 0.046875
