81 0.126761 0.062500 0.154930 0.089286
0 0.500000 0.117188 0.197183 0.169643
51 0.098592 0.183036 0.197183 0.073661
3 0.797535 0.212054 0.176056 0.147321
110 0.485915 0.289062 0.119718 0.075893
138 0.848592 0.271205 0.144366 0.113839
64 0.360915 0.304688 0.169014 0.075893
96 0.255282 0.347098 0.102113 0.084821
131 0.628521 0.379464 0.144366 0.089286
98 0.151408 0.524554 0.073944 0.073661
130 0.086268 0.530134 0.144366 0.107143
38 0.248239 0.629464 0.095070 0.070312
67 0.137324 0.637277 0.112676 0.078125
1 0.200704 0.742188 0.184859 0.147321
1 0.797535 0.755580 0.144366 0.120536
0 0.500000 0.850446 0.214789 0.142857
92 0.595070 0.762277 0.204225 0.084821
8 0.126761 0.014509 0.036972 0.029018
12 0.126761 0.064732 0.033451 0.023438
4 0.809859 0.097098 0.126761 0.015625
5 0.797535 0.122768 0.147887 0.029018
7 0.040493 0.140625 0.063380 0.011161
9 0.126761 0.133929 0.054577 0.039062
8 0.017606 0.140625 0.035211 0.029018
7 0.880282 0.214286 0.089789 0.014509
8 0.822183 0.213170 0.035211 0.022321
7 0.507042 0.251116 0.063380 0.011161
8 0.468310 0.252232 0.026408 0.021205
8 0.360915 0.258929 0.031690 0.022321
7 0.286972 0.308036 0.091549 0.012277
8 0.230634 0.308036 0.031690 0.022321
8 0.630282 0.331473 0.033451 0.022321
7 0.098592 0.479911 0.033451 0.012277
8 0.070423 0.479911 0.029930 0.021205
7 0.174296 0.484375 0.059859 0.011161
8 0.135563 0.484375 0.028169 0.020089
12 0.151408 0.496652 0.054577 0.031250
7 0.283451 0.595982 0.095070 0.010045
8 0.225352 0.594866 0.028169 0.020089
7 0.161972 0.601562 0.063380 0.013393
8 0.123239 0.600446 0.026408 0.021205
12 0.248239 0.619420 0.035211 0.031250
9 0.248239 0.694196 0.063380 0.043527
7 0.632042 0.716518 0.095070 0.012277
8 0.575704 0.715402 0.028169 0.020089
9 0.137324 0.714286 0.044014 0.030134
12 0.595070 0.738839 0.036972 0.035714
5 0.200704 0.761161 0.153169 0.029018
5 0.797535 0.768973 0.154930 0.026786
9 0.595070 0.827009 0.058099 0.042411
6 0.500000 0.929688 0.253521 0.046875
