33 0.137324 0.520089 0.272887 0.181920
143 0.355634 0.052455 0.070423 0.058036
0 0.500000 0.118304 0.218310 0.167411
2 0.799296 0.219866 0.177817 0.131696
132 0.359155 0.235491 0.151408 0.100446
21 0.353873 0.271205 0.073944 0.064732
144 0.919014 0.266741 0.102113 0.082589
58 0.795775 0.297991 0.116197 0.069196
45 0.896127 0.311384 0.095070 0.078125
89 0.084507 0.316964 0.105634 0.102679
144 0.806338 0.343750 0.146127 0.071429
20 0.054577 0.563616 0.063380 0.042411
97 0.586268 0.577009 0.105634 0.082589
67 0.468310 0.607143 0.112676 0.078125
42 0.051056 0.669643 0.091549 0.060268
139 0.473592 0.680804 0.123239 0.075893
1 0.200704 0.761161 0.161972 0.109375
3 0.797535 0.763393 0.130282 0.104911
142 0.149648 0.809152 0.070423 0.060268
0 0.500000 0.839286 0.227113 0.165179
36 0.834507 0.485491 0.330986 0.312500
7 0.378521 0.017857 0.063380 0.014509
8 0.330986 0.017857 0.044014 0.034598
10 0.285211 0.102679 0.156690 0.075893
5 0.797535 0.138393 0.137324 0.027902
153 0.200704 0.155134 0.045775 0.035714
7 0.390845 0.180804 0.089789 0.014509
8 0.330986 0.180804 0.035211 0.022321
10 0.934859 0.207589 0.105634 0.051339
7 0.943662 0.228795 0.065141 0.013393
8 0.894366 0.229911 0.036972 0.023438
8 0.353873 0.235491 0.028169 0.022321
10 0.063380 0.247768 0.095070 0.045759
7 0.818662 0.267857 0.059859 0.012277
8 0.897887 0.258929 0.044014 0.034598
8 0.774648 0.267857 0.036972 0.029018
7 0.823944 0.310268 0.061620 0.014509
8 0.781690 0.310268 0.029930 0.021205
10 0.936620 0.305804 0.107394 0.049107
9 0.355634 0.334821 0.036972 0.027902
10 0.063380 0.473214 0.105634 0.055804
8 0.586268 0.523438 0.038732 0.026786
8 0.056338 0.537946 0.036972 0.029018
8 0.468310 0.565848 0.040493 0.026786
7 0.070423 0.638393 0.065141 0.014509
8 0.473592 0.639509 0.031690 0.022321
8 0.021127 0.638393 0.040493 0.026786
10 0.934859 0.660714 0.091549 0.051339
9 0.475352 0.736607 0.075704 0.055804
10 0.063380 0.767857 0.084507 0.041295
8 0.149648 0.776786 0.035211 0.022321
5 0.797535 0.783482 0.161972 0.026786
5 0.200704 0.786830 0.160211 0.022321
4 0.804577 0.816964 0.112676 0.013393
6 0.500000 0.938616 0.253521 0.046875
10 0.721831 0.922991 0.161972 0.082589
