0 0.500000 0.123884 0.197183 0.156250
71 0.470070 0.178571 0.102113 0.078125
16 0.633803 0.206473 0.044014 0.040179
28 0.070423 0.186384 0.140845 0.091518
3 0.200704 0.212054 0.176056 0.147321
2 0.797535 0.219866 0.190141 0.131696
111 0.848592 0.243304 0.154930 0.120536
28 0.688380 0.272321 0.116197 0.082589
93 0.633803 0.332589 0.070423 0.049107
146 0.528169 0.311384 0.130282 0.098214
72 0.454225 0.314732 0.140845 0.104911
106 0.742958 0.340402 0.179577 0.107143
121 0.304577 0.446429 0.098592 0.066964
71 0.234155 0.552455 0.073944 0.071429
99 0.799296 0.562500 0.091549 0.055804
136 0.466549 0.568080 0.105634 0.093750
20 0.607394 0.594866 0.063380 0.046875
149 0.366197 0.639509 0.095070 0.055804
122 0.690141 0.647321 0.195423 0.113839
142 0.911972 0.716518 0.084507 0.072545
139 0.468310 0.751116 0.137324 0.071429
3 0.200704 0.748884 0.169014 0.133929
3 0.797535 0.748884 0.183099 0.133929
0 0.500000 0.850446 0.190141 0.142857
25 0.299296 0.507812 0.109155 0.033482
150 0.563380 0.716518 0.088028 0.073661
6 0.500000 0.023438 0.250000 0.042411
4 0.211268 0.098214 0.112676 0.014509
5 0.200704 0.125000 0.149648 0.030134
8 0.017606 0.142857 0.035211 0.023438
5 0.799296 0.140625 0.156690 0.031250
12 0.470070 0.148438 0.045775 0.037946
8 0.848592 0.170759 0.028169 0.022321
12 0.017606 0.165179 0.035211 0.034598
7 0.660211 0.188616 0.063380 0.013393
8 0.616197 0.189732 0.033451 0.021205
9 0.471831 0.254464 0.036972 0.025670
8 0.433099 0.256696 0.040493 0.025670
7 0.549296 0.265625 0.061620 0.013393
9 0.035211 0.252232 0.070423 0.050223
8 0.503521 0.265625 0.040493 0.026786
9 0.633803 0.263393 0.054577 0.037946
12 0.633803 0.287946 0.038732 0.031250
7 0.672535 0.305804 0.093310 0.012277
8 0.614437 0.305804 0.028169 0.022321
12 0.454225 0.313616 0.028169 0.017857
9 0.633803 0.381696 0.082746 0.061384
7 0.338028 0.410714 0.093310 0.013393
8 0.274648 0.410714 0.040493 0.026786
8 0.299296 0.484375 0.040493 0.026786
7 0.489437 0.517857 0.065141 0.012277
8 0.445423 0.517857 0.031690 0.022321
7 0.823944 0.529018 0.063380 0.014509
8 0.774648 0.529018 0.042254 0.026786
12 0.468310 0.545759 0.044014 0.029018
7 0.616197 0.566964 0.033451 0.012277
8 0.588028 0.566964 0.029930 0.021205
7 0.702465 0.587054 0.063380 0.014509
8 0.658451 0.588170 0.035211 0.022321
7 0.396127 0.610491 0.091549 0.013393
8 0.332746 0.610491 0.042254 0.026786
9 0.468310 0.648438 0.044014 0.031250
8 0.911972 0.674107 0.028169 0.020089
8 0.468310 0.708705 0.038732 0.026786
5 0.200704 0.770089 0.149648 0.025670
5 0.797535 0.772321 0.158451 0.025670
4 0.207746 0.815848 0.126761 0.015625
4 0.804577 0.819196 0.123239 0.015625
