1 0.200704 0.223214 0.151408 0.123884
133 0.470070 0.305804 0.176056 0.120536
111 0.846831 0.338170 0.151408 0.120536
82 0.202465 0.350446 0.154930 0.122768
95 0.146127 0.658482 0.116197 0.073661
117 0.514085 0.680804 0.119718 0.082589
2 0.200704 0.738839 0.172535 0.154018
93 0.301056 0.872768 0.059859 0.042411
0 0.500000 0.838170 0.197183 0.167411
65 0.635563 0.151786 0.123239 0.091518
39 0.431338 0.263393 0.084507 0.040179
41 0.193662 0.274554 0.109155 0.062500
25 0.100352 0.507812 0.077465 0.044643
153 0.426056 0.072545 0.045775 0.035714
5 0.200704 0.146205 0.156690 0.031250
7 0.510563 0.241071 0.093310 0.012277
8 0.193662 0.238839 0.036972 0.023438
8 0.410211 0.238839 0.028169 0.022321
8 0.447183 0.239955 0.040493 0.026786
8 0.848592 0.279018 0.026408 0.021205
7 0.220070 0.287946 0.063380 0.014509
8 0.172535 0.286830 0.040493 0.026786
12 0.848592 0.337054 0.033451 0.023438
7 0.109155 0.484375 0.029930 0.012277
8 0.077465 0.484375 0.038732 0.026786
8 0.146127 0.612723 0.031690 0.022321
7 0.528169 0.636161 0.061620 0.012277
8 0.485915 0.636161 0.036972 0.023438
5 0.200704 0.767857 0.147887 0.027902
8 0.301056 0.843750 0.028169 0.020089
