33 0.147887 0.116071 0.051056 0.043527
86 0.364437 0.555804 0.341549 0.168527
64 0.177817 0.097098 0.172535 0.080357
0 0.500000 0.123884 0.190141 0.156250
2 0.200704 0.219866 0.183099 0.131696
2 0.797535 0.218750 0.179577 0.133929
51 0.154930 0.266741 0.190141 0.091518
110 0.487676 0.332589 0.112676 0.073661
68 0.348592 0.345982 0.088028 0.051339
72 0.246479 0.343750 0.137324 0.098214
17 0.411972 0.363839 0.084507 0.058036
138 0.841549 0.371652 0.165493 0.111607
85 0.735915 0.382812 0.144366 0.122768
37 0.271127 0.533482 0.109155 0.055804
71 0.570423 0.583705 0.095070 0.062500
105 0.359155 0.559152 0.119718 0.113839
22 0.147887 0.588170 0.084507 0.058036
68 0.890845 0.620536 0.088028 0.044643
139 0.468310 0.642857 0.126761 0.078125
60 0.556338 0.665179 0.077465 0.066964
80 0.322183 0.655134 0.109155 0.089286
19 0.408451 0.685268 0.063380 0.037946
138 0.702465 0.694196 0.172535 0.113839
3 0.200704 0.763393 0.130282 0.104911
1 0.797535 0.757812 0.147887 0.116071
117 0.091549 0.859375 0.102113 0.078125
0 0.500000 0.847098 0.190141 0.149554
39 0.035211 0.345982 0.070423 0.042411
65 0.853873 0.529018 0.137324 0.071429
8 0.179577 0.055804 0.029930 0.021205
12 0.179577 0.095982 0.029930 0.018973
5 0.200704 0.135045 0.135563 0.026786
5 0.797535 0.136161 0.158451 0.032366
9 0.177817 0.167411 0.066901 0.047991
7 0.177817 0.222098 0.066901 0.013393
8 0.133803 0.222098 0.028169 0.022321
7 0.264085 0.299107 0.063380 0.013393
7 0.508803 0.301339 0.063380 0.012277
8 0.225352 0.299107 0.026408 0.021205
8 0.466549 0.300223 0.031690 0.022321
7 0.860915 0.312500 0.063380 0.013393
7 0.369718 0.315848 0.065141 0.013393
8 0.816901 0.312500 0.036972 0.029018
8 0.323944 0.315848 0.036972 0.029018
7 0.774648 0.325893 0.096831 0.014509
12 0.489437 0.314732 0.061620 0.036830
8 0.035211 0.323661 0.029930 0.021205
8 0.716549 0.324777 0.028169 0.020089
8 0.411972 0.334821 0.036972 0.023438
9 0.735915 0.477679 0.051056 0.039062
7 0.873239 0.494420 0.063380 0.013393
8 0.830986 0.494420 0.033451 0.022321
8 0.549296 0.546875 0.031690 0.022321
12 0.570423 0.542411 0.038732 0.035714
8 0.468310 0.590402 0.031690 0.022321
9 0.855634 0.593750 0.047535 0.035714
12 0.890845 0.594866 0.047535 0.037946
7 0.341549 0.616071 0.061620 0.014509
8 0.299296 0.614955 0.031690 0.022321
7 0.577465 0.627232 0.065141 0.013393
8 0.704225 0.627232 0.033451 0.021205
8 0.531690 0.627232 0.033451 0.022321
9 0.570423 0.652902 0.040493 0.029018
8 0.408451 0.667411 0.026408 0.021205
9 0.364437 0.671875 0.052817 0.036830
9 0.890845 0.662946 0.080986 0.060268
12 0.702465 0.687500 0.045775 0.025670
9 0.408451 0.735491 0.065141 0.042411
5 0.200704 0.783482 0.158451 0.025670
5 0.799296 0.785714 0.156690 0.025670
9 0.702465 0.792411 0.035211 0.024554
8 0.091549 0.811384 0.033451 0.022321
4 0.205986 0.814732 0.126761 0.015625
