33 0.334507 0.444196 0.364437 0.181920
32 0.371479 0.053571 0.088028 0.071429
0 0.500000 0.113839 0.228873 0.176339
138 0.684859 0.161830 0.172535 0.113839
117 0.547535 0.213170 0.119718 0.078125
1 0.797535 0.229911 0.151408 0.111607
67 0.322183 0.261161 0.112676 0.078125
89 0.809859 0.510045 0.105634 0.104911
78 0.586268 0.525670 0.105634 0.080357
107 0.855634 0.500000 0.137324 0.142857
61 0.489437 0.574777 0.088028 0.075893
15 0.403169 0.633929 0.049296 0.035714
3 0.797535 0.743304 0.183099 0.145089
102 0.901408 0.879464 0.197183 0.078125
0 0.500000 0.842634 0.239437 0.158482
102 0.515845 0.899554 0.218310 0.087054
79 0.257042 0.205357 0.165493 0.098214
8 0.371479 0.013393 0.038732 0.026786
8 0.684859 0.099330 0.031690 0.022321
8 0.257042 0.143973 0.042254 0.026786
8 0.547535 0.158482 0.035211 0.022321
5 0.799296 0.160714 0.153169 0.030134
7 0.348592 0.223214 0.065141 0.012277
8 0.306338 0.223214 0.029930 0.021205
7 0.882042 0.422991 0.063380 0.011161
8 0.834507 0.422991 0.040493 0.026786
8 0.809859 0.457589 0.040493 0.026786
7 0.524648 0.533482 0.096831 0.014509
8 0.459507 0.533482 0.042254 0.026786
12 0.489437 0.553571 0.026408 0.023438
9 0.855634 0.593750 0.063380 0.042411
5 0.799296 0.781250 0.142606 0.023438
4 0.804577 0.820312 0.126761 0.015625
8 0.515845 0.852679 0.028169 0.020089
12 0.517606 0.893973 0.054577 0.035714
9 0.517606 0.973214 0.047535 0.034598
