15 0.963028 0.084821 0.066901 0.044643
0 0.500000 0.112723 0.225352 0.178571
3 0.200704 0.222098 0.207746 0.127232
2 0.797535 0.219866 0.183099 0.131696
124 0.362676 0.305804 0.109155 0.058036
19 0.135563 0.626116 0.073944 0.040179
130 0.755282 0.664062 0.151408 0.118304
1 0.200704 0.761161 0.161972 0.109375
122 0.623239 0.824777 0.169014 0.142857
0 0.500000 0.834821 0.228873 0.174107
4 0.211268 0.116071 0.126761 0.015625
5 0.797535 0.136161 0.140845 0.030134
5 0.200704 0.142857 0.146127 0.029018
7 0.387324 0.279018 0.061620 0.013393
8 0.341549 0.279018 0.035211 0.022321
8 0.757042 0.602679 0.029930 0.021205
7 0.163732 0.607143 0.066901 0.011161
8 0.121479 0.607143 0.028169 0.022321
12 0.755282 0.662946 0.045775 0.029018
8 0.623239 0.743304 0.035211 0.022321
9 0.757042 0.754464 0.072183 0.050223
5 0.200704 0.773438 0.147887 0.024554
