151 0.413732 0.650670 0.447183 0.225446
0 0.500000 0.104911 0.257042 0.194196
149 0.301056 0.233259 0.105634 0.102679
1 0.797535 0.231027 0.161972 0.109375
71 0.436620 0.274554 0.063380 0.066964
31 0.658451 0.328125 0.096831 0.068080
123 0.531690 0.306920 0.216549 0.111607
80 0.380282 0.359375 0.119718 0.071429
126 0.161972 0.398438 0.151408 0.109375
101 0.413732 0.650670 0.207746 0.102679
130 0.390845 0.675223 0.147887 0.118304
37 0.433099 0.729911 0.121479 0.063616
2 0.200704 0.743304 0.176056 0.145089
2 0.797535 0.748884 0.165493 0.133929
23 0.156690 0.816964 0.066901 0.051339
0 0.500000 0.845982 0.221831 0.151786
10 0.278169 0.101562 0.153169 0.078125
5 0.797535 0.162946 0.154930 0.031250
8 0.301056 0.174107 0.035211 0.023438
8 0.531690 0.241071 0.026408 0.021205
10 0.063380 0.247768 0.088028 0.044643
8 0.658451 0.292411 0.029930 0.021205
7 0.383803 0.321429 0.033451 0.012277
8 0.355634 0.320312 0.031690 0.022321
9 0.301056 0.309152 0.073944 0.053571
8 0.161972 0.337054 0.028169 0.022321
10 0.936620 0.401786 0.089789 0.045759
10 0.063380 0.430804 0.082746 0.042411
10 0.936620 0.491071 0.082746 0.045759
10 0.936620 0.542411 0.086268 0.047991
14 0.413732 0.579241 0.070423 0.013393
7 0.433099 0.602679 0.065141 0.012277
8 0.385563 0.603795 0.035211 0.022321
8 0.390845 0.616071 0.040493 0.026786
12 0.390845 0.669643 0.036972 0.034598
8 0.433099 0.698661 0.026408 0.021205
10 0.063380 0.688616 0.088028 0.042411
5 0.200704 0.763393 0.140845 0.023438
5 0.799296 0.767857 0.160211 0.025670
7 0.179577 0.791295 0.063380 0.013393
8 0.139085 0.791295 0.028169 0.022321
10 0.936620 0.783482 0.082746 0.042411
10 0.063380 0.901786 0.103873 0.052455
6 0.500000 0.938616 0.253521 0.046875
10 0.746479 0.919643 0.154930 0.088170
