0 0.500000 0.117188 0.211268 0.169643
2 0.797535 0.219866 0.190141 0.131696
113 0.818662 0.276786 0.126761 0.069196
97 0.253521 0.348214 0.109155 0.080357
132 0.661972 0.343750 0.147887 0.100446
130 0.253521 0.412946 0.151408 0.125000
66 0.612676 0.516741 0.105634 0.071429
37 0.135563 0.585938 0.109155 0.058036
95 0.126761 0.657366 0.130282 0.075893
49 0.588028 0.683036 0.102113 0.078125
126 0.264085 0.671875 0.151408 0.109375
35 0.744718 0.703125 0.084507 0.049107
85 0.364437 0.761161 0.102113 0.084821
1 0.797535 0.752232 0.172535 0.127232
76 0.705986 0.785714 0.193662 0.113839
126 0.191901 0.803571 0.151408 0.109375
0 0.500000 0.850446 0.190141 0.142857
57 0.785211 0.075893 0.429577 0.151786
91 0.475352 0.111607 0.197183 0.107143
39 0.140845 0.512277 0.073944 0.044643
36 0.130282 0.617188 0.258803 0.272321
8 0.475352 0.053571 0.029930 0.021205
12 0.475352 0.098214 0.031690 0.031250
5 0.797535 0.140625 0.151408 0.030134
9 0.475352 0.195312 0.051056 0.035714
7 0.843310 0.243304 0.063380 0.013393
8 0.795775 0.243304 0.040493 0.026786
12 0.820423 0.258929 0.040493 0.025670
8 0.661972 0.279018 0.029930 0.021205
8 0.253521 0.308036 0.042254 0.026786
12 0.661972 0.323661 0.045775 0.041295
7 0.274648 0.347098 0.065141 0.013393
8 0.223592 0.347098 0.042254 0.026786
7 0.635563 0.483259 0.063380 0.013393
8 0.593310 0.483259 0.031690 0.022321
8 0.140845 0.489955 0.040493 0.026786
9 0.253521 0.510045 0.058099 0.040179
9 0.612676 0.577009 0.063380 0.046875
8 0.126761 0.614955 0.028169 0.022321
7 0.286972 0.621652 0.063380 0.011161
8 0.239437 0.621652 0.038732 0.026786
7 0.612676 0.642857 0.063380 0.014509
8 0.573944 0.642857 0.026408 0.021205
8 0.744718 0.666295 0.028169 0.022321
8 0.705986 0.722098 0.038732 0.026786
7 0.228873 0.752232 0.095070 0.010045
8 0.167254 0.752232 0.038732 0.026786
9 0.744718 0.756696 0.052817 0.039062
5 0.799296 0.784598 0.139085 0.022321
6 0.500000 0.936384 0.253521 0.046875
