119 0.452465 0.641741 0.450704 0.227679
56 0.468310 0.781250 0.332746 0.166295
151 0.375000 0.876116 0.447183 0.225446
0 0.500000 0.126116 0.186620 0.151786
19 0.528169 0.198661 0.084507 0.053571
3 0.200704 0.219866 0.154930 0.131696
118 0.221831 0.260045 0.105634 0.084821
82 0.691901 0.252232 0.158451 0.120536
132 0.470070 0.262277 0.158451 0.102679
31 0.917253 0.419643 0.070423 0.054688
134 0.198944 0.463170 0.190141 0.140625
113 0.422535 0.518973 0.123239 0.071429
19 0.786972 0.537946 0.073944 0.042411
127 0.533451 0.515625 0.137324 0.091518
123 0.359155 0.598214 0.227113 0.102679
53 0.698944 0.679688 0.063380 0.033482
62 0.860915 0.656250 0.119718 0.082589
30 0.818662 0.679688 0.095070 0.049107
3 0.200704 0.748884 0.183099 0.133929
2 0.797535 0.743304 0.176056 0.145089
0 0.500000 0.839286 0.227113 0.165179
101 0.375000 0.876116 0.193662 0.107143
6 0.500000 0.027902 0.248239 0.044643
4 0.211268 0.111607 0.126761 0.015625
5 0.200704 0.140625 0.147887 0.030134
8 0.528169 0.166295 0.033451 0.022321
7 0.723592 0.189732 0.091549 0.012277
8 0.665493 0.189732 0.035211 0.022321
7 0.485915 0.210938 0.061620 0.011161
8 0.440141 0.210938 0.038732 0.026786
7 0.242958 0.218750 0.061620 0.012277
8 0.200704 0.218750 0.028169 0.022321
7 0.221831 0.397321 0.063380 0.011161
7 0.954225 0.397321 0.089789 0.014509
8 0.177817 0.397321 0.031690 0.022321
8 0.899648 0.397321 0.028169 0.022321
8 0.533451 0.455357 0.035211 0.022321
8 0.422535 0.482143 0.035211 0.022321
12 0.198944 0.485491 0.056338 0.037946
7 0.813380 0.522321 0.063380 0.012277
8 0.769366 0.522321 0.035211 0.023438
7 0.376761 0.541295 0.061620 0.013393
8 0.334507 0.541295 0.033451 0.022321
7 0.880282 0.609375 0.063380 0.014509
8 0.832747 0.609375 0.038732 0.026786
7 0.843310 0.658482 0.066901 0.013393
8 0.700704 0.651786 0.036972 0.029018
8 0.799296 0.658482 0.029930 0.021205
9 0.862676 0.731027 0.061620 0.044643
5 0.200704 0.761161 0.158451 0.025670
5 0.797535 0.773438 0.147887 0.020089
14 0.375000 0.803571 0.073944 0.013393
8 0.376761 0.812500 0.029930 0.021205
4 0.205986 0.818080 0.126761 0.015625
9 0.468310 0.886161 0.061620 0.041295
