114 0.355634 0.045759 0.154930 0.084821
21 0.040493 0.135045 0.080986 0.062500
142 0.908451 0.217634 0.091549 0.066964
2 0.200704 0.216518 0.188380 0.138393
3 0.797535 0.222098 0.154930 0.127232
72 0.565141 0.340402 0.137324 0.098214
74 0.957747 0.412946 0.084507 0.060268
115 0.139085 0.414062 0.116197 0.073661
110 0.186620 0.516741 0.133803 0.069196
63 0.265845 0.525670 0.091549 0.064732
102 0.454225 0.609375 0.218310 0.087054
128 0.904930 0.636161 0.188380 0.103795
52 0.352113 0.708705 0.112676 0.055804
61 0.896127 0.772321 0.102113 0.073661
3 0.200704 0.746652 0.190141 0.138393
67 0.251761 0.881696 0.112676 0.078125
0 0.500000 0.847098 0.190141 0.149554
150 0.683099 0.580357 0.088028 0.073661
125 0.535211 0.868304 0.165493 0.160714
8 0.334507 0.011161 0.028169 0.022321
7 0.059859 0.098214 0.065141 0.014509
8 0.017606 0.098214 0.035211 0.023438
4 0.809859 0.116071 0.123239 0.015625
12 0.035211 0.116071 0.036972 0.027902
5 0.200704 0.132812 0.158451 0.031250
5 0.797535 0.143973 0.144366 0.029018
7 0.924296 0.180804 0.063380 0.011161
8 0.883803 0.180804 0.028169 0.020089
7 0.588028 0.285714 0.061620 0.013393
8 0.549296 0.285714 0.026408 0.021205
8 0.971831 0.372768 0.033451 0.021205
8 0.114437 0.376116 0.031690 0.022321
12 0.140845 0.381696 0.054577 0.041295
8 0.186620 0.475446 0.036972 0.023438
9 0.139085 0.469866 0.066901 0.049107
7 0.299296 0.497768 0.089789 0.014509
12 0.265845 0.488839 0.052817 0.036830
8 0.239437 0.497768 0.038732 0.026786
8 0.454225 0.564732 0.033451 0.021205
8 0.954225 0.579241 0.040493 0.026786
9 0.267606 0.587054 0.058099 0.042411
8 0.352113 0.665179 0.026408 0.021205
7 0.926056 0.729911 0.091549 0.012277
8 0.867958 0.729911 0.035211 0.022321
5 0.200704 0.790179 0.142606 0.023438
4 0.209507 0.814732 0.126761 0.015625
8 0.251761 0.835938 0.031690 0.022321
12 0.253521 0.850446 0.068662 0.033482
6 0.500000 0.926339 0.253521 0.046875
9 0.253521 0.953125 0.026408 0.018973
