87 0.250000 0.704241 0.392606 0.205357
0 0.500000 0.125000 0.186620 0.154018
83 0.698944 0.190848 0.080986 0.058036
1 0.200704 0.227679 0.151408 0.116071
2 0.797535 0.218750 0.179577 0.133929
107 0.137324 0.496652 0.137324 0.142857
80 0.593310 0.694196 0.130282 0.075893
109 0.859155 0.699777 0.056338 0.066964
1 0.200704 0.752232 0.154930 0.128348
3 0.797535 0.755580 0.137324 0.120536
0 0.500000 0.852679 0.172535 0.137277
6 0.500000 0.026786 0.250000 0.042411
5 0.799296 0.136161 0.142606 0.030134
5 0.200704 0.150670 0.142606 0.029018
8 0.698944 0.158482 0.028169 0.020089
7 0.140845 0.422991 0.033451 0.013393
8 0.109155 0.422991 0.040493 0.026786
8 0.593310 0.645089 0.035211 0.023438
7 0.876761 0.664062 0.061620 0.011161
8 0.827465 0.665179 0.044014 0.034598
12 0.593310 0.671875 0.045775 0.035714
9 0.595070 0.763393 0.040493 0.027902
5 0.200704 0.782366 0.151408 0.024554
5 0.797535 0.785714 0.158451 0.025670
4 0.804577 0.810268 0.126761 0.015625
6 0.500000 0.931920 0.253521 0.046875
