0 0.500000 0.119420 0.204225 0.165179
3 0.200704 0.222098 0.209507 0.127232
139 0.394366 0.322545 0.126761 0.078125
71 0.790493 0.575893 0.073944 0.078125
42 0.422535 0.591518 0.073944 0.064732
141 0.697183 0.860491 0.207746 0.109375
0 0.500000 0.850446 0.214789 0.142857
94 0.419014 0.549107 0.186620 0.087054
4 0.211268 0.116071 0.126761 0.015625
10 0.286972 0.102679 0.154930 0.074777
5 0.200704 0.140625 0.158451 0.032366
8 0.394366 0.281250 0.040493 0.025670
10 0.063380 0.404018 0.105634 0.063616
10 0.934859 0.430804 0.105634 0.051339
8 0.419014 0.502232 0.028169 0.022321
7 0.795775 0.531250 0.033451 0.012277
8 0.760563 0.532366 0.042254 0.026786
10 0.063380 0.522321 0.100352 0.056920
8 0.422535 0.555804 0.026408 0.021205
10 0.063380 0.754464 0.082746 0.042411
8 0.697183 0.792411 0.036972 0.029018
10 0.723592 0.928571 0.126761 0.071429
