119 0.779930 0.660714 0.440141 0.227679
97 0.690141 0.072545 0.109155 0.073661
70 0.265845 0.141741 0.066901 0.055804
138 0.850352 0.120536 0.154930 0.109375
110 0.906690 0.148438 0.112676 0.098214
0 0.500000 0.126116 0.186620 0.151786
145 0.482394 0.190848 0.077465 0.073661
47 0.535211 0.234375 0.123239 0.095982
2 0.200704 0.219866 0.183099 0.131696
3 0.799296 0.222098 0.209507 0.127232
149 0.859155 0.263393 0.119718 0.095982
55 0.353873 0.301339 0.088028 0.064732
70 0.866197 0.308036 0.058099 0.052455
45 0.204225 0.349330 0.095070 0.075893
111 0.788732 0.331473 0.154930 0.120536
110 0.758803 0.431920 0.105634 0.075893
106 0.917253 0.543527 0.165493 0.100446
29 0.316901 0.584821 0.158451 0.075893
15 0.042254 0.612723 0.084507 0.037946
31 0.461268 0.613839 0.109155 0.069196
21 0.186620 0.676339 0.073944 0.049107
131 0.693662 0.699777 0.154930 0.091518
70 0.452465 0.738839 0.098592 0.062500
1 0.200704 0.744420 0.186620 0.142857
3 0.797535 0.739955 0.193662 0.151786
0 0.500000 0.839286 0.227113 0.165179
8 0.690141 0.025670 0.036972 0.029018
6 0.500000 0.031250 0.235915 0.037946
7 0.885563 0.066964 0.091549 0.013393
8 0.829225 0.066964 0.028169 0.020089
8 0.908451 0.093750 0.033451 0.022321
8 0.265845 0.107143 0.042254 0.026786
4 0.809859 0.116071 0.126761 0.015625
12 0.852113 0.127232 0.033451 0.029018
5 0.799296 0.139509 0.139085 0.029018
8 0.482394 0.146205 0.028169 0.022321
5 0.200704 0.140625 0.149648 0.036830
12 0.906690 0.148438 0.035211 0.029018
7 0.556338 0.183036 0.061620 0.014509
8 0.514085 0.183036 0.029930 0.021205
7 0.883803 0.213170 0.063380 0.013393
8 0.838028 0.212054 0.036972 0.023438
9 0.908451 0.229911 0.047535 0.035714
9 0.482394 0.250000 0.052817 0.039062
7 0.375000 0.263393 0.063380 0.012277
8 0.788732 0.261161 0.031690 0.022321
8 0.327465 0.264509 0.040493 0.026786
7 0.890845 0.277902 0.065141 0.013393
8 0.845070 0.277902 0.036972 0.029018
7 0.237676 0.310268 0.095070 0.010045
8 0.179577 0.310268 0.031690 0.022321
12 0.204225 0.331473 0.031690 0.029018
9 0.859155 0.338170 0.045775 0.033482
8 0.760563 0.395089 0.029930 0.021205
9 0.204225 0.416295 0.054577 0.040179
8 0.971831 0.477679 0.036972 0.023438
8 0.316901 0.529018 0.036972 0.029018
12 0.316901 0.554688 0.051056 0.037946
7 0.464789 0.573661 0.033451 0.012277
8 0.436620 0.573661 0.028169 0.022321
12 0.040493 0.580357 0.035211 0.033482
7 0.202465 0.650670 0.063380 0.011161
7 0.728873 0.651786 0.093310 0.012277
8 0.161972 0.649554 0.026408 0.021205
8 0.672535 0.651786 0.029930 0.021205
9 0.316901 0.654018 0.056338 0.043527
8 0.454225 0.707589 0.036972 0.023438
5 0.200704 0.771205 0.140845 0.022321
5 0.797535 0.774554 0.158451 0.025670
9 0.785211 0.794643 0.061620 0.044643
4 0.804577 0.814732 0.126761 0.015625
6 0.500000 0.939732 0.246479 0.044643
