0 0.500000 0.113839 0.211268 0.176339
144 0.054577 0.223214 0.109155 0.069196
1 0.200704 0.223214 0.151408 0.123884
149 0.794014 0.256696 0.105634 0.102679
105 0.413732 0.254464 0.172535 0.113839
62 0.415493 0.292411 0.119718 0.082589
46 0.852113 0.441964 0.109155 0.082589
49 0.809859 0.546875 0.102113 0.073661
3 0.200704 0.763393 0.130282 0.104911
3 0.797535 0.746652 0.190141 0.138393
0 0.500000 0.847098 0.200704 0.149554
79 0.160211 0.128348 0.154930 0.093750
94 0.355634 0.267857 0.193662 0.073661
8 0.160211 0.077009 0.028169 0.020089
5 0.200704 0.147321 0.153169 0.030134
8 0.049296 0.176339 0.028169 0.022321
7 0.443662 0.196429 0.089789 0.014509
12 0.049296 0.196429 0.024648 0.020089
8 0.382042 0.195312 0.042254 0.026786
7 0.373239 0.233259 0.065141 0.013393
8 0.329225 0.233259 0.031690 0.022321
8 0.415493 0.244420 0.028169 0.022321
12 0.415493 0.282366 0.035211 0.031250
9 0.415493 0.363839 0.051056 0.034598
7 0.885563 0.401786 0.091549 0.012277
8 0.827465 0.401786 0.036972 0.029018
7 0.846831 0.506696 0.091549 0.012277
8 0.792253 0.506696 0.029930 0.021205
5 0.799296 0.774554 0.160211 0.025670
5 0.200704 0.776786 0.153169 0.026786
4 0.209507 0.818080 0.123239 0.015625
4 0.802817 0.819196 0.126761 0.015625
6 0.500000 0.930804 0.246479 0.045759
