87 0.859155 0.256696 0.281690 0.205357
119 0.419014 0.540179 0.450704 0.227679
0 0.500000 0.112723 0.228873 0.178571
3 0.200704 0.222098 0.207746 0.127232
3 0.797535 0.222098 0.154930 0.127232
45 0.521127 0.305804 0.098592 0.069196
109 0.866197 0.651786 0.095070 0.055804
59 0.415493 0.707589 0.056338 0.033482
2 0.200704 0.748884 0.151408 0.133929
0 0.500000 0.840402 0.218310 0.162946
133 0.061620 0.862723 0.123239 0.122768
65 0.065141 0.172991 0.130282 0.080357
25 0.649648 0.372768 0.116197 0.037946
79 0.484155 0.614955 0.147887 0.098214
6 0.500000 0.018973 0.235915 0.037946
4 0.211268 0.117188 0.112676 0.013393
4 0.809859 0.116071 0.126761 0.015625
8 0.029930 0.125000 0.028169 0.020089
5 0.799296 0.138393 0.142606 0.027902
5 0.200704 0.145089 0.149648 0.030134
8 0.521127 0.268973 0.042254 0.026786
7 0.658451 0.352679 0.033451 0.012277
8 0.626761 0.352679 0.036972 0.029018
153 0.524648 0.380580 0.049296 0.035714
8 0.484155 0.560268 0.038732 0.026786
7 0.890845 0.625000 0.061620 0.013393
8 0.845070 0.625000 0.036972 0.029018
5 0.200704 0.765625 0.158451 0.025670
8 0.026408 0.793527 0.031690 0.022321
12 0.028169 0.852679 0.040493 0.033482
9 0.028169 0.959821 0.047535 0.032366
