32 0.748239 0.168527 0.088028 0.046875
0 0.500000 0.118304 0.214789 0.167411
106 0.089789 0.229911 0.179577 0.107143
2 0.200704 0.216518 0.188380 0.138393
49 0.197183 0.290179 0.102113 0.084821
134 0.906690 0.270089 0.186620 0.140625
51 0.434859 0.327009 0.190141 0.091518
96 0.200704 0.332589 0.098592 0.095982
138 0.371479 0.344866 0.154930 0.109375
70 0.639085 0.391741 0.109155 0.053571
72 0.853873 0.367188 0.140845 0.104911
143 0.910211 0.425223 0.088028 0.042411
63 0.140845 0.553571 0.077465 0.062500
18 0.864437 0.575893 0.056338 0.035714
60 0.054577 0.583705 0.109155 0.058036
32 0.408451 0.588170 0.091549 0.051339
64 0.940141 0.585938 0.119718 0.073661
137 0.248239 0.623884 0.049296 0.035714
38 0.063380 0.612723 0.086268 0.060268
123 0.591549 0.617188 0.198944 0.107143
113 0.816901 0.636161 0.098592 0.082589
105 0.577465 0.639509 0.165493 0.111607
141 0.686620 0.713170 0.125000 0.154018
1 0.200704 0.754464 0.176056 0.122768
1 0.797535 0.752232 0.169014 0.127232
0 0.500000 0.845982 0.221831 0.151786
6 0.500000 0.018973 0.235915 0.037946
12 0.748239 0.118304 0.056338 0.043527
5 0.200704 0.133929 0.154930 0.032366
7 0.769366 0.145089 0.063380 0.013393
8 0.728873 0.145089 0.029930 0.021205
7 0.080986 0.169643 0.033451 0.012277
8 0.054577 0.170759 0.028169 0.022321
7 0.980634 0.195312 0.038732 0.011161
8 0.952465 0.195312 0.028169 0.020089
9 0.750000 0.214286 0.051056 0.039062
12 0.077465 0.232143 0.042254 0.032366
7 0.218310 0.247768 0.061620 0.013393
8 0.176056 0.247768 0.031690 0.022321
8 0.200704 0.276786 0.036972 0.023438
8 0.436620 0.283482 0.029930 0.021205
8 0.853873 0.311384 0.028169 0.022321
9 0.077465 0.310268 0.051056 0.036830
7 0.677817 0.359375 0.091549 0.012277
8 0.619718 0.359375 0.036972 0.023438
8 0.911972 0.395089 0.033451 0.021205
7 0.151408 0.520089 0.033451 0.013393
8 0.121479 0.520089 0.031690 0.022321
7 0.073944 0.553571 0.095070 0.012277
7 0.982394 0.553571 0.033451 0.013393
8 0.408451 0.549107 0.042254 0.026786
7 0.883803 0.558036 0.065141 0.013393
8 0.017606 0.553571 0.035211 0.023438
7 0.610915 0.560268 0.063380 0.012277
8 0.948944 0.553571 0.042254 0.026786
8 0.561620 0.560268 0.042254 0.026786
8 0.834507 0.558036 0.044014 0.034598
8 0.577465 0.566964 0.033451 0.022321
12 0.031690 0.563616 0.042254 0.037946
8 0.816901 0.578125 0.033451 0.022321
8 0.063380 0.584821 0.026408 0.021205
8 0.250000 0.584821 0.044014 0.034598
7 0.721831 0.636161 0.091549 0.012277
8 0.667253 0.637277 0.028169 0.020089
5 0.799296 0.763393 0.146127 0.023438
5 0.200704 0.779018 0.149648 0.024554
6 0.500000 0.933036 0.253521 0.046875
