151 0.316901 0.252232 0.447183 0.229911
75 0.762324 0.130580 0.084507 0.127232
0 0.500000 0.123884 0.197183 0.156250
1 0.200704 0.218750 0.221831 0.132812
3 0.799296 0.222098 0.209507 0.127232
101 0.316901 0.253348 0.169014 0.113839
53 0.160211 0.322545 0.063380 0.033482
115 0.894366 0.312500 0.109155 0.087054
120 0.568662 0.318080 0.158451 0.082589
17 0.748239 0.369420 0.073944 0.051339
95 0.892606 0.414062 0.130282 0.073661
75 0.792253 0.419643 0.084507 0.127232
52 0.197183 0.494420 0.098592 0.064732
142 0.790493 0.517857 0.084507 0.066964
52 0.065141 0.533482 0.130282 0.058036
113 0.246479 0.599330 0.098592 0.082589
102 0.183099 0.604911 0.197183 0.109375
138 0.681338 0.614955 0.176056 0.111607
112 0.191901 0.687500 0.105634 0.082589
138 0.364437 0.674107 0.158451 0.113839
137 0.538732 0.766741 0.073944 0.037946
3 0.200704 0.755580 0.137324 0.120536
3 0.797535 0.743304 0.183099 0.145089
149 0.149648 0.814732 0.105634 0.107143
0 0.500000 0.842634 0.246479 0.158482
94 0.098592 0.379464 0.197183 0.089286
92 0.301056 0.437500 0.169014 0.075893
6 0.500000 0.022321 0.250000 0.044643
4 0.809859 0.116071 0.123239 0.015625
5 0.200704 0.138393 0.156690 0.031250
5 0.799296 0.140625 0.153169 0.031250
14 0.316901 0.178571 0.070423 0.011161
7 0.334507 0.200893 0.065141 0.012277
8 0.285211 0.200893 0.044014 0.034598
7 0.931338 0.264509 0.091549 0.013393
8 0.875000 0.264509 0.028169 0.020089
7 0.605634 0.274554 0.089789 0.012277
8 0.545775 0.274554 0.040493 0.026786
12 0.160211 0.289062 0.052817 0.040179
8 0.132042 0.302455 0.035211 0.022321
12 0.750000 0.328125 0.061620 0.034598
8 0.038732 0.334821 0.036972 0.023438
8 0.748239 0.339286 0.031690 0.022321
8 0.792253 0.354911 0.040493 0.025670
7 0.933099 0.377232 0.095070 0.010045
8 0.873239 0.377232 0.036972 0.023438
9 0.161972 0.370536 0.061620 0.041295
8 0.302817 0.389509 0.033451 0.022321
9 0.750000 0.419643 0.054577 0.040179
12 0.792253 0.430804 0.026408 0.023438
8 0.197183 0.452009 0.042254 0.026786
9 0.038732 0.448661 0.056338 0.043527
7 0.820423 0.488839 0.089789 0.012277
8 0.757042 0.488839 0.042254 0.026786
8 0.017606 0.503348 0.035211 0.029018
8 0.183099 0.537946 0.029930 0.021205
7 0.276408 0.554688 0.091549 0.013393
7 0.704225 0.562500 0.059859 0.011161
8 0.216549 0.554688 0.038732 0.026786
8 0.663732 0.562500 0.031690 0.022321
12 0.683099 0.609375 0.047535 0.030134
7 0.397887 0.622768 0.093310 0.014509
8 0.338028 0.622768 0.035211 0.023438
7 0.207746 0.647321 0.061620 0.014509
8 0.158451 0.647321 0.044014 0.034598
7 0.561620 0.750000 0.059859 0.012277
8 0.517606 0.750000 0.036972 0.023438
8 0.149648 0.755580 0.028169 0.020089
5 0.200704 0.772321 0.156690 0.025670
5 0.797535 0.776786 0.154930 0.025670
4 0.806338 0.815848 0.126761 0.015625
4 0.205986 0.821429 0.126761 0.015625
12 0.151408 0.822545 0.029930 0.022321
