119 0.214789 0.565848 0.429577 0.227679
40 0.260563 0.095982 0.135563 0.091518
106 0.783451 0.149554 0.165493 0.100446
0 0.500000 0.125000 0.216549 0.152902
138 0.890845 0.174107 0.158451 0.100446
15 0.540493 0.233259 0.056338 0.035714
1 0.200704 0.229911 0.161972 0.111607
1 0.797535 0.227679 0.165493 0.116071
102 0.653169 0.289062 0.218310 0.087054
34 0.359155 0.314732 0.172535 0.040179
62 0.786972 0.291295 0.137324 0.089286
15 0.383803 0.377232 0.049296 0.033482
59 0.730634 0.414062 0.066901 0.055804
21 0.258803 0.424107 0.088028 0.053571
108 0.454225 0.554688 0.091549 0.055804
85 0.871479 0.543527 0.098592 0.084821
22 0.244718 0.565848 0.084507 0.055804
67 0.625000 0.601562 0.112676 0.078125
1 0.200704 0.755580 0.144366 0.120536
3 0.797535 0.748884 0.169014 0.133929
0 0.500000 0.841518 0.221831 0.160714
65 0.919014 0.239955 0.109155 0.091518
84 0.353873 0.350446 0.123239 0.095982
79 0.103873 0.868304 0.207746 0.095982
7 0.802817 0.094866 0.065141 0.013393
8 0.751761 0.094866 0.042254 0.026786
8 0.890845 0.113839 0.028169 0.022321
5 0.799296 0.152902 0.146127 0.029018
5 0.200704 0.154018 0.140845 0.027902
7 0.954225 0.191964 0.089789 0.013393
8 0.899648 0.191964 0.028169 0.022321
7 0.552817 0.216518 0.033451 0.012277
8 0.524648 0.216518 0.028169 0.020089
8 0.788732 0.232143 0.044014 0.034598
9 0.890845 0.256696 0.054577 0.037946
12 0.359155 0.266741 0.035211 0.026786
12 0.786972 0.270089 0.045775 0.034598
7 0.376761 0.292411 0.065141 0.012277
8 0.332746 0.292411 0.028169 0.022321
8 0.353873 0.291295 0.042254 0.026786
12 0.383803 0.330357 0.042254 0.034598
8 0.383803 0.359375 0.038732 0.026786
9 0.788732 0.363839 0.044014 0.032366
7 0.281690 0.401786 0.061620 0.013393
8 0.241197 0.401786 0.028169 0.022321
12 0.258803 0.406250 0.042254 0.025670
9 0.353873 0.419643 0.059859 0.042411
9 0.383803 0.433036 0.038732 0.027902
9 0.258803 0.483259 0.045775 0.033482
8 0.873239 0.502232 0.033451 0.021205
8 0.244718 0.521205 0.035211 0.022321
7 0.487676 0.526786 0.091549 0.012277
8 0.427817 0.526786 0.038732 0.026786
8 0.626761 0.560268 0.026408 0.021205
5 0.799296 0.770089 0.139085 0.022321
5 0.200704 0.775670 0.153169 0.029018
7 0.121479 0.814732 0.095070 0.012277
4 0.808099 0.815848 0.126761 0.015625
8 0.059859 0.815848 0.040493 0.026786
6 0.500000 0.933036 0.253521 0.046875
