87 0.725352 0.428571 0.396127 0.197545
29 0.730634 0.132812 0.158451 0.075893
16 0.848592 0.180804 0.054577 0.042411
0 0.500000 0.117188 0.211268 0.169643
133 0.302817 0.222098 0.137324 0.116071
1 0.200704 0.226562 0.161972 0.118304
3 0.797535 0.220982 0.144366 0.129464
74 0.737676 0.274554 0.077465 0.055804
40 0.172535 0.296875 0.126761 0.082589
40 0.216549 0.377232 0.126761 0.082589
140 0.521127 0.582589 0.073944 0.055804
2 0.200704 0.748884 0.151408 0.133929
0 0.500000 0.850446 0.214789 0.142857
36 0.535211 0.734375 0.445423 0.248884
54 0.411972 0.886161 0.123239 0.078125
6 0.500000 0.022321 0.250000 0.044643
12 0.730634 0.099330 0.066901 0.040179
4 0.809859 0.113839 0.126761 0.015625
5 0.799296 0.138393 0.142606 0.027902
5 0.200704 0.149554 0.140845 0.026786
7 0.322183 0.167411 0.059859 0.012277
8 0.278169 0.167411 0.036972 0.023438
8 0.739437 0.234375 0.036972 0.023438
8 0.172535 0.242188 0.028169 0.022321
7 0.239437 0.333705 0.065141 0.013393
8 0.197183 0.332589 0.029930 0.021205
9 0.172535 0.368304 0.035211 0.026786
8 0.521127 0.552455 0.036972 0.029018
5 0.200704 0.773438 0.161972 0.026786
