87 0.306338 0.377232 0.392606 0.199777
0 0.500000 0.126116 0.186620 0.151786
16 0.309859 0.196429 0.045775 0.042411
68 0.579225 0.205357 0.109155 0.093750
1 0.200704 0.229911 0.151408 0.111607
2 0.799296 0.216518 0.188380 0.138393
102 0.109155 0.289062 0.218310 0.087054
138 0.869718 0.283482 0.172535 0.113839
131 0.357394 0.348214 0.161972 0.091518
136 0.577465 0.359375 0.172535 0.078125
106 0.774648 0.398438 0.165493 0.100446
60 0.954225 0.444196 0.091549 0.058036
80 0.748239 0.436384 0.112676 0.082589
134 0.190141 0.422991 0.183099 0.165179
106 0.797535 0.503348 0.165493 0.100446
128 0.195423 0.546875 0.204225 0.122768
16 0.142606 0.595982 0.056338 0.042411
149 0.427817 0.713170 0.095070 0.055804
1 0.200704 0.761161 0.161972 0.109375
3 0.797535 0.746652 0.190141 0.138393
18 0.146127 0.810268 0.049296 0.033482
111 0.292254 0.832589 0.154930 0.120536
0 0.500000 0.851562 0.176056 0.140625
48 0.593310 0.069196 0.130282 0.075893
129 0.859155 0.058036 0.281690 0.114955
94 0.753521 0.203125 0.144366 0.055804
92 0.637324 0.568080 0.169014 0.104911
150 0.371479 0.888393 0.095070 0.053571
94 0.475352 0.877232 0.186620 0.087054
6 0.500000 0.027902 0.250000 0.044643
5 0.799296 0.130580 0.149648 0.031250
8 0.580986 0.151786 0.036972 0.029018
5 0.200704 0.158482 0.139085 0.034598
8 0.753521 0.174107 0.038732 0.026786
9 0.753521 0.265625 0.036972 0.025670
7 0.376761 0.300223 0.063380 0.013393
8 0.334507 0.300223 0.031690 0.022321
7 0.593310 0.322545 0.063380 0.013393
8 0.545775 0.322545 0.040493 0.026786
8 0.190141 0.339286 0.036972 0.029018
7 0.792253 0.350446 0.061620 0.013393
8 0.750000 0.350446 0.029930 0.021205
7 0.980634 0.416295 0.038732 0.013393
8 0.947183 0.416295 0.035211 0.022321
7 0.809859 0.455357 0.059859 0.012277
8 0.771127 0.456473 0.028169 0.022321
8 0.197183 0.468750 0.044014 0.034598
7 0.661972 0.520089 0.061620 0.012277
8 0.619718 0.520089 0.031690 0.022321
12 0.144366 0.571429 0.040493 0.034598
9 0.142606 0.633929 0.073944 0.054688
9 0.637324 0.651786 0.059859 0.043527
8 0.427817 0.684152 0.028169 0.020089
7 0.315141 0.766741 0.063380 0.013393
8 0.267606 0.767857 0.044014 0.034598
5 0.200704 0.774554 0.139085 0.026786
5 0.799296 0.780134 0.146127 0.024554
7 0.151408 0.796875 0.033451 0.013393
8 0.123239 0.796875 0.028169 0.020089
4 0.806338 0.810268 0.123239 0.015625
8 0.475352 0.831473 0.040493 0.026786
6 0.500000 0.930804 0.253521 0.046875
9 0.475352 0.943080 0.084507 0.062500
