87 0.237676 0.084821 0.387324 0.169643
18 0.366197 0.110491 0.056338 0.049107
16 0.147887 0.118304 0.045775 0.040179
0 0.500000 0.118304 0.214789 0.167411
3 0.200704 0.210938 0.165493 0.149554
1 0.797535 0.227679 0.151408 0.116071
76 0.904930 0.226562 0.190141 0.122768
140 0.468310 0.261161 0.070423 0.053571
110 0.579225 0.357143 0.119718 0.069196
58 0.419014 0.369420 0.105634 0.098214
88 0.920775 0.386161 0.137324 0.066964
98 0.204225 0.387277 0.095070 0.071429
89 0.426056 0.424107 0.116197 0.109375
139 0.197183 0.493304 0.112676 0.066964
71 0.264085 0.578125 0.095070 0.060268
143 0.857394 0.648438 0.080986 0.046875
97 0.945423 0.764509 0.109155 0.080357
144 0.302817 0.773438 0.073944 0.071429
1 0.200704 0.750000 0.183099 0.132812
34 0.651408 0.809152 0.179577 0.049107
51 0.360915 0.848214 0.169014 0.095982
0 0.500000 0.845982 0.221831 0.151786
129 0.538732 0.060268 0.181338 0.120536
24 0.153169 0.881696 0.045775 0.031250
6 0.500000 0.022321 0.250000 0.044643
12 0.147887 0.062500 0.049296 0.043527
7 0.404930 0.090402 0.093310 0.013393
8 0.348592 0.091518 0.026408 0.021205
4 0.211268 0.093750 0.126761 0.015625
8 0.147887 0.094866 0.035211 0.022321
5 0.200704 0.118304 0.140845 0.027902
5 0.799296 0.154018 0.146127 0.029018
8 0.970070 0.166295 0.035211 0.022321
9 0.147887 0.159598 0.059859 0.042411
7 0.475352 0.232143 0.033451 0.012277
8 0.447183 0.232143 0.029930 0.021205
8 0.419014 0.310268 0.026408 0.021205
7 0.598592 0.325893 0.065141 0.012277
8 0.552817 0.325893 0.036972 0.023438
8 0.920775 0.339286 0.028169 0.022321
8 0.204225 0.344866 0.033451 0.022321
8 0.426056 0.350446 0.036972 0.029018
7 0.234155 0.455357 0.088028 0.012277
8 0.177817 0.455357 0.031690 0.022321
8 0.239437 0.544643 0.040493 0.025670
12 0.264085 0.544643 0.049296 0.031250
8 0.859155 0.611607 0.040493 0.025670
9 0.264085 0.638393 0.063380 0.045759
8 0.954225 0.712054 0.038732 0.026786
7 0.318662 0.733259 0.063380 0.011161
8 0.274648 0.734375 0.036972 0.023438
7 0.676056 0.785714 0.061620 0.013393
5 0.200704 0.784598 0.137324 0.022321
8 0.630282 0.785714 0.040493 0.026786
7 0.387324 0.803571 0.065141 0.012277
8 0.345070 0.803571 0.028169 0.020089
8 0.153169 0.854911 0.035211 0.022321
9 0.360915 0.921875 0.052817 0.036830
6 0.500000 0.928571 0.253521 0.046875
