102 0.246479 0.068080 0.218310 0.087054
0 0.500000 0.118304 0.218310 0.167411
23 0.693662 0.218750 0.066901 0.062500
2 0.200704 0.219866 0.176056 0.131696
1 0.797535 0.231027 0.158451 0.109375
61 0.799296 0.272321 0.091549 0.075893
31 0.577465 0.283482 0.091549 0.061384
99 0.080986 0.286830 0.116197 0.060268
149 0.845070 0.286830 0.105634 0.102679
105 0.737676 0.331473 0.119718 0.113839
126 0.209507 0.338170 0.151408 0.109375
37 0.482394 0.390625 0.103873 0.062500
19 0.742958 0.402902 0.088028 0.051339
21 0.875000 0.421875 0.077465 0.046875
51 0.741197 0.537946 0.190141 0.091518
71 0.526408 0.638393 0.088028 0.060268
89 0.607394 0.620536 0.105634 0.102679
61 0.213028 0.633929 0.102113 0.080357
90 0.843310 0.674107 0.098592 0.064732
47 0.271127 0.658482 0.123239 0.095982
40 0.739437 0.678571 0.135563 0.091518
19 0.330986 0.727679 0.073944 0.060268
114 0.926056 0.716518 0.116197 0.125000
132 0.072183 0.751116 0.144366 0.102679
1 0.797535 0.752232 0.154930 0.128348
0 0.500000 0.834821 0.272887 0.175223
6 0.500000 0.022321 0.250000 0.044643
10 0.264085 0.095982 0.154930 0.088170
5 0.200704 0.136161 0.153169 0.030134
5 0.797535 0.159598 0.144366 0.029018
8 0.693662 0.171875 0.028169 0.020089
8 0.799296 0.225446 0.026408 0.021205
7 0.862676 0.234375 0.063380 0.013393
8 0.818662 0.234375 0.031690 0.022321
8 0.080986 0.247768 0.036972 0.023438
8 0.577465 0.253348 0.035211 0.022321
8 0.209507 0.273438 0.028169 0.020089
10 0.936620 0.270089 0.093310 0.047991
8 0.482394 0.343750 0.036972 0.029018
10 0.936620 0.339286 0.096831 0.049107
8 0.742958 0.372768 0.040493 0.025670
9 0.845070 0.367188 0.072183 0.053571
7 0.911972 0.399554 0.093310 0.013393
12 0.875000 0.392857 0.028169 0.027902
8 0.853873 0.399554 0.031690 0.022321
7 0.765845 0.486607 0.063380 0.014509
8 0.718310 0.486607 0.036972 0.023438
12 0.741197 0.527902 0.035211 0.026786
10 0.063380 0.537946 0.102113 0.051339
7 0.230634 0.589286 0.063380 0.013393
8 0.186620 0.589286 0.033451 0.022321
7 0.552817 0.608259 0.065141 0.013393
8 0.271127 0.606027 0.042254 0.026786
8 0.503521 0.608259 0.042254 0.026786
12 0.526408 0.614955 0.021127 0.020089
9 0.742958 0.612723 0.058099 0.042411
8 0.737676 0.625000 0.028169 0.022321
7 0.876761 0.636161 0.089789 0.014509
8 0.823944 0.636161 0.026408 0.021205
8 0.926056 0.645089 0.036972 0.023438
8 0.031690 0.683036 0.029930 0.021205
7 0.338028 0.696429 0.029930 0.012277
8 0.306338 0.696429 0.040493 0.026786
10 0.063380 0.733259 0.091549 0.051339
9 0.845070 0.746652 0.040493 0.029018
9 0.739437 0.755580 0.036972 0.026786
5 0.799296 0.785714 0.160211 0.030134
9 0.926056 0.810268 0.031690 0.023438
6 0.500000 0.934152 0.253521 0.046875
10 0.728873 0.935268 0.126761 0.058036
