64 0.702465 0.073661 0.109155 0.078125
0 0.500000 0.104911 0.257042 0.194196
47 0.579225 0.180804 0.123239 0.095982
149 0.619718 0.191964 0.119718 0.095982
2 0.200704 0.219866 0.177817 0.131696
128 0.760563 0.244420 0.200704 0.120536
59 0.248239 0.318080 0.066901 0.044643
22 0.867958 0.369420 0.070423 0.055804
52 0.558099 0.410714 0.123239 0.064732
142 0.258803 0.523438 0.070423 0.060268
61 0.338028 0.530134 0.102113 0.073661
28 0.137324 0.543527 0.098592 0.080357
38 0.197183 0.584821 0.103873 0.074777
115 0.526408 0.629464 0.119718 0.078125
20 0.498239 0.676339 0.070423 0.049107
145 0.366197 0.677455 0.091549 0.060268
75 0.417254 0.659598 0.080986 0.116071
89 0.683099 0.746652 0.105634 0.104911
2 0.200704 0.743304 0.176056 0.145089
3 0.799296 0.751116 0.184859 0.129464
95 0.072183 0.858259 0.126761 0.075893
30 0.271127 0.883929 0.098592 0.049107
0 0.500000 0.838170 0.197183 0.167411
27 0.913732 0.427455 0.172535 0.136161
91 0.299296 0.772321 0.133803 0.087054
8 0.702465 0.016741 0.038732 0.026786
10 0.304577 0.095982 0.161972 0.089286
7 0.602113 0.133929 0.061620 0.014509
8 0.556338 0.135045 0.038732 0.026786
8 0.619718 0.137277 0.040493 0.026786
5 0.200704 0.137277 0.160211 0.031250
9 0.704225 0.145089 0.033451 0.025670
7 0.790493 0.180804 0.091549 0.012277
8 0.732394 0.180804 0.035211 0.022321
10 0.063380 0.258929 0.103873 0.050223
8 0.869718 0.325893 0.026408 0.021205
7 0.580986 0.377232 0.065141 0.013393
9 0.250000 0.370536 0.044014 0.032366
8 0.531690 0.377232 0.036972 0.029018
10 0.063380 0.388393 0.091549 0.051339
10 0.934859 0.460938 0.102113 0.049107
8 0.258803 0.482143 0.028169 0.022321
7 0.355634 0.487723 0.063380 0.011161
8 0.316901 0.488839 0.026408 0.021205
8 0.137324 0.497768 0.028169 0.020089
10 0.063380 0.495536 0.102113 0.050223
12 0.137324 0.537946 0.029930 0.023438
7 0.221831 0.550223 0.063380 0.011161
153 0.262324 0.539062 0.049296 0.037946
8 0.176056 0.550223 0.036972 0.029018
8 0.528169 0.580357 0.036972 0.029018
8 0.419014 0.587054 0.033451 0.021205
8 0.500000 0.633929 0.040493 0.026786
7 0.404930 0.649554 0.091549 0.012277
8 0.345070 0.648438 0.036972 0.029018
8 0.683099 0.693080 0.028169 0.022321
10 0.063380 0.700893 0.102113 0.058036
8 0.299296 0.726562 0.040493 0.026786
5 0.799296 0.765625 0.146127 0.023438
5 0.200704 0.768973 0.139085 0.022321
12 0.299296 0.768973 0.049296 0.031250
10 0.936620 0.796875 0.093310 0.044643
4 0.806338 0.813616 0.126761 0.015625
12 0.072183 0.829241 0.066901 0.042411
10 0.936620 0.827009 0.100352 0.051339
9 0.299296 0.841518 0.047535 0.036830
7 0.288732 0.856027 0.063380 0.013393
8 0.246479 0.856027 0.028169 0.022321
9 0.073944 0.910714 0.082746 0.061384
10 0.721831 0.921875 0.158451 0.084821
