16 0.649648 0.176339 0.045775 0.040179
0 0.500000 0.125000 0.190141 0.154018
114 0.075704 0.205357 0.151408 0.089286
89 0.371479 0.203125 0.116197 0.109375
96 0.089789 0.229911 0.105634 0.082589
2 0.200704 0.219866 0.177817 0.131696
1 0.797535 0.227679 0.158451 0.116071
28 0.198944 0.357143 0.116197 0.071429
102 0.862676 0.329241 0.112676 0.131696
117 0.778169 0.362723 0.102113 0.078125
58 0.241197 0.446429 0.116197 0.078125
120 0.281690 0.520089 0.137324 0.095982
85 0.755282 0.540179 0.112676 0.092634
15 0.211268 0.619420 0.072183 0.044643
118 0.422535 0.656250 0.080986 0.089286
132 0.686620 0.764509 0.147887 0.102679
3 0.200704 0.748884 0.183099 0.133929
3 0.797535 0.743304 0.183099 0.145089
121 0.051056 0.805804 0.102113 0.073661
0 0.500000 0.847098 0.228873 0.149554
69 0.688380 0.553571 0.080986 0.064732
65 0.198944 0.657366 0.105634 0.084821
5 0.200704 0.133929 0.140845 0.026786
8 0.373239 0.149554 0.026408 0.021205
7 0.669014 0.155134 0.061620 0.013393
153 0.964789 0.148438 0.052817 0.033482
8 0.626761 0.155134 0.036972 0.029018
5 0.799296 0.154018 0.160211 0.032366
8 0.045775 0.154018 0.044014 0.034598
8 0.091549 0.179688 0.033451 0.022321
8 0.862676 0.246652 0.036972 0.029018
9 0.045775 0.285714 0.035211 0.025670
7 0.218310 0.321429 0.065141 0.012277
8 0.172535 0.320312 0.028169 0.022321
8 0.778169 0.324777 0.033451 0.022321
12 0.862676 0.339286 0.024648 0.022321
8 0.242958 0.401786 0.029930 0.021205
9 0.862676 0.421875 0.051056 0.037946
9 0.778169 0.439732 0.038732 0.027902
7 0.299296 0.470982 0.061620 0.014509
8 0.251761 0.470982 0.042254 0.026786
7 0.447183 0.606027 0.065141 0.013393
8 0.200704 0.601562 0.036972 0.029018
8 0.404930 0.607143 0.026408 0.021205
8 0.686620 0.696429 0.036972 0.029018
9 0.422535 0.732143 0.056338 0.040179
8 0.035211 0.756696 0.029930 0.021205
5 0.200704 0.765625 0.161972 0.026786
5 0.799296 0.776786 0.142606 0.026786
4 0.207746 0.811384 0.126761 0.015625
4 0.804577 0.818080 0.126761 0.015625
