86 0.839789 0.589286 0.320423 0.166295
141 0.211268 0.101562 0.098592 0.089286
0 0.500000 0.118304 0.218310 0.167411
47 0.684859 0.200893 0.123239 0.095982
55 0.535211 0.218750 0.088028 0.071429
53 0.392606 0.246652 0.056338 0.033482
1 0.200704 0.223214 0.151408 0.123884
28 0.623239 0.324777 0.098592 0.080357
16 0.473592 0.402902 0.045775 0.040179
64 0.086268 0.437500 0.169014 0.075893
49 0.852113 0.565848 0.105634 0.089286
76 0.589789 0.603795 0.193662 0.118304
124 0.366197 0.658482 0.116197 0.071429
145 0.410211 0.681920 0.059859 0.091518
133 0.628521 0.667411 0.123239 0.122768
80 0.545775 0.669643 0.109155 0.125000
3 0.200704 0.763393 0.130282 0.104911
1 0.799296 0.750000 0.170775 0.130580
0 0.500000 0.849330 0.165493 0.145089
125 0.095070 0.313616 0.158451 0.154018
8 0.211268 0.040179 0.029930 0.021205
7 0.725352 0.149554 0.093310 0.013393
8 0.661972 0.149554 0.036972 0.023438
5 0.200704 0.145089 0.161972 0.032366
8 0.535211 0.174107 0.036972 0.023438
7 0.408451 0.234375 0.061620 0.014509
8 0.362676 0.234375 0.036972 0.029018
7 0.630282 0.285714 0.033451 0.013393
8 0.596831 0.285714 0.042254 0.026786
7 0.496479 0.377232 0.065141 0.012277
8 0.450704 0.377232 0.031690 0.022321
8 0.086268 0.385045 0.035211 0.022321
9 0.623239 0.396205 0.040493 0.029018
7 0.862676 0.515625 0.033451 0.012277
8 0.830986 0.515625 0.038732 0.026786
8 0.591549 0.531250 0.029930 0.021205
12 0.852113 0.551339 0.040493 0.032366
8 0.545775 0.589286 0.036972 0.029018
7 0.647887 0.602679 0.061620 0.012277
8 0.603873 0.602679 0.031690 0.022321
7 0.383803 0.622768 0.065141 0.013393
8 0.338028 0.622768 0.036972 0.029018
8 0.411972 0.627232 0.036972 0.023438
12 0.545775 0.666295 0.056338 0.035714
5 0.797535 0.774554 0.140845 0.023438
5 0.200704 0.785714 0.161972 0.029018
4 0.207746 0.816964 0.126761 0.015625
