33 0.165493 0.716518 0.330986 0.181920
0 0.500000 0.118304 0.218310 0.167411
127 0.399648 0.176339 0.137324 0.091518
28 0.355634 0.251116 0.137324 0.066964
3 0.200704 0.213170 0.207746 0.145089
72 0.788732 0.248884 0.137324 0.098214
78 0.253521 0.272321 0.095070 0.075893
30 0.630282 0.361607 0.084507 0.046875
73 0.795775 0.390625 0.098592 0.064732
30 0.528169 0.395089 0.073944 0.062500
96 0.795775 0.474330 0.098592 0.095982
85 0.841549 0.547991 0.109155 0.098214
15 0.698944 0.620536 0.066901 0.040179
28 0.642606 0.602679 0.116197 0.082589
123 0.137324 0.612723 0.220070 0.109375
2 0.797535 0.748884 0.161972 0.133929
138 0.098592 0.773438 0.158451 0.113839
117 0.910211 0.800223 0.119718 0.082589
139 0.841549 0.871652 0.133803 0.087054
0 0.500000 0.834821 0.228873 0.174107
91 0.580986 0.064732 0.169014 0.098214
116 0.209507 0.309152 0.102113 0.069196
69 0.915493 0.622768 0.091549 0.049107
84 0.410211 0.710938 0.126761 0.073661
94 0.149648 0.841518 0.151408 0.091518
6 0.500000 0.021205 0.250000 0.042411
4 0.211268 0.098214 0.126761 0.015625
7 0.433099 0.127232 0.093310 0.012277
8 0.369718 0.126116 0.040493 0.026786
5 0.200704 0.125000 0.151408 0.030134
8 0.788732 0.187500 0.031690 0.022321
8 0.355634 0.213170 0.035211 0.022321
12 0.630282 0.318080 0.052817 0.033482
8 0.630282 0.330357 0.028169 0.020089
8 0.795775 0.345982 0.044014 0.034598
12 0.528169 0.357143 0.049296 0.036830
12 0.795775 0.363839 0.036972 0.032366
8 0.795775 0.426339 0.033451 0.022321
9 0.528169 0.457589 0.035211 0.026786
8 0.841549 0.493304 0.035211 0.023438
7 0.161972 0.551339 0.061620 0.012277
8 0.112676 0.552455 0.040493 0.026786
7 0.676056 0.564732 0.091549 0.012277
8 0.616197 0.564732 0.040493 0.025670
12 0.642606 0.591518 0.028169 0.022321
7 0.721831 0.598214 0.061620 0.014509
8 0.679577 0.598214 0.029930 0.021205
7 0.429577 0.676339 0.061620 0.012277
8 0.389085 0.677455 0.028169 0.020089
8 0.910211 0.758929 0.038732 0.026786
5 0.797535 0.764509 0.147887 0.020089
8 0.151408 0.790179 0.026408 0.021205
7 0.873239 0.831473 0.091549 0.013393
8 0.816901 0.831473 0.028169 0.022321
12 0.841549 0.859375 0.036972 0.031250
9 0.841549 0.937500 0.075704 0.055804
