0 0.500000 0.126116 0.190141 0.151786
124 0.364437 0.197545 0.077465 0.062500
72 0.508803 0.202009 0.137324 0.098214
1 0.200704 0.228795 0.169014 0.113839
1 0.797535 0.228795 0.158451 0.113839
40 0.371479 0.271205 0.126761 0.082589
121 0.188380 0.301339 0.102113 0.078125
123 0.767606 0.368304 0.239437 0.109375
44 0.572183 0.390625 0.165493 0.178571
122 0.890845 0.561384 0.204225 0.111607
115 0.524648 0.593750 0.119718 0.078125
93 0.955986 0.654018 0.070423 0.049107
102 0.098592 0.635045 0.197183 0.109375
138 0.197183 0.665179 0.158451 0.098214
53 0.477113 0.790179 0.056338 0.033482
1 0.200704 0.757812 0.161972 0.116071
1 0.797535 0.752232 0.154930 0.128348
71 0.964789 0.818080 0.070423 0.084821
138 0.186620 0.840402 0.158451 0.113839
69 0.359155 0.353795 0.089789 0.069196
39 0.760563 0.885045 0.073944 0.058036
6 0.500000 0.031250 0.235915 0.037946
7 0.531690 0.158482 0.061620 0.012277
5 0.799296 0.154018 0.139085 0.026786
8 0.482394 0.157366 0.040493 0.026786
5 0.200704 0.158482 0.154930 0.030134
7 0.410211 0.234375 0.091549 0.012277
8 0.353873 0.234375 0.031690 0.022321
7 0.186620 0.263393 0.029930 0.012277
8 0.154930 0.263393 0.044014 0.034598
7 0.607394 0.303571 0.091549 0.012277
8 0.767606 0.301339 0.029930 0.021205
8 0.547535 0.303571 0.038732 0.026786
7 0.911972 0.506696 0.066901 0.011161
8 0.862676 0.506696 0.042254 0.026786
7 0.547535 0.549107 0.063380 0.013393
8 0.503521 0.549107 0.031690 0.022321
8 0.038732 0.564732 0.044014 0.034598
12 0.524648 0.580357 0.035211 0.025670
7 0.202465 0.618304 0.035211 0.012277
8 0.172535 0.618304 0.031690 0.022321
8 0.955986 0.625000 0.031690 0.022321
9 0.890845 0.640625 0.052817 0.036830
9 0.524648 0.669643 0.036972 0.025670
9 0.197183 0.732143 0.065141 0.050223
8 0.186620 0.768973 0.028169 0.020089
7 0.501761 0.774554 0.063380 0.013393
8 0.461268 0.774554 0.029930 0.021205
7 0.978873 0.780134 0.042254 0.013393
8 0.943662 0.779018 0.036972 0.023438
5 0.799296 0.785714 0.153169 0.024554
5 0.200704 0.786830 0.147887 0.024554
8 0.760563 0.848214 0.029930 0.021205
9 0.186620 0.926339 0.061620 0.042411
