50 0.242958 0.070312 0.392606 0.140625
44 0.755282 0.077009 0.147887 0.154018
0 0.500000 0.123884 0.197183 0.156250
85 0.677817 0.161830 0.105634 0.107143
110 0.515845 0.216518 0.119718 0.075893
3 0.200704 0.216518 0.218310 0.138393
3 0.797535 0.210938 0.165493 0.149554
62 0.646127 0.268973 0.098592 0.073661
71 0.417254 0.304688 0.070423 0.075893
134 0.258803 0.350446 0.197183 0.133929
37 0.746479 0.389509 0.089789 0.066964
58 0.248239 0.429688 0.109155 0.080357
123 0.853873 0.537946 0.242958 0.107143
97 0.262324 0.553571 0.098592 0.078125
51 0.904930 0.568080 0.190141 0.091518
134 0.355634 0.564732 0.190141 0.140625
42 0.211268 0.612723 0.082746 0.064732
77 0.302817 0.599330 0.160211 0.129464
71 0.848592 0.650670 0.073944 0.098214
40 0.241197 0.656250 0.133803 0.089286
145 0.598592 0.745536 0.147887 0.078125
40 0.251761 0.877232 0.126761 0.082589
0 0.500000 0.852679 0.172535 0.137277
79 0.931338 0.353795 0.137324 0.125000
57 0.647887 0.462054 0.607394 0.309152
129 0.304577 0.725446 0.186620 0.103795
24 0.531690 0.792411 0.066901 0.031250
36 0.838028 0.793527 0.322183 0.272321
7 0.781690 0.004464 0.066901 0.008929
8 0.732394 0.013393 0.040493 0.026786
4 0.809859 0.093750 0.126761 0.015625
4 0.211268 0.104911 0.126761 0.015625
8 0.677817 0.103795 0.028169 0.022321
5 0.797535 0.118304 0.147887 0.029018
5 0.200704 0.131696 0.153169 0.030134
7 0.538732 0.174107 0.061620 0.012277
8 0.492958 0.172991 0.040493 0.026786
8 0.621479 0.228795 0.038732 0.026786
9 0.677817 0.239955 0.066901 0.051339
12 0.646127 0.261161 0.024648 0.018973
8 0.260563 0.267857 0.036972 0.029018
7 0.980634 0.292411 0.038732 0.012277
8 0.945423 0.292411 0.038732 0.026786
9 0.646127 0.341518 0.056338 0.039062
8 0.250000 0.373884 0.033451 0.022321
8 0.355634 0.479911 0.040493 0.026786
8 0.855634 0.486607 0.026408 0.021205
7 0.285211 0.511161 0.061620 0.012277
8 0.235915 0.511161 0.042254 0.026786
8 0.913732 0.521205 0.028169 0.020089
8 0.302817 0.529018 0.035211 0.022321
8 0.209507 0.572545 0.028169 0.022321
8 0.848592 0.584821 0.033451 0.022321
12 0.209507 0.592634 0.035211 0.022321
8 0.241197 0.600446 0.031690 0.022321
8 0.598592 0.691964 0.033451 0.022321
12 0.598592 0.743304 0.045775 0.023438
8 0.531690 0.776786 0.031690 0.022321
9 0.598592 0.814732 0.044014 0.032366
7 0.257042 0.832589 0.033451 0.012277
8 0.228873 0.832589 0.029930 0.021205
