56 0.797535 0.580357 0.334507 0.166295
100 0.369718 0.094866 0.147887 0.091518
22 0.197183 0.120536 0.084507 0.058036
0 0.500000 0.123884 0.197183 0.156250
133 0.290493 0.167411 0.140845 0.104911
1 0.797535 0.231027 0.161972 0.109375
128 0.742958 0.302455 0.218310 0.125000
70 0.621479 0.366071 0.109155 0.053571
114 0.459507 0.373884 0.158451 0.087054
102 0.271127 0.526786 0.123239 0.122768
71 0.617958 0.613839 0.070423 0.071429
105 0.507042 0.668527 0.179577 0.109375
40 0.429577 0.743304 0.126761 0.082589
1 0.200704 0.750000 0.181338 0.131696
2 0.797535 0.743304 0.176056 0.145089
0 0.500000 0.852679 0.225352 0.139509
54 0.362676 0.239955 0.161972 0.082589
116 0.836268 0.879464 0.098592 0.069196
6 0.500000 0.022321 0.250000 0.044643
7 0.404930 0.046875 0.096831 0.014509
8 0.338028 0.046875 0.042254 0.026786
12 0.369718 0.071429 0.035211 0.030134
8 0.197183 0.082589 0.042254 0.026786
8 0.292254 0.100446 0.036972 0.023438
5 0.799296 0.162946 0.156690 0.031250
8 0.742958 0.237723 0.035211 0.022321
7 0.477113 0.332589 0.063380 0.012277
8 0.427817 0.332589 0.042254 0.026786
12 0.623239 0.337054 0.026408 0.023438
12 0.461268 0.368304 0.036972 0.031250
9 0.621479 0.421875 0.035211 0.026786
7 0.295775 0.467634 0.061620 0.013393
8 0.257042 0.466518 0.026408 0.021205
8 0.617958 0.575893 0.031690 0.022321
8 0.507042 0.607143 0.026408 0.021205
12 0.507042 0.658482 0.033451 0.025670
9 0.619718 0.678571 0.051056 0.036830
8 0.429577 0.690848 0.035211 0.022321
5 0.799296 0.765625 0.142606 0.023438
5 0.200704 0.765625 0.154930 0.024554
6 0.500000 0.930804 0.253521 0.046875
