86 0.732394 0.337054 0.332746 0.166295
56 0.841549 0.582589 0.316901 0.166295
126 0.630282 0.107143 0.151408 0.109375
0 0.500000 0.125000 0.186620 0.154018
102 0.566901 0.172991 0.221831 0.082589
3 0.200704 0.216518 0.218310 0.138393
2 0.799296 0.219866 0.177817 0.131696
29 0.489437 0.274554 0.140845 0.066964
42 0.573944 0.328125 0.079225 0.055804
62 0.207746 0.497768 0.102113 0.075893
144 0.859155 0.516741 0.091549 0.080357
23 0.202465 0.604911 0.059859 0.062500
76 0.313380 0.741071 0.119718 0.133929
2 0.200704 0.731027 0.179577 0.169643
3 0.797535 0.748884 0.169014 0.133929
42 0.144366 0.811384 0.084507 0.055804
0 0.500000 0.852679 0.225352 0.139509
6 0.500000 0.029018 0.235915 0.037946
7 0.651408 0.055804 0.065141 0.013393
8 0.603873 0.055804 0.031690 0.022321
4 0.211268 0.104911 0.123239 0.015625
5 0.200704 0.129464 0.142606 0.027902
7 0.605634 0.136161 0.096831 0.014509
8 0.540493 0.136161 0.038732 0.026786
5 0.799296 0.138393 0.149648 0.030134
8 0.489437 0.233259 0.028169 0.020089
7 0.588028 0.299107 0.061620 0.014509
8 0.542253 0.299107 0.036972 0.029018
7 0.227113 0.457589 0.059859 0.012277
8 0.190141 0.457589 0.026408 0.021205
8 0.859155 0.477679 0.031690 0.022321
8 0.202465 0.574777 0.031690 0.022321
8 0.313380 0.662946 0.038732 0.026786
5 0.799296 0.765625 0.142606 0.026786
5 0.200704 0.772321 0.161972 0.027902
8 0.119718 0.787946 0.036972 0.029018
12 0.144366 0.787946 0.047535 0.039062
4 0.806338 0.821429 0.126761 0.015625
