31 0.147887 0.071429 0.096831 0.060268
99 0.686620 0.099330 0.059859 0.064732
139 0.764085 0.108259 0.130282 0.069196
140 0.683099 0.162946 0.095070 0.062500
0 0.500000 0.123884 0.197183 0.156250
136 0.632042 0.176339 0.123239 0.095982
113 0.471831 0.207589 0.123239 0.075893
111 0.195423 0.275670 0.158451 0.122768
64 0.269366 0.303571 0.109155 0.075893
99 0.468310 0.527902 0.059859 0.064732
122 0.591549 0.540179 0.204225 0.100446
80 0.586268 0.585938 0.098592 0.078125
71 0.635563 0.674107 0.112676 0.073661
72 0.276408 0.674107 0.137324 0.098214
42 0.677817 0.718750 0.073944 0.064732
142 0.644366 0.723214 0.084507 0.069196
2 0.200704 0.731027 0.179577 0.169643
2 0.797535 0.743304 0.176056 0.145089
0 0.500000 0.845982 0.221831 0.151786
44 0.526408 0.883929 0.137324 0.133929
24 0.093310 0.380580 0.059859 0.033482
65 0.734155 0.537946 0.116197 0.051339
6 0.500000 0.022321 0.221831 0.044643
12 0.147887 0.044643 0.040493 0.034598
8 0.764085 0.058036 0.029930 0.021205
7 0.693662 0.069196 0.029930 0.012277
8 0.660211 0.070312 0.042254 0.026786
8 0.683099 0.120536 0.031690 0.022321
7 0.633803 0.126116 0.033451 0.013393
8 0.607394 0.126116 0.028169 0.022321
12 0.683099 0.132812 0.029930 0.029018
7 0.496479 0.167411 0.063380 0.013393
8 0.450704 0.167411 0.036972 0.029018
9 0.686620 0.169643 0.052817 0.036830
12 0.471831 0.184152 0.035211 0.029018
8 0.197183 0.198661 0.040493 0.026786
8 0.271127 0.253348 0.040493 0.026786
9 0.471831 0.272321 0.052817 0.039062
7 0.098592 0.366071 0.033451 0.012277
8 0.070423 0.366071 0.033451 0.022321
9 0.197183 0.375000 0.044014 0.032366
8 0.591549 0.483259 0.035211 0.022321
8 0.468310 0.479911 0.044014 0.034598
8 0.735915 0.502232 0.044014 0.034598
8 0.588028 0.540179 0.036972 0.023438
8 0.278169 0.620536 0.033451 0.022321
8 0.637324 0.622768 0.029930 0.021205
9 0.591549 0.614955 0.073944 0.049107
7 0.697183 0.687500 0.063380 0.012277
8 0.647887 0.687500 0.040493 0.025670
8 0.619718 0.691964 0.029930 0.021205
12 0.677817 0.709821 0.028169 0.022321
9 0.637324 0.741071 0.051056 0.037946
9 0.278169 0.750000 0.051056 0.037946
5 0.799296 0.779018 0.160211 0.025670
5 0.200704 0.777902 0.147887 0.026786
9 0.679577 0.776786 0.058099 0.037946
9 0.644366 0.786830 0.036972 0.026786
8 0.528169 0.801339 0.040493 0.026786
6 0.500000 0.929688 0.253521 0.046875
