0 0.500000 0.118304 0.214789 0.167411
18 0.480634 0.199777 0.052817 0.040179
30 0.304577 0.200893 0.112676 0.051339
75 0.042254 0.179688 0.084507 0.127232
3 0.200704 0.222098 0.154930 0.127232
3 0.797535 0.222098 0.154930 0.127232
46 0.575704 0.277902 0.137324 0.069196
75 0.147887 0.320312 0.084507 0.127232
144 0.637324 0.363839 0.105634 0.073661
34 0.563380 0.402902 0.176056 0.040179
127 0.852113 0.406250 0.137324 0.091518
67 0.146127 0.425223 0.112676 0.078125
80 0.100352 0.422991 0.130282 0.095982
146 0.755282 0.562500 0.109155 0.100446
145 0.690141 0.585938 0.095070 0.055804
15 0.906690 0.712054 0.042254 0.033482
93 0.584507 0.729911 0.070423 0.049107
28 0.058099 0.747768 0.116197 0.071429
3 0.200704 0.755580 0.137324 0.120536
2 0.797535 0.731027 0.179577 0.169643
105 0.375000 0.779018 0.165493 0.102679
0 0.500000 0.842634 0.239437 0.158482
41 0.529930 0.087054 0.133803 0.125000
65 0.080986 0.300223 0.137324 0.071429
41 0.575704 0.445312 0.109155 0.062500
91 0.904930 0.483259 0.144366 0.104911
26 0.119718 0.851562 0.239437 0.136161
8 0.529930 0.015625 0.038732 0.026786
7 0.051056 0.114955 0.063380 0.013393
4 0.211268 0.116071 0.126761 0.015625
4 0.809859 0.116071 0.126761 0.015625
8 0.014085 0.114955 0.028169 0.022321
5 0.797535 0.140625 0.137324 0.027902
5 0.200704 0.143973 0.149648 0.031250
7 0.323944 0.169643 0.061620 0.013393
8 0.276408 0.169643 0.042254 0.026786
8 0.482394 0.174107 0.036972 0.023438
12 0.304577 0.183036 0.028169 0.026786
8 0.577465 0.229911 0.029930 0.021205
7 0.169014 0.257812 0.059859 0.011161
8 0.080986 0.253348 0.040493 0.026786
8 0.128521 0.257812 0.028169 0.022321
9 0.304577 0.267857 0.035211 0.024554
8 0.637324 0.322545 0.031690 0.022321
8 0.852113 0.353795 0.031690 0.022321
8 0.147887 0.372768 0.026408 0.021205
8 0.563380 0.375000 0.028169 0.022321
7 0.600352 0.416295 0.063380 0.013393
8 0.556338 0.417411 0.036972 0.023438
12 0.146127 0.418527 0.035211 0.022321
7 0.929577 0.430804 0.065141 0.012277
8 0.883803 0.430804 0.036972 0.023438
9 0.563380 0.452009 0.054577 0.037946
8 0.757042 0.493304 0.044014 0.034598
12 0.906690 0.679688 0.052817 0.040179
8 0.883803 0.691964 0.028169 0.020089
8 0.584507 0.689732 0.044014 0.034598
12 0.584507 0.696429 0.035211 0.023438
8 0.019366 0.697545 0.028169 0.020089
8 0.376761 0.725446 0.033451 0.021205
5 0.200704 0.767857 0.144366 0.023438
9 0.908451 0.765625 0.047535 0.034598
5 0.799296 0.774554 0.135563 0.023438
4 0.211268 0.811384 0.123239 0.015625
