87 0.628521 0.206473 0.394366 0.198661
0 0.500000 0.118304 0.214789 0.167411
81 0.566901 0.720982 0.154930 0.082589
105 0.626761 0.708705 0.133803 0.156250
3 0.200704 0.748884 0.183099 0.133929
1 0.799296 0.750000 0.170775 0.130580
0 0.500000 0.847098 0.200704 0.149554
57 0.274648 0.118304 0.549296 0.236607
48 0.626761 0.904018 0.169014 0.073661
6 0.500000 0.018973 0.235915 0.037946
7 0.642606 0.635045 0.063380 0.013393
8 0.600352 0.635045 0.031690 0.022321
8 0.566901 0.672991 0.028169 0.020089
5 0.799296 0.767857 0.160211 0.025670
5 0.200704 0.772321 0.160211 0.025670
4 0.209507 0.812500 0.126761 0.015625
8 0.626761 0.863839 0.035211 0.022321
