146 0.375000 0.054688 0.109155 0.095982
0 0.500000 0.119420 0.204225 0.165179
77 0.422535 0.166295 0.149648 0.136161
120 0.419014 0.235491 0.154930 0.095982
2 0.200704 0.219866 0.183099 0.131696
60 0.403169 0.287946 0.095070 0.060268
146 0.591549 0.289062 0.123239 0.111607
102 0.760563 0.348214 0.218310 0.087054
70 0.151408 0.366071 0.098592 0.062500
63 0.095070 0.383929 0.091549 0.062500
19 0.589789 0.388393 0.073944 0.060268
77 0.211268 0.400670 0.160211 0.129464
22 0.255282 0.539062 0.084507 0.058036
55 0.904930 0.561384 0.080986 0.062500
29 0.572183 0.581473 0.140845 0.060268
142 0.059859 0.629464 0.096831 0.073661
32 0.359155 0.652902 0.084507 0.073661
32 0.181338 0.709821 0.084507 0.049107
2 0.797535 0.739955 0.169014 0.151786
136 0.089789 0.793527 0.116197 0.087054
0 0.500000 0.843750 0.183099 0.156250
124 0.637324 0.926339 0.086268 0.047991
24 0.533451 0.106027 0.042254 0.029018
69 0.035211 0.449777 0.070423 0.100446
91 0.195423 0.646205 0.140845 0.100446
26 0.515845 0.768973 0.278169 0.136161
54 0.420775 0.873884 0.151408 0.098214
8 0.376761 0.011161 0.029930 0.021205
6 0.500000 0.021205 0.250000 0.042411
7 0.566901 0.088170 0.091549 0.013393
8 0.505282 0.088170 0.038732 0.026786
7 0.443662 0.100446 0.061620 0.012277
8 0.397887 0.100446 0.036972 0.023438
9 0.376761 0.135045 0.040493 0.029018
5 0.200704 0.140625 0.140845 0.034598
7 0.454225 0.185268 0.093310 0.013393
8 0.390845 0.185268 0.040493 0.026786
7 0.616197 0.236607 0.061620 0.013393
8 0.570423 0.236607 0.040493 0.026786
12 0.404930 0.261161 0.061620 0.039062
7 0.154930 0.332589 0.033451 0.012277
8 0.123239 0.332589 0.036972 0.029018
8 0.211268 0.338170 0.033451 0.022321
7 0.126761 0.354911 0.091549 0.012277
7 0.623239 0.357143 0.095070 0.012277
9 0.403169 0.343750 0.056338 0.041295
8 0.563380 0.357143 0.036972 0.023438
8 0.063380 0.354911 0.042254 0.026786
12 0.211268 0.392857 0.052817 0.042411
8 0.257042 0.508929 0.026408 0.021205
7 0.940141 0.533482 0.093310 0.013393
12 0.904930 0.521205 0.051056 0.042411
8 0.883803 0.533482 0.026408 0.021205
7 0.609155 0.551339 0.089789 0.012277
8 0.552817 0.550223 0.031690 0.022321
12 0.572183 0.546875 0.035211 0.030134
8 0.195423 0.587054 0.042254 0.026786
7 0.077465 0.597098 0.063380 0.013393
8 0.359155 0.597098 0.042254 0.026786
8 0.028169 0.598214 0.044014 0.034598
9 0.255282 0.600446 0.038732 0.029018
12 0.059859 0.621652 0.021127 0.017857
9 0.904930 0.612723 0.059859 0.044643
8 0.183099 0.674107 0.029930 0.021205
9 0.059859 0.691964 0.065141 0.047991
7 0.116197 0.747768 0.061620 0.013393
8 0.070423 0.747768 0.036972 0.023438
5 0.799296 0.763393 0.142606 0.023438
7 0.651408 0.900670 0.061620 0.013393
8 0.605634 0.899554 0.035211 0.023438
9 0.637324 0.976562 0.054577 0.040179
