0 0.500000 0.117188 0.211268 0.169643
1 0.200704 0.227679 0.151408 0.116071
2 0.797535 0.218750 0.179577 0.133929
18 0.640845 0.290179 0.052817 0.031250
124 0.801056 0.332589 0.063380 0.052455
140 0.820423 0.443080 0.086268 0.069196
16 0.869718 0.539062 0.045775 0.040179
99 0.404930 0.638393 0.056338 0.058036
63 0.741197 0.639509 0.091549 0.064732
108 0.040493 0.727679 0.066901 0.051339
3 0.200704 0.743304 0.183099 0.145089
105 0.246479 0.845982 0.183099 0.102679
0 0.500000 0.841518 0.221831 0.160714
69 0.191901 0.113839 0.070423 0.053571
26 0.309859 0.267857 0.278169 0.137277
5 0.799296 0.135045 0.135563 0.033482
5 0.200704 0.151786 0.146127 0.030134
12 0.640845 0.251116 0.044014 0.031250
8 0.640845 0.267857 0.036972 0.029018
8 0.802817 0.290179 0.040493 0.025670
8 0.820423 0.397321 0.033451 0.022321
8 0.869718 0.508929 0.033451 0.022321
7 0.422535 0.609375 0.063380 0.013393
8 0.741197 0.603795 0.042254 0.026786
8 0.376761 0.609375 0.036972 0.029018
8 0.042254 0.696429 0.044014 0.034598
5 0.200704 0.765625 0.144366 0.024554
7 0.278169 0.794643 0.091549 0.014509
8 0.218310 0.794643 0.040493 0.025670
4 0.209507 0.820312 0.126761 0.015625
12 0.246479 0.823661 0.054577 0.036830
9 0.246479 0.924107 0.056338 0.042411
6 0.500000 0.926339 0.260563 0.046875
