0 0.500000 0.113839 0.228873 0.176339
1 0.200704 0.218750 0.221831 0.132812
2 0.799296 0.216518 0.188380 0.138393
59 0.468310 0.310268 0.107394 0.052455
109 0.160211 0.334821 0.056338 0.064732
37 0.788732 0.640625 0.107394 0.069196
123 0.103873 0.679688 0.207746 0.100446
104 0.698944 0.728795 0.056338 0.053571
81 0.922535 0.716518 0.154930 0.082589
3 0.200704 0.739955 0.193662 0.151786
3 0.797535 0.755580 0.137324 0.120536
0 0.500000 0.850446 0.214789 0.142857
118 0.461268 0.899554 0.077465 0.091518
129 0.130282 0.516741 0.260563 0.151786
6 0.500000 0.021205 0.250000 0.042411
5 0.797535 0.131696 0.151408 0.030134
5 0.200704 0.138393 0.154930 0.032366
8 0.161972 0.293527 0.036972 0.029018
12 0.161972 0.320312 0.040493 0.026786
9 0.161972 0.397321 0.058099 0.042411
8 0.786972 0.603795 0.028169 0.022321
8 0.091549 0.618304 0.036972 0.023438
7 0.971831 0.674107 0.054577 0.011161
8 0.933099 0.674107 0.036972 0.029018
7 0.721831 0.699777 0.061620 0.013393
8 0.676056 0.699777 0.035211 0.022321
9 0.788732 0.709821 0.054577 0.039062
5 0.799296 0.779018 0.149648 0.024554
5 0.200704 0.783482 0.160211 0.025670
4 0.806338 0.810268 0.126761 0.015625
4 0.211268 0.822545 0.112676 0.013393
7 0.464789 0.859375 0.033451 0.012277
8 0.433099 0.858259 0.036972 0.029018
6 0.500000 0.929688 0.253521 0.046875
9 0.461268 0.973214 0.056338 0.040179
