86 0.116197 0.524554 0.230634 0.168527
0 0.500000 0.123884 0.190141 0.156250
2 0.200704 0.219866 0.183099 0.131696
89 0.302817 0.257812 0.105634 0.102679
51 0.461268 0.264509 0.172535 0.095982
53 0.471831 0.315848 0.070423 0.031250
128 0.850352 0.273438 0.250000 0.127232
133 0.211268 0.314732 0.151408 0.084821
37 0.619718 0.386161 0.126761 0.061384
19 0.466549 0.391741 0.073944 0.060268
115 0.158451 0.540179 0.116197 0.087054
44 0.102113 0.625000 0.144366 0.104911
66 0.586268 0.685268 0.112676 0.073661
95 0.063380 0.768973 0.126761 0.080357
1 0.200704 0.742188 0.184859 0.147321
3 0.797535 0.755580 0.137324 0.120536
146 0.311620 0.790179 0.130282 0.098214
0 0.500000 0.847098 0.200704 0.149554
94 0.484155 0.184152 0.197183 0.089286
39 0.589789 0.316964 0.073944 0.044643
92 0.235915 0.354911 0.204225 0.080357
8 0.484155 0.141741 0.035211 0.022321
5 0.200704 0.138393 0.156690 0.031250
8 0.852113 0.210938 0.033451 0.022321
8 0.461268 0.216518 0.033451 0.022321
7 0.228873 0.267857 0.061620 0.013393
8 0.188380 0.267857 0.028169 0.022321
8 0.589789 0.286830 0.042254 0.026786
7 0.496479 0.304688 0.065141 0.013393
8 0.450704 0.303571 0.036972 0.023438
7 0.253521 0.315848 0.063380 0.013393
8 0.211268 0.315848 0.031690 0.022321
7 0.489437 0.360491 0.065141 0.013393
8 0.443662 0.361607 0.036972 0.023438
8 0.158451 0.489955 0.038732 0.026786
8 0.102113 0.566964 0.035211 0.022321
8 0.588028 0.649554 0.036972 0.023438
9 0.102113 0.709821 0.049296 0.035714
7 0.091549 0.732143 0.093310 0.012277
7 0.336268 0.736607 0.059859 0.012277
8 0.031690 0.732143 0.036972 0.029018
8 0.288732 0.735491 0.042254 0.026786
5 0.200704 0.770089 0.158451 0.026786
5 0.797535 0.771205 0.144366 0.024554
12 0.313380 0.789062 0.068662 0.035714
4 0.804577 0.818080 0.126761 0.015625
9 0.313380 0.864955 0.054577 0.040179
