33 0.260563 0.424107 0.051056 0.043527
31 0.315141 0.084821 0.095070 0.059152
89 0.612676 0.123884 0.105634 0.104911
126 0.084507 0.393973 0.151408 0.109375
106 0.806338 0.428571 0.165493 0.100446
81 0.728873 0.537946 0.154930 0.093750
80 0.262324 0.581473 0.105634 0.078125
100 0.512324 0.590402 0.151408 0.089286
15 0.139085 0.620536 0.052817 0.037946
124 0.367958 0.661830 0.102113 0.066964
32 0.408451 0.681920 0.088028 0.062500
110 0.235915 0.677455 0.080986 0.098214
2 0.797535 0.731027 0.179577 0.169643
93 0.853873 0.839286 0.070423 0.049107
62 0.179577 0.856027 0.091549 0.075893
0 0.500000 0.847098 0.190141 0.149554
105 0.429577 0.902902 0.183099 0.111607
92 0.514085 0.234375 0.204225 0.084821
79 0.367958 0.254464 0.158451 0.095982
129 0.901408 0.287946 0.181338 0.152902
116 0.434859 0.715402 0.102113 0.069196
8 0.316901 0.053571 0.029930 0.021205
7 0.640845 0.075893 0.089789 0.014509
8 0.586268 0.075893 0.028169 0.020089
12 0.612676 0.128348 0.065141 0.033482
7 0.538732 0.187500 0.065141 0.012277
8 0.491197 0.188616 0.031690 0.022321
7 0.390845 0.205357 0.065141 0.012277
8 0.348592 0.205357 0.029930 0.021205
9 0.612676 0.205357 0.044014 0.031250
7 0.109155 0.333705 0.061620 0.013393
8 0.066901 0.333705 0.031690 0.022321
8 0.806338 0.360491 0.040493 0.026786
7 0.750000 0.485491 0.056338 0.011161
8 0.711268 0.485491 0.033451 0.022321
7 0.528169 0.547991 0.063380 0.013393
8 0.482394 0.546875 0.036972 0.023438
12 0.514085 0.570312 0.033451 0.026786
12 0.140845 0.564732 0.054577 0.045759
8 0.139085 0.598214 0.031690 0.022321
8 0.369718 0.622768 0.036972 0.023438
8 0.235915 0.622768 0.036972 0.029018
7 0.447183 0.647321 0.089789 0.012277
12 0.367958 0.640625 0.038732 0.034598
8 0.390845 0.648438 0.028169 0.022321
12 0.408451 0.658482 0.024648 0.021205
9 0.369718 0.723214 0.061620 0.043527
9 0.408451 0.744420 0.052817 0.035714
9 0.235915 0.758929 0.047535 0.035714
5 0.797535 0.784598 0.151408 0.029018
7 0.894366 0.812500 0.095070 0.010045
8 0.179577 0.805804 0.038732 0.026786
8 0.830986 0.813616 0.038732 0.026786
7 0.445423 0.847098 0.063380 0.013393
8 0.404930 0.848214 0.029930 0.021205
