0 0.500000 0.120536 0.188380 0.164062
3 0.200704 0.210938 0.165493 0.149554
35 0.584507 0.282366 0.066901 0.051339
75 0.642606 0.262277 0.084507 0.091518
111 0.198944 0.497768 0.151408 0.131696
49 0.901408 0.556920 0.102113 0.069196
67 0.795775 0.582589 0.112676 0.078125
106 0.646127 0.588170 0.179577 0.107143
144 0.556338 0.616071 0.142606 0.072545
53 0.843310 0.678571 0.063380 0.033482
3 0.200704 0.739955 0.193662 0.151786
43 0.647887 0.850446 0.098592 0.069196
0 0.500000 0.852679 0.172535 0.137277
113 0.628521 0.908482 0.095070 0.082589
91 0.329225 0.590402 0.140845 0.093750
6 0.500000 0.022321 0.221831 0.044643
4 0.211268 0.093750 0.126761 0.015625
5 0.200704 0.121652 0.158451 0.031250
8 0.644366 0.212054 0.040493 0.026786
8 0.584507 0.243304 0.028169 0.022321
9 0.642606 0.328125 0.070423 0.047991
8 0.198944 0.419643 0.028169 0.022321
8 0.901408 0.521205 0.036972 0.029018
8 0.795775 0.531250 0.044014 0.034598
7 0.350352 0.547991 0.063380 0.011161
8 0.304577 0.547991 0.038732 0.026786
12 0.795775 0.564732 0.035211 0.027902
7 0.579225 0.574777 0.063380 0.011161
8 0.535211 0.574777 0.033451 0.022321
8 0.843310 0.654018 0.035211 0.022321
9 0.795775 0.656250 0.038732 0.026786
5 0.200704 0.766741 0.156690 0.026786
8 0.647887 0.799107 0.044014 0.034598
4 0.205986 0.813616 0.126761 0.015625
7 0.654930 0.862723 0.061620 0.013393
8 0.612676 0.861607 0.029930 0.021205
6 0.500000 0.927455 0.253521 0.046875
