130 0.570423 0.053571 0.144366 0.107143
0 0.500000 0.123884 0.197183 0.156250
1 0.200704 0.223214 0.151408 0.123884
2 0.797535 0.219866 0.183099 0.131696
149 0.353873 0.300223 0.112676 0.060268
21 0.742958 0.396205 0.070423 0.042411
29 0.512324 0.388393 0.140845 0.066964
90 0.843310 0.424107 0.095070 0.058036
109 0.258803 0.553571 0.056338 0.060268
106 0.339789 0.562500 0.165493 0.100446
133 0.702465 0.716518 0.130282 0.113839
2 0.200704 0.748884 0.151408 0.133929
3 0.797535 0.755580 0.137324 0.120536
0 0.500000 0.842634 0.246479 0.158482
84 0.804577 0.246652 0.140845 0.075893
39 0.147887 0.393973 0.073944 0.051339
8 0.556338 0.011161 0.029930 0.021205
5 0.797535 0.138393 0.161972 0.032366
5 0.200704 0.147321 0.149648 0.030134
7 0.808099 0.207589 0.035211 0.013393
8 0.781690 0.207589 0.028169 0.022321
8 0.353873 0.253348 0.031690 0.022321
9 0.804577 0.315848 0.066901 0.049107
7 0.531690 0.359375 0.061620 0.014509
8 0.487676 0.358259 0.031690 0.022321
8 0.147887 0.368304 0.031690 0.022321
8 0.742958 0.372768 0.028169 0.022321
8 0.845070 0.392857 0.036972 0.023438
9 0.742958 0.444196 0.056338 0.043527
8 0.339789 0.496652 0.042254 0.026786
8 0.258803 0.523438 0.035211 0.022321
9 0.258803 0.618304 0.059859 0.043527
8 0.704225 0.647321 0.044014 0.034598
5 0.200704 0.777902 0.160211 0.022321
5 0.799296 0.783482 0.156690 0.025670
4 0.804577 0.810268 0.112676 0.014509
6 0.500000 0.939732 0.250000 0.045759
