33 0.676056 0.783482 0.080986 0.059152
82 0.077465 0.127232 0.154930 0.122768
0 0.500000 0.126116 0.190141 0.151786
1 0.200704 0.227679 0.158451 0.116071
3 0.797535 0.220982 0.144366 0.129464
117 0.794014 0.268973 0.119718 0.078125
28 0.584507 0.274554 0.112676 0.073661
118 0.466549 0.319196 0.105634 0.084821
105 0.357394 0.304688 0.119718 0.113839
70 0.767606 0.348214 0.102113 0.075893
37 0.253521 0.416295 0.112676 0.062500
131 0.188380 0.428571 0.172535 0.091518
70 0.591549 0.569196 0.063380 0.060268
141 0.455986 0.588170 0.151408 0.102679
144 0.535211 0.630580 0.105634 0.073661
136 0.859155 0.655134 0.151408 0.095982
23 0.735915 0.702009 0.063380 0.060268
2 0.200704 0.739955 0.169014 0.151786
47 0.640845 0.844866 0.123239 0.095982
72 0.848592 0.849330 0.137324 0.098214
0 0.500000 0.838170 0.197183 0.167411
138 0.084507 0.872768 0.154930 0.109375
122 0.471831 0.892857 0.193662 0.104911
69 0.123239 0.694196 0.246479 0.133929
7 0.070423 0.070312 0.065141 0.013393
8 0.028169 0.069196 0.026408 0.021205
4 0.809859 0.113839 0.126761 0.015625
5 0.799296 0.142857 0.142606 0.035714
5 0.200704 0.150670 0.146127 0.029018
7 0.820423 0.228795 0.066901 0.013393
8 0.771127 0.229911 0.044014 0.034598
7 0.602113 0.242188 0.065141 0.013393
8 0.558099 0.242188 0.031690 0.022321
8 0.359155 0.245536 0.033451 0.021205
12 0.795775 0.241071 0.054577 0.040179
8 0.468310 0.265625 0.044014 0.034598
12 0.359155 0.299107 0.029930 0.020089
8 0.767606 0.303571 0.038732 0.026786
9 0.584507 0.330357 0.065141 0.047991
8 0.188380 0.376116 0.028169 0.022321
8 0.591549 0.524554 0.029930 0.021205
7 0.478873 0.532366 0.063380 0.011161
8 0.429577 0.531250 0.044014 0.034598
8 0.535211 0.580357 0.029930 0.021205
12 0.457746 0.584821 0.040493 0.036830
7 0.880282 0.606027 0.065141 0.013393
8 0.838028 0.606027 0.028169 0.020089
12 0.859155 0.636161 0.051056 0.031250
7 0.757042 0.667411 0.065141 0.012277
8 0.705986 0.667411 0.042254 0.026786
9 0.457746 0.671875 0.058099 0.042411
5 0.200704 0.765625 0.156690 0.025670
7 0.658451 0.793527 0.063380 0.013393
8 0.848592 0.796875 0.026408 0.021205
8 0.609155 0.794643 0.044014 0.034598
7 0.507042 0.837054 0.091549 0.012277
8 0.450704 0.837054 0.033451 0.021205
12 0.471831 0.881696 0.044014 0.035714
9 0.471831 0.982143 0.035211 0.025670
