56 0.255282 0.582589 0.334507 0.166295
0 0.500000 0.118304 0.218310 0.167411
59 0.635563 0.234375 0.066901 0.055804
3 0.200704 0.219866 0.154930 0.131696
2 0.797535 0.219866 0.214789 0.131696
89 0.825704 0.257812 0.116197 0.109375
44 0.260563 0.473214 0.176056 0.180804
46 0.795775 0.554688 0.144366 0.071429
97 0.477113 0.594866 0.105634 0.082589
72 0.154930 0.685268 0.137324 0.095982
31 0.535211 0.734375 0.096831 0.072545
52 0.461268 0.760045 0.109155 0.051339
3 0.200704 0.743304 0.183099 0.145089
2 0.797535 0.743304 0.176056 0.145089
62 0.816901 0.787946 0.154930 0.089286
0 0.500000 0.845982 0.214789 0.152902
129 0.204225 0.127232 0.346831 0.179688
27 0.897887 0.435268 0.170775 0.106027
26 0.582747 0.632812 0.278169 0.136161
4 0.211268 0.111607 0.126761 0.015625
5 0.797535 0.136161 0.147887 0.029018
5 0.200704 0.138393 0.147887 0.030134
8 0.825704 0.196429 0.028169 0.020089
7 0.264085 0.381696 0.033451 0.012277
8 0.239437 0.381696 0.026408 0.021205
8 0.795775 0.504464 0.036972 0.023438
8 0.478873 0.543527 0.040493 0.026786
7 0.158451 0.636161 0.033451 0.012277
8 0.126761 0.636161 0.036972 0.029018
8 0.533451 0.695312 0.028169 0.022321
9 0.257042 0.687500 0.054577 0.039062
7 0.498239 0.736607 0.091549 0.012277
7 0.843310 0.738839 0.063380 0.013393
8 0.441901 0.735491 0.028169 0.020089
8 0.794014 0.738839 0.042254 0.026786
5 0.200704 0.761161 0.158451 0.030134
12 0.816901 0.765625 0.052817 0.035714
5 0.799296 0.781250 0.160211 0.025670
4 0.207746 0.813616 0.112676 0.013393
9 0.816901 0.864955 0.047535 0.035714
6 0.500000 0.930804 0.253521 0.046875
