0 0.500000 0.120536 0.197183 0.162946
28 0.473592 0.216518 0.133803 0.062500
2 0.799296 0.219866 0.177817 0.131696
120 0.853873 0.293527 0.140845 0.087054
85 0.404930 0.341518 0.105634 0.107143
66 0.052817 0.378348 0.105634 0.071429
53 0.415493 0.534598 0.063380 0.033482
37 0.200704 0.541295 0.109155 0.055804
43 0.748239 0.568080 0.098592 0.084821
103 0.084507 0.571429 0.169014 0.084821
117 0.633803 0.601562 0.119718 0.078125
107 0.839789 0.635045 0.137324 0.142857
2 0.200704 0.739955 0.197183 0.151786
2 0.797535 0.743304 0.176056 0.145089
54 0.588028 0.194196 0.147887 0.093750
57 0.695423 0.183036 0.609155 0.309152
79 0.632042 0.397321 0.116197 0.100446
54 0.461268 0.581473 0.144366 0.080357
6 0.500000 0.022321 0.250000 0.044643
5 0.797535 0.138393 0.140845 0.027902
7 0.514085 0.189732 0.093310 0.012277
8 0.454225 0.188616 0.036972 0.029018
8 0.853873 0.235491 0.035211 0.022321
12 0.855634 0.279018 0.040493 0.034598
7 0.042254 0.338170 0.035211 0.011161
8 0.632042 0.335938 0.035211 0.022321
8 0.014085 0.338170 0.028169 0.020089
12 0.038732 0.357143 0.036972 0.032366
12 0.632042 0.380580 0.056338 0.033482
9 0.038732 0.433036 0.063380 0.046875
8 0.750000 0.506696 0.036972 0.029018
7 0.436620 0.515625 0.065141 0.013393
8 0.387324 0.515625 0.044014 0.034598
7 0.059859 0.533482 0.033451 0.012277
8 0.031690 0.533482 0.028169 0.020089
7 0.878521 0.561384 0.091549 0.013393
8 0.822183 0.561384 0.028169 0.020089
8 0.633803 0.559152 0.036972 0.029018
5 0.799296 0.771205 0.142606 0.024554
5 0.200704 0.783482 0.149648 0.024554
