56 0.091549 0.569196 0.183099 0.166295
143 0.846831 0.151786 0.088028 0.042411
134 0.742958 0.112723 0.183099 0.165179
2 0.200704 0.219866 0.177817 0.131696
122 0.739437 0.258929 0.204225 0.100446
126 0.626761 0.258929 0.151408 0.109375
28 0.142606 0.440848 0.133803 0.062500
130 0.112676 0.414062 0.154930 0.122768
71 0.345070 0.554688 0.073944 0.075893
89 0.408451 0.554688 0.116197 0.109375
130 0.242958 0.546875 0.140845 0.125000
62 0.748239 0.583705 0.098592 0.073661
88 0.864437 0.606027 0.098592 0.091518
51 0.169014 0.640625 0.197183 0.073661
28 0.146127 0.677455 0.140845 0.082589
60 0.369718 0.746652 0.109155 0.058036
133 0.688380 0.743304 0.137324 0.116071
3 0.200704 0.748884 0.183099 0.133929
1 0.797535 0.761161 0.161972 0.109375
0 0.500000 0.844866 0.202465 0.154018
94 0.579225 0.256696 0.169014 0.087054
25 0.350352 0.324777 0.112676 0.033482
7 0.774648 0.033482 0.093310 0.012277
8 0.711268 0.033482 0.042254 0.026786
5 0.200704 0.138393 0.156690 0.032366
7 0.762324 0.204241 0.066901 0.013393
7 0.653169 0.203125 0.063380 0.014509
8 0.580986 0.198661 0.036972 0.023438
8 0.610915 0.203125 0.031690 0.022321
8 0.718310 0.204241 0.033451 0.022321
7 0.376761 0.312500 0.065141 0.012277
8 0.332746 0.312500 0.028169 0.022321
7 0.135563 0.354911 0.063380 0.011161
8 0.093310 0.354911 0.031690 0.022321
8 0.142606 0.410714 0.028169 0.020089
8 0.242958 0.484375 0.028169 0.020089
7 0.422535 0.504464 0.061620 0.012277
8 0.378521 0.503348 0.035211 0.022321
8 0.345070 0.512277 0.038732 0.026786
12 0.345070 0.533482 0.040493 0.022321
7 0.767606 0.541295 0.063380 0.013393
8 0.718310 0.542411 0.044014 0.034598
7 0.880282 0.560268 0.063380 0.013393
8 0.839789 0.560268 0.028169 0.022321
12 0.242958 0.558036 0.049296 0.041295
8 0.169014 0.587054 0.029930 0.021205
8 0.146127 0.620536 0.035211 0.023438
9 0.345070 0.622768 0.065141 0.046875
9 0.242958 0.622768 0.080986 0.059152
8 0.688380 0.671875 0.028169 0.020089
9 0.169014 0.708705 0.054577 0.037946
7 0.376761 0.723214 0.033451 0.012277
8 0.345070 0.722098 0.040493 0.026786
9 0.146127 0.752232 0.052817 0.039062
5 0.200704 0.775670 0.154930 0.024554
5 0.799296 0.785714 0.142606 0.023438
4 0.211268 0.819196 0.126761 0.015625
