151 0.179577 0.358259 0.357394 0.227679
0 0.500000 0.116071 0.214789 0.171875
72 0.584507 0.167411 0.140845 0.104911
2 0.200704 0.219866 0.177817 0.131696
1 0.797535 0.218750 0.221831 0.132812
85 0.750000 0.339286 0.105634 0.107143
101 0.135563 0.359375 0.200704 0.111607
22 0.853873 0.533482 0.073944 0.055804
121 0.580986 0.569196 0.098592 0.107143
34 0.190141 0.619420 0.214789 0.049107
145 0.839789 0.592634 0.084507 0.107143
105 0.355634 0.609375 0.186620 0.109375
78 0.862676 0.649554 0.077465 0.046875
107 0.459507 0.601562 0.137324 0.142857
75 0.788732 0.659598 0.084507 0.127232
70 0.619718 0.763393 0.080986 0.051339
71 0.315141 0.754464 0.073944 0.069196
3 0.797535 0.748884 0.169014 0.133929
143 0.633803 0.821429 0.088028 0.042411
51 0.135563 0.844866 0.197183 0.080357
53 0.698944 0.876116 0.056338 0.033482
0 0.500000 0.842634 0.239437 0.158482
7 0.609155 0.117188 0.058099 0.011161
8 0.570423 0.116071 0.026408 0.021205
5 0.797535 0.136161 0.151408 0.030134
5 0.200704 0.138393 0.146127 0.029018
12 0.584507 0.170759 0.024648 0.024554
14 0.135563 0.285714 0.073944 0.013393
8 0.135563 0.295759 0.035211 0.022321
7 0.871479 0.503348 0.063380 0.013393
8 0.830986 0.502232 0.026408 0.021205
8 0.580986 0.514509 0.031690 0.022321
8 0.459507 0.520089 0.035211 0.022321
7 0.862676 0.536830 0.061620 0.011161
8 0.815141 0.536830 0.042254 0.026786
7 0.376761 0.558036 0.063380 0.014509
8 0.330986 0.558036 0.036972 0.023438
8 0.190141 0.582589 0.026408 0.021205
9 0.839789 0.677455 0.066901 0.049107
7 0.336268 0.718750 0.063380 0.012277
8 0.295775 0.718750 0.026408 0.021205
8 0.619718 0.738839 0.026408 0.021205
5 0.799296 0.776786 0.146127 0.023438
8 0.633803 0.786830 0.028169 0.022321
7 0.154930 0.808036 0.065141 0.013393
8 0.112676 0.808036 0.026408 0.021205
4 0.806338 0.815848 0.123239 0.015625
12 0.700704 0.847098 0.047535 0.031250
8 0.700704 0.859375 0.026408 0.021205
9 0.698944 0.922991 0.066901 0.049107
6 0.500000 0.926339 0.248239 0.045759
