50 0.878521 0.069196 0.242958 0.137277
49 0.103873 0.128348 0.102113 0.078125
0 0.500000 0.123884 0.197183 0.156250
2 0.797535 0.219866 0.183099 0.131696
19 0.607394 0.304688 0.077465 0.055804
81 0.248239 0.315848 0.151408 0.095982
121 0.573944 0.348214 0.105634 0.082589
143 0.544014 0.372768 0.088028 0.042411
138 0.257042 0.362723 0.147887 0.109375
138 0.911972 0.401786 0.176056 0.111607
105 0.823944 0.421875 0.179577 0.111607
123 0.109155 0.505580 0.218310 0.109375
80 0.688380 0.628348 0.098592 0.078125
96 0.558099 0.762277 0.098592 0.095982
3 0.200704 0.746652 0.190141 0.138393
2 0.797535 0.743304 0.176056 0.145089
18 0.216549 0.879464 0.056338 0.037946
0 0.500000 0.850446 0.190141 0.142857
48 0.804577 0.524554 0.098592 0.066964
6 0.500000 0.023438 0.250000 0.042411
8 0.105634 0.066964 0.044014 0.034598
5 0.799296 0.140625 0.160211 0.031250
8 0.250000 0.267857 0.026408 0.021205
7 0.630282 0.279018 0.061620 0.013393
8 0.589789 0.279018 0.028169 0.020089
8 0.573944 0.303571 0.040493 0.026786
12 0.573944 0.343750 0.026408 0.025670
7 0.582747 0.352679 0.095070 0.014509
8 0.823944 0.348214 0.040493 0.025670
8 0.524648 0.352679 0.028169 0.022321
9 0.250000 0.392857 0.044014 0.032366
12 0.823944 0.426339 0.035211 0.027902
8 0.026408 0.452009 0.028169 0.020089
7 0.838028 0.487723 0.093310 0.013393
8 0.774648 0.487723 0.042254 0.026786
12 0.806338 0.494420 0.033451 0.026786
8 0.688380 0.574777 0.028169 0.022321
8 0.558099 0.708705 0.038732 0.026786
5 0.797535 0.765625 0.140845 0.023438
5 0.200704 0.776786 0.135563 0.022321
4 0.209507 0.814732 0.112676 0.013393
12 0.216549 0.841518 0.024648 0.022321
7 0.253521 0.863839 0.088028 0.012277
8 0.198944 0.863839 0.031690 0.022321
