121 0.911972 0.097098 0.105634 0.078125
85 0.200704 0.098214 0.112676 0.092634
0 0.500000 0.125000 0.216549 0.152902
102 0.593310 0.179688 0.218310 0.087054
1 0.200704 0.229911 0.161972 0.111607
2 0.797535 0.219866 0.190141 0.131696
93 0.734155 0.286830 0.059859 0.042411
105 0.794014 0.449777 0.154930 0.109375
19 0.420775 0.531250 0.084507 0.053571
122 0.519366 0.547991 0.190141 0.116071
138 0.570423 0.587054 0.151408 0.098214
139 0.302817 0.638393 0.102113 0.071429
143 0.674296 0.643973 0.077465 0.060268
107 0.588028 0.738839 0.137324 0.140625
1 0.200704 0.752232 0.154930 0.128348
3 0.799296 0.751116 0.184859 0.129464
29 0.852113 0.809152 0.133803 0.055804
69 0.957747 0.109375 0.066901 0.053571
69 0.535211 0.828125 0.274648 0.136161
6 0.500000 0.025670 0.221831 0.044643
7 0.929577 0.060268 0.061620 0.014509
8 0.887324 0.059152 0.033451 0.022321
8 0.593310 0.122768 0.028169 0.020089
5 0.799296 0.136161 0.142606 0.027902
5 0.200704 0.155134 0.144366 0.029018
8 0.734155 0.267857 0.035211 0.022321
9 0.735915 0.339286 0.051056 0.039062
7 0.816901 0.399554 0.061620 0.013393
8 0.767606 0.399554 0.040493 0.026786
12 0.795775 0.436384 0.036972 0.029018
8 0.519366 0.485491 0.028169 0.020089
7 0.452465 0.508929 0.091549 0.012277
8 0.390845 0.508929 0.042254 0.026786
8 0.570423 0.533482 0.033451 0.022321
8 0.302817 0.589286 0.026408 0.021205
12 0.570423 0.595982 0.024648 0.018973
8 0.676056 0.597098 0.033451 0.022321
8 0.588028 0.666295 0.033451 0.022321
9 0.570423 0.671875 0.033451 0.025670
5 0.799296 0.773438 0.146127 0.024554
12 0.852113 0.772321 0.047535 0.033482
5 0.200704 0.785714 0.146127 0.023438
4 0.806338 0.820312 0.126761 0.015625
9 0.588028 0.839286 0.065141 0.045759
