119 0.297535 0.109375 0.450704 0.218750
151 0.644366 0.720982 0.447183 0.229911
0 0.500000 0.117188 0.211268 0.169643
2 0.200704 0.216518 0.188380 0.138393
2 0.799296 0.219866 0.177817 0.131696
138 0.911972 0.229911 0.172535 0.113839
43 0.744718 0.633929 0.098592 0.069196
21 0.889085 0.646205 0.084507 0.049107
101 0.644366 0.722098 0.169014 0.095982
72 0.068662 0.762277 0.137324 0.098214
1 0.797535 0.754464 0.169014 0.122768
109 0.346831 0.816964 0.095070 0.055804
0 0.500000 0.845982 0.221831 0.151786
54 0.052817 0.516741 0.105634 0.087054
6 0.500000 0.021205 0.250000 0.042411
5 0.200704 0.131696 0.142606 0.027902
5 0.797535 0.139509 0.151408 0.031250
8 0.744718 0.595982 0.031690 0.022321
14 0.644366 0.658482 0.070423 0.011161
7 0.663732 0.671875 0.063380 0.013393
8 0.623239 0.671875 0.026408 0.021205
9 0.744718 0.698661 0.052817 0.039062
7 0.049296 0.710938 0.061620 0.013393
8 0.014085 0.710938 0.028169 0.022321
5 0.797535 0.781250 0.147887 0.023438
7 0.373239 0.790179 0.065141 0.014509
8 0.327465 0.790179 0.035211 0.022321
