56 0.588028 0.136161 0.334507 0.166295
66 0.839789 0.130580 0.109155 0.075893
113 0.672535 0.150670 0.137324 0.071429
0 0.500000 0.118304 0.214789 0.167411
43 0.505282 0.177455 0.098592 0.102679
2 0.200704 0.219866 0.183099 0.131696
47 0.859155 0.352679 0.123239 0.095982
85 0.950704 0.367188 0.098592 0.089286
22 0.739437 0.385045 0.070423 0.064732
38 0.529930 0.387277 0.098592 0.062500
98 0.686620 0.418527 0.080986 0.075893
80 0.200704 0.438616 0.112676 0.075893
96 0.181338 0.593750 0.116197 0.071429
74 0.378521 0.703125 0.084507 0.060268
2 0.200704 0.743304 0.176056 0.145089
1 0.797535 0.755580 0.144366 0.120536
0 0.500000 0.838170 0.197183 0.167411
116 0.816901 0.118304 0.119718 0.060268
65 0.806338 0.405134 0.102113 0.087054
65 0.869718 0.494420 0.137324 0.075893
125 0.154930 0.886161 0.142606 0.070312
6 0.500000 0.022321 0.221831 0.044643
7 0.866197 0.089286 0.065141 0.012277
8 0.816901 0.089286 0.044014 0.034598
7 0.704225 0.109375 0.091549 0.012277
8 0.649648 0.109375 0.028169 0.020089
8 0.507042 0.109375 0.029930 0.021205
5 0.200704 0.140625 0.149648 0.030134
9 0.672535 0.196429 0.088028 0.064732
7 0.880282 0.305804 0.059859 0.012277
8 0.841549 0.304688 0.028169 0.020089
7 0.973592 0.319196 0.052817 0.012277
8 0.936620 0.319196 0.028169 0.020089
12 0.954225 0.341518 0.035211 0.033482
8 0.531690 0.348214 0.040493 0.026786
7 0.829225 0.366071 0.056338 0.011161
8 0.686620 0.362723 0.036972 0.029018
8 0.788732 0.366071 0.033451 0.022321
8 0.200704 0.401786 0.033451 0.022321
7 0.911972 0.453125 0.096831 0.014509
9 0.954225 0.448661 0.040493 0.029018
8 0.848592 0.453125 0.036972 0.023438
7 0.190141 0.553571 0.033451 0.013393
8 0.161972 0.553571 0.031690 0.022321
7 0.410211 0.667411 0.091549 0.014509
8 0.352113 0.667411 0.033451 0.021205
12 0.380282 0.680804 0.040493 0.039062
5 0.797535 0.765625 0.151408 0.025670
5 0.200704 0.785714 0.156690 0.025670
