86 0.422535 0.450893 0.336268 0.166295
16 0.163732 0.175223 0.049296 0.040179
0 0.500000 0.123884 0.190141 0.156250
131 0.079225 0.196429 0.154930 0.091518
3 0.200704 0.222098 0.154930 0.127232
1 0.797535 0.229911 0.183099 0.111607
120 0.510563 0.250000 0.144366 0.093750
64 0.855634 0.279018 0.130282 0.069196
106 0.746479 0.277902 0.179577 0.107143
42 0.352113 0.308036 0.088028 0.060268
60 0.153169 0.347098 0.109155 0.058036
40 0.463028 0.334821 0.137324 0.100446
23 0.860915 0.530134 0.073944 0.055804
111 0.086268 0.549107 0.151408 0.120536
143 0.470070 0.594866 0.077465 0.060268
128 0.579225 0.670759 0.211268 0.122768
66 0.362676 0.699777 0.105634 0.071429
72 0.477113 0.731027 0.140845 0.104911
2 0.797535 0.739955 0.197183 0.151786
0 0.500000 0.847098 0.200704 0.149554
68 0.313380 0.899554 0.088028 0.051339
41 0.255282 0.359375 0.109155 0.062500
69 0.461268 0.517857 0.098592 0.078125
10 0.264085 0.098214 0.154930 0.085938
12 0.165493 0.120536 0.061620 0.043527
5 0.200704 0.141741 0.135563 0.026786
8 0.165493 0.147321 0.036972 0.023438
7 0.088028 0.154018 0.035211 0.012277
8 0.052817 0.154018 0.044014 0.034598
5 0.797535 0.158482 0.137324 0.027902
12 0.079225 0.178571 0.038732 0.033482
8 0.510563 0.193080 0.040493 0.026786
8 0.746479 0.208705 0.028169 0.020089
7 0.873239 0.244420 0.065141 0.013393
8 0.827465 0.244420 0.033451 0.022321
8 0.352113 0.267857 0.035211 0.022321
7 0.496479 0.284598 0.089789 0.013393
8 0.443662 0.285714 0.026408 0.021205
8 0.153169 0.312500 0.028169 0.022321
7 0.276408 0.322545 0.066901 0.013393
8 0.228873 0.322545 0.038732 0.026786
12 0.257042 0.334821 0.040493 0.032366
9 0.855634 0.344866 0.045775 0.033482
10 0.063380 0.399554 0.080986 0.039062
9 0.257042 0.416295 0.075704 0.055804
8 0.088028 0.473214 0.044014 0.034598
7 0.883803 0.505580 0.061620 0.013393
8 0.845070 0.506696 0.026408 0.021205
10 0.936620 0.547991 0.093310 0.042411
8 0.471831 0.564732 0.036972 0.023438
10 0.063380 0.566964 0.082746 0.041295
7 0.580986 0.611607 0.033451 0.012277
8 0.547535 0.610491 0.042254 0.026786
8 0.362676 0.654018 0.033451 0.021205
8 0.477113 0.668527 0.031690 0.022321
9 0.362676 0.765625 0.049296 0.036830
5 0.799296 0.781250 0.146127 0.023438
10 0.063380 0.792411 0.084507 0.042411
9 0.477113 0.810268 0.063380 0.043527
7 0.338028 0.868304 0.063380 0.014509
8 0.292254 0.868304 0.040493 0.026786
6 0.500000 0.938616 0.253521 0.046875
10 0.721831 0.914062 0.177817 0.100446
