87 0.116197 0.243304 0.230634 0.202009
56 0.691901 0.620536 0.334507 0.166295
119 0.485915 0.727679 0.450704 0.227679
0 0.500000 0.112723 0.225352 0.178571
61 0.415493 0.186384 0.091549 0.071429
2 0.200704 0.219866 0.214789 0.131696
2 0.797535 0.219866 0.176056 0.131696
15 0.360915 0.290179 0.049296 0.035714
118 0.818662 0.324777 0.105634 0.084821
145 0.653169 0.382812 0.080986 0.064732
85 0.058099 0.360491 0.116197 0.133929
17 0.792253 0.452009 0.091549 0.049107
28 0.241197 0.521205 0.112676 0.073661
28 0.924296 0.559152 0.151408 0.075893
15 0.427817 0.600446 0.045775 0.035714
109 0.801056 0.665179 0.056338 0.058036
137 0.646127 0.685268 0.038732 0.033482
1 0.200704 0.755580 0.144366 0.120536
1 0.797535 0.755580 0.144366 0.120536
131 0.674296 0.814732 0.144366 0.089286
0 0.500000 0.847098 0.190141 0.149554
63 0.517606 0.909598 0.084507 0.058036
94 0.401408 0.045759 0.133803 0.091518
57 0.253521 0.111607 0.507042 0.222098
94 0.197183 0.261161 0.161972 0.084821
39 0.077465 0.703125 0.059859 0.051339
125 0.202465 0.714286 0.147887 0.119420
8 0.401408 0.011161 0.033451 0.022321
5 0.200704 0.136161 0.135563 0.026786
5 0.797535 0.139509 0.158451 0.033482
7 0.434859 0.152902 0.063380 0.011161
8 0.387324 0.152902 0.042254 0.026786
7 0.232394 0.220982 0.089789 0.014509
8 0.179577 0.220982 0.026408 0.021205
8 0.360915 0.263393 0.038732 0.026786
7 0.852113 0.281250 0.093310 0.012277
8 0.042254 0.281250 0.029930 0.021205
8 0.786972 0.281250 0.042254 0.026786
8 0.654930 0.334821 0.033451 0.021205
12 0.042254 0.361607 0.040493 0.039062
12 0.792253 0.410714 0.033451 0.031250
8 0.792253 0.415179 0.036972 0.023438
9 0.654930 0.437500 0.061620 0.046875
8 0.241197 0.483259 0.028169 0.020089
9 0.792253 0.491071 0.075704 0.055804
8 0.927817 0.518973 0.028169 0.022321
12 0.429577 0.573661 0.036972 0.030134
7 0.433099 0.582589 0.033451 0.012277
8 0.401408 0.582589 0.044014 0.034598
8 0.802817 0.618304 0.040493 0.026786
9 0.927817 0.631696 0.049296 0.032366
7 0.670775 0.670759 0.063380 0.013393
7 0.102113 0.674107 0.061620 0.012277
8 0.623239 0.670759 0.038732 0.026786
8 0.056338 0.675223 0.035211 0.022321
12 0.077465 0.671875 0.035211 0.030134
7 0.690141 0.767857 0.063380 0.013393
5 0.797535 0.765625 0.137324 0.022321
8 0.651408 0.767857 0.026408 0.021205
5 0.200704 0.772321 0.154930 0.024554
8 0.517606 0.877232 0.044014 0.034598
6 0.500000 0.931920 0.253521 0.046875
9 0.517606 0.962054 0.056338 0.041295
