80 0.640845 0.109375 0.119718 0.073661
0 0.500000 0.117188 0.197183 0.169643
2 0.200704 0.219866 0.183099 0.131696
2 0.797535 0.219866 0.190141 0.131696
89 0.748239 0.337054 0.105634 0.104911
81 0.526408 0.376116 0.140845 0.089286
143 0.375000 0.448661 0.084507 0.053571
139 0.195423 0.467634 0.126761 0.080357
128 0.204225 0.613839 0.176056 0.125000
98 0.732394 0.693080 0.080986 0.069196
85 0.522887 0.708705 0.109155 0.084821
1 0.200704 0.750000 0.209507 0.130580
3 0.797535 0.743304 0.183099 0.145089
132 0.897887 0.825893 0.151408 0.098214
0 0.500000 0.851562 0.176056 0.140625
54 0.862676 0.351562 0.144366 0.080357
65 0.190141 0.583705 0.102113 0.080357
65 0.065141 0.614955 0.130282 0.053571
6 0.500000 0.021205 0.250000 0.042411
8 0.640845 0.066964 0.033451 0.022321
5 0.799296 0.136161 0.149648 0.030134
5 0.200704 0.137277 0.160211 0.031250
7 0.774648 0.289062 0.063380 0.011161
8 0.732394 0.289062 0.028169 0.022321
8 0.526408 0.313616 0.038732 0.026786
12 0.528169 0.375000 0.033451 0.021205
7 0.385563 0.416295 0.035211 0.013393
8 0.359155 0.417411 0.029930 0.021205
7 0.214789 0.424107 0.063380 0.012277
8 0.169014 0.424107 0.035211 0.022321
7 0.207746 0.541295 0.061620 0.013393
7 0.232394 0.551339 0.065141 0.013393
8 0.158451 0.540179 0.044014 0.034598
8 0.183099 0.551339 0.040493 0.026786
8 0.026408 0.579241 0.028169 0.022321
7 0.753521 0.656250 0.063380 0.012277
8 0.522887 0.655134 0.038732 0.026786
9 0.190141 0.647321 0.059859 0.043527
8 0.704225 0.656250 0.044014 0.034598
5 0.200704 0.767857 0.151408 0.025670
7 0.922535 0.776786 0.061620 0.014509
5 0.799296 0.775670 0.139085 0.022321
8 0.876761 0.775670 0.035211 0.022321
4 0.808099 0.820312 0.123239 0.015625
6 0.500000 0.934152 0.253521 0.046875
