0 0.500000 0.123884 0.197183 0.156250
144 0.070423 0.225446 0.140845 0.074777
42 0.903169 0.245536 0.073944 0.064732
1 0.200704 0.223214 0.151408 0.123884
3 0.797535 0.216518 0.218310 0.138393
98 0.709507 0.300223 0.088028 0.066964
66 0.313380 0.330357 0.105634 0.071429
72 0.415493 0.320312 0.137324 0.095982
34 0.397887 0.395089 0.183099 0.037946
22 0.214789 0.397321 0.088028 0.049107
113 0.630282 0.414062 0.102113 0.084821
51 0.792253 0.440848 0.197183 0.080357
106 0.250000 0.500000 0.179577 0.107143
138 0.774648 0.527902 0.169014 0.109375
131 0.908451 0.574777 0.144366 0.089286
96 0.272887 0.636161 0.123239 0.062500
51 0.792253 0.637277 0.197183 0.080357
96 0.362676 0.661830 0.112676 0.071429
58 0.952465 0.657366 0.095070 0.082589
145 0.871479 0.649554 0.084507 0.107143
110 0.794014 0.661830 0.080986 0.098214
34 0.524648 0.750000 0.176056 0.046875
149 0.457746 0.758929 0.105634 0.107143
3 0.797535 0.746652 0.190141 0.138393
0 0.500000 0.844866 0.202465 0.154018
59 0.635563 0.900670 0.066901 0.044643
6 0.500000 0.022321 0.221831 0.044643
4 0.809859 0.104911 0.126761 0.015625
5 0.797535 0.133929 0.158451 0.031250
5 0.200704 0.146205 0.146127 0.029018
7 0.098592 0.187500 0.089789 0.012277
8 0.042254 0.187500 0.033451 0.022321
7 0.450704 0.267857 0.091549 0.012277
8 0.711268 0.265625 0.026408 0.021205
8 0.387324 0.266741 0.042254 0.026786
8 0.313380 0.292411 0.035211 0.023438
8 0.630282 0.354911 0.031690 0.022321
12 0.214789 0.362723 0.036972 0.035714
12 0.397887 0.361607 0.063380 0.040179
7 0.808099 0.397321 0.063380 0.013393
8 0.767606 0.397321 0.028169 0.020089
7 0.919014 0.527902 0.033451 0.011161
8 0.883803 0.526786 0.044014 0.034598
7 0.887324 0.599330 0.063380 0.013393
8 0.774648 0.595982 0.033451 0.022321
7 0.309859 0.600446 0.091549 0.012277
8 0.845070 0.599330 0.033451 0.022321
8 0.795775 0.593750 0.044014 0.034598
8 0.246479 0.600446 0.044014 0.034598
7 0.971831 0.618304 0.056338 0.012277
8 0.929577 0.619420 0.033451 0.022321
7 0.389085 0.629464 0.063380 0.013393
12 0.272887 0.623884 0.045775 0.031250
8 0.339789 0.629464 0.042254 0.026786
12 0.957747 0.649554 0.058099 0.040179
8 0.457746 0.700893 0.035211 0.022321
9 0.272887 0.702009 0.052817 0.037946
5 0.797535 0.775670 0.151408 0.029018
4 0.808099 0.811384 0.126761 0.015625
