119 0.427817 0.641741 0.450704 0.227679
0 0.500000 0.125000 0.190141 0.154018
66 0.748239 0.165179 0.109155 0.075893
16 0.070423 0.227679 0.056338 0.046875
17 0.575704 0.226562 0.091549 0.051339
37 0.919014 0.223214 0.107394 0.063616
1 0.797535 0.223214 0.151408 0.123884
139 0.246479 0.393973 0.133803 0.087054
16 0.760563 0.435268 0.054577 0.040179
43 0.952465 0.510045 0.095070 0.098214
104 0.242958 0.579241 0.077465 0.060268
66 0.144366 0.578125 0.105634 0.071429
62 0.857394 0.630580 0.137324 0.089286
43 0.950704 0.690848 0.098592 0.069196
78 0.052817 0.756696 0.105634 0.080357
2 0.200704 0.731027 0.179577 0.169643
0 0.500000 0.845982 0.221831 0.151786
149 0.471831 0.905134 0.105634 0.102679
57 0.279930 0.191964 0.559859 0.308036
39 0.808099 0.700893 0.073944 0.044643
84 0.360915 0.683036 0.140845 0.091518
6 0.500000 0.025670 0.250000 0.044643
8 0.750000 0.107143 0.044014 0.034598
10 0.286972 0.095982 0.186620 0.089286
5 0.797535 0.142857 0.137324 0.029018
10 0.063380 0.157366 0.107394 0.060268
8 0.917253 0.178571 0.042254 0.026786
7 0.577465 0.205357 0.029930 0.012277
8 0.070423 0.202009 0.038732 0.026786
8 0.542253 0.204241 0.042254 0.026786
9 0.070423 0.285714 0.036972 0.026786
10 0.934859 0.330357 0.084507 0.042411
7 0.253521 0.348214 0.031690 0.013393
8 0.221831 0.348214 0.040493 0.025670
8 0.760563 0.404018 0.033451 0.021205
10 0.063380 0.419643 0.093310 0.055804
8 0.964789 0.449777 0.038732 0.026786
10 0.934859 0.486607 0.091549 0.046875
10 0.063380 0.497768 0.102113 0.052455
7 0.260563 0.543527 0.063380 0.013393
7 0.147887 0.543527 0.033451 0.013393
8 0.116197 0.544643 0.035211 0.023438
8 0.211268 0.542411 0.044014 0.034598
12 0.144366 0.562500 0.051056 0.029018
7 0.878521 0.580357 0.063380 0.013393
8 0.832747 0.580357 0.035211 0.022321
9 0.964789 0.589286 0.044014 0.032366
7 0.380282 0.633929 0.065141 0.013393
8 0.329225 0.633929 0.042254 0.026786
9 0.144366 0.640625 0.052817 0.039062
8 0.968310 0.652902 0.036972 0.029018
7 0.827465 0.674107 0.061620 0.014509
8 0.785211 0.674107 0.036972 0.029018
10 0.934859 0.667411 0.091549 0.043527
147 0.091549 0.760045 0.056338 0.040179
5 0.200704 0.781250 0.154930 0.024554
6 0.500000 0.927455 0.253521 0.046875
10 0.734155 0.928571 0.126761 0.071429
