87 0.174296 0.287946 0.348592 0.199777
87 0.683099 0.406250 0.394366 0.198661
76 0.352113 0.136161 0.158451 0.127232
0 0.500000 0.118304 0.218310 0.167411
1 0.200704 0.227679 0.158451 0.116071
3 0.797535 0.220982 0.144366 0.129464
93 0.521127 0.291295 0.070423 0.049107
127 0.635563 0.292411 0.137324 0.091518
140 0.566901 0.330357 0.091549 0.062500
115 0.117958 0.379464 0.116197 0.073661
131 0.313380 0.431920 0.161972 0.091518
74 0.286972 0.536830 0.084507 0.051339
126 0.503521 0.592634 0.151408 0.109375
66 0.253521 0.633929 0.109155 0.075893
117 0.473592 0.655134 0.119718 0.082589
90 0.049296 0.669643 0.098592 0.064732
132 0.302817 0.670759 0.151408 0.100446
142 0.471831 0.746652 0.095070 0.062500
3 0.200704 0.748884 0.183099 0.133929
2 0.797535 0.738839 0.172535 0.154018
127 0.373239 0.848214 0.137324 0.091518
70 0.288732 0.868304 0.102113 0.075893
0 0.500000 0.838170 0.197183 0.167411
41 0.360915 0.250000 0.109155 0.062500
116 0.390845 0.301339 0.098592 0.064732
41 0.790493 0.362723 0.179577 0.120536
8 0.352113 0.055804 0.033451 0.022321
4 0.809859 0.113839 0.126761 0.015625
10 0.299296 0.098214 0.153169 0.084821
5 0.797535 0.140625 0.144366 0.027902
5 0.200704 0.150670 0.135563 0.026786
8 0.362676 0.200893 0.036972 0.029018
10 0.936620 0.198661 0.100352 0.047991
7 0.669014 0.247768 0.095070 0.010045
8 0.612676 0.247768 0.026408 0.021205
7 0.542253 0.270089 0.065141 0.013393
8 0.500000 0.270089 0.026408 0.021205
12 0.637324 0.285714 0.033451 0.026786
8 0.566901 0.290179 0.029930 0.021205
7 0.830986 0.296875 0.093310 0.012277
8 0.771127 0.297991 0.033451 0.022321
9 0.360915 0.311384 0.073944 0.051339
8 0.117958 0.337054 0.042254 0.026786
8 0.313380 0.377232 0.036972 0.023438
10 0.934859 0.381696 0.105634 0.047991
12 0.313380 0.421875 0.058099 0.030134
9 0.313380 0.507812 0.051056 0.035714
12 0.288732 0.508929 0.065141 0.045759
8 0.503521 0.524554 0.042254 0.026786
7 0.265845 0.597098 0.035211 0.013393
8 0.232394 0.597098 0.040493 0.026786
7 0.492958 0.611607 0.063380 0.013393
10 0.934859 0.598214 0.098592 0.044643
8 0.447183 0.611607 0.040493 0.026786
7 0.338028 0.622768 0.096831 0.014509
8 0.278169 0.623884 0.031690 0.022321
7 0.056338 0.638393 0.063380 0.012277
8 0.017606 0.637277 0.035211 0.029018
8 0.471831 0.705357 0.044014 0.034598
10 0.063380 0.696429 0.103873 0.052455
5 0.797535 0.765625 0.147887 0.027902
5 0.200704 0.780134 0.153169 0.026786
7 0.382042 0.803571 0.035211 0.012277
8 0.348592 0.803571 0.044014 0.034598
4 0.207746 0.819196 0.126761 0.015625
8 0.288732 0.825893 0.026408 0.021205
10 0.063380 0.837054 0.086268 0.043527
9 0.288732 0.941964 0.047535 0.032366
6 0.500000 0.937500 0.253521 0.046875
10 0.758803 0.928571 0.126761 0.071429
