56 0.795775 0.439732 0.332746 0.166295
15 0.197183 0.167411 0.059859 0.033482
0 0.500000 0.120536 0.197183 0.162946
110 0.477113 0.235491 0.080986 0.098214
1 0.200704 0.228795 0.169014 0.113839
35 0.454225 0.280134 0.056338 0.049107
82 0.098592 0.268973 0.154930 0.122768
78 0.753521 0.395089 0.080986 0.050223
122 0.186620 0.385045 0.204225 0.111607
124 0.748239 0.444196 0.095070 0.062500
38 0.214789 0.487723 0.079225 0.075893
102 0.566901 0.535714 0.140845 0.133929
139 0.746479 0.636161 0.116197 0.069196
149 0.470070 0.655134 0.105634 0.102679
83 0.691901 0.731027 0.080986 0.060268
2 0.200704 0.743304 0.176056 0.145089
2 0.797535 0.743304 0.176056 0.145089
117 0.792253 0.825893 0.102113 0.078125
132 0.151408 0.840402 0.144366 0.100446
0 0.500000 0.839286 0.227113 0.165179
69 0.343310 0.331473 0.091549 0.062500
69 0.913732 0.400670 0.109155 0.102679
69 0.908451 0.713170 0.183099 0.120536
6 0.500000 0.020089 0.235915 0.037946
12 0.197183 0.136161 0.035211 0.027902
5 0.200704 0.152902 0.139085 0.029018
8 0.478873 0.183036 0.029930 0.021205
7 0.116197 0.210938 0.063380 0.013393
8 0.066901 0.212054 0.044014 0.034598
9 0.197183 0.212054 0.065141 0.047991
8 0.454225 0.250000 0.038732 0.026786
9 0.098592 0.357143 0.058099 0.043527
7 0.778169 0.410714 0.088028 0.012277
12 0.748239 0.404018 0.056338 0.033482
8 0.721831 0.411830 0.031690 0.022321
7 0.234155 0.453125 0.063380 0.012277
8 0.186620 0.453125 0.044014 0.034598
7 0.595070 0.467634 0.065141 0.013393
8 0.552817 0.468750 0.026408 0.021205
9 0.795775 0.551339 0.054577 0.035714
7 0.491197 0.607143 0.063380 0.012277
8 0.441901 0.608259 0.042254 0.026786
12 0.471831 0.651786 0.026408 0.021205
7 0.709507 0.702009 0.066901 0.013393
8 0.660211 0.702009 0.038732 0.026786
9 0.471831 0.736607 0.036972 0.025670
5 0.200704 0.762277 0.149648 0.024554
5 0.799296 0.783482 0.160211 0.025670
8 0.151408 0.791295 0.028169 0.020089
12 0.792253 0.797991 0.051056 0.042411
12 0.151408 0.840402 0.029930 0.024554
9 0.151408 0.919643 0.066901 0.047991
