0 0.500000 0.125000 0.186620 0.154018
1 0.200704 0.223214 0.151408 0.123884
3 0.799296 0.222098 0.209507 0.127232
44 0.626761 0.199777 0.165493 0.178571
15 0.478873 0.292411 0.052817 0.035714
68 0.431338 0.322545 0.088028 0.044643
95 0.191901 0.400670 0.105634 0.095982
18 0.536972 0.433036 0.059859 0.042411
130 0.713028 0.549107 0.151408 0.118304
127 0.257042 0.569196 0.137324 0.091518
1 0.797535 0.755580 0.144366 0.120536
0 0.500000 0.850446 0.214789 0.142857
45 0.913732 0.896205 0.112676 0.069196
27 0.411972 0.483259 0.276408 0.136161
6 0.500000 0.029018 0.235915 0.037946
8 0.626761 0.095982 0.044014 0.034598
4 0.809859 0.116071 0.126761 0.015625
5 0.799296 0.140625 0.160211 0.032366
5 0.200704 0.145089 0.160211 0.032366
12 0.626761 0.245536 0.049296 0.029018
7 0.500000 0.272321 0.061620 0.012277
8 0.459507 0.272321 0.028169 0.020089
8 0.433099 0.279018 0.044014 0.034598
9 0.626761 0.328125 0.045775 0.031250
8 0.193662 0.337054 0.029930 0.021205
7 0.559859 0.408482 0.061620 0.014509
8 0.519366 0.408482 0.028169 0.020089
9 0.193662 0.479911 0.047535 0.034598
7 0.739437 0.493304 0.063380 0.012277
8 0.697183 0.492188 0.033451 0.022321
8 0.257042 0.503348 0.036972 0.029018
5 0.797535 0.779018 0.158451 0.027902
8 0.913732 0.848214 0.028169 0.022321
6 0.500000 0.936384 0.251761 0.046875
