151 0.482394 0.293527 0.447183 0.225446
0 0.500000 0.123884 0.197183 0.156250
45 0.952465 0.176339 0.095070 0.075893
68 0.517606 0.184152 0.123239 0.075893
3 0.200704 0.219866 0.154930 0.131696
3 0.797535 0.213170 0.207746 0.145089
101 0.482394 0.293527 0.211268 0.087054
44 0.139085 0.325893 0.165493 0.178571
89 0.086268 0.420759 0.105634 0.104911
80 0.529930 0.431920 0.109155 0.089286
53 0.776408 0.573661 0.063380 0.033482
67 0.755282 0.620536 0.112676 0.078125
106 0.248239 0.626116 0.165493 0.100446
40 0.353873 0.764509 0.126761 0.082589
1 0.200704 0.757812 0.147887 0.116071
2 0.797535 0.739955 0.169014 0.151786
0 0.500000 0.840402 0.218310 0.162946
27 0.579225 0.685268 0.144366 0.088170
69 0.883803 0.791295 0.230634 0.145089
6 0.500000 0.024554 0.244718 0.041295
4 0.809859 0.098214 0.126761 0.015625
4 0.211268 0.111607 0.126761 0.015625
5 0.799296 0.126116 0.156690 0.033482
7 0.980634 0.141741 0.038732 0.013393
8 0.954225 0.142857 0.026408 0.021205
5 0.200704 0.138393 0.149648 0.030134
7 0.551056 0.149554 0.091549 0.013393
8 0.496479 0.149554 0.028169 0.022321
14 0.482394 0.229911 0.073944 0.013393
8 0.139085 0.236607 0.028169 0.020089
8 0.482394 0.229911 0.044014 0.034598
8 0.086268 0.351562 0.028169 0.022321
8 0.531690 0.381696 0.044014 0.034598
12 0.086268 0.428571 0.038732 0.031250
9 0.088028 0.495536 0.058099 0.043527
8 0.778169 0.558036 0.036972 0.023438
8 0.248239 0.577009 0.028169 0.022321
7 0.772887 0.582589 0.056338 0.011161
8 0.734155 0.582589 0.031690 0.022321
12 0.250000 0.629464 0.033451 0.021205
7 0.366197 0.720982 0.035211 0.012277
8 0.330986 0.720982 0.044014 0.034598
12 0.355634 0.742188 0.054577 0.040179
5 0.200704 0.763393 0.147887 0.026786
5 0.797535 0.772321 0.144366 0.023438
6 0.500000 0.929688 0.253521 0.046875
