50 0.704225 0.236607 0.392606 0.199777
151 0.466549 0.513393 0.447183 0.229911
42 0.867958 0.081473 0.073944 0.064732
31 0.367958 0.084821 0.088028 0.065848
0 0.500000 0.117188 0.197183 0.169643
98 0.045775 0.180804 0.091549 0.078125
1 0.797535 0.223214 0.151408 0.123884
105 0.355634 0.262277 0.183099 0.102679
139 0.172535 0.293527 0.119718 0.080357
112 0.420775 0.292411 0.116197 0.091518
128 0.373239 0.331473 0.214789 0.129464
66 0.186620 0.377232 0.109155 0.075893
101 0.466549 0.513393 0.169014 0.093750
53 0.339789 0.577009 0.070423 0.031250
17 0.142606 0.618304 0.073944 0.051339
89 0.475352 0.668527 0.105634 0.104911
40 0.744718 0.678571 0.130282 0.093750
1 0.200704 0.752232 0.154930 0.128348
2 0.797535 0.748884 0.165493 0.133929
82 0.153169 0.775670 0.154930 0.122768
0 0.500000 0.847098 0.190141 0.149554
57 0.316901 0.484375 0.602113 0.308036
125 0.908451 0.813616 0.139085 0.116071
7 0.390845 0.053571 0.063380 0.012277
7 0.887324 0.053571 0.065141 0.014509
8 0.345070 0.052455 0.040493 0.026786
8 0.838028 0.053571 0.040493 0.025670
12 0.869718 0.058036 0.044014 0.030134
7 0.063380 0.140625 0.061620 0.013393
8 0.017606 0.140625 0.035211 0.023438
5 0.797535 0.145089 0.147887 0.030134
7 0.390845 0.212054 0.089789 0.013393
8 0.334507 0.212054 0.028169 0.020089
8 0.420775 0.237723 0.042254 0.026786
7 0.197183 0.256696 0.065141 0.012277
8 0.149648 0.256696 0.035211 0.022321
12 0.355634 0.254464 0.040493 0.039062
8 0.345070 0.262277 0.035211 0.022321
12 0.172535 0.274554 0.045775 0.043527
7 0.193662 0.335938 0.033451 0.011161
8 0.158451 0.335938 0.042254 0.026786
9 0.704225 0.367188 0.036972 0.026786
14 0.466549 0.450893 0.070423 0.013393
8 0.468310 0.455357 0.029930 0.021205
8 0.339789 0.542411 0.038732 0.026786
7 0.144366 0.587054 0.033451 0.012277
8 0.116197 0.587054 0.036972 0.023438
7 0.492958 0.617188 0.063380 0.013393
8 0.443662 0.617188 0.042254 0.026786
12 0.475352 0.674107 0.038732 0.034598
9 0.142606 0.685268 0.035211 0.025670
7 0.177817 0.716518 0.063380 0.013393
8 0.132042 0.716518 0.038732 0.026786
9 0.475352 0.748884 0.045775 0.033482
5 0.797535 0.767857 0.154930 0.024554
5 0.200704 0.772321 0.135563 0.022321
