0 0.500000 0.120536 0.197183 0.162946
110 0.357394 0.188616 0.123239 0.069196
3 0.200704 0.210938 0.165493 0.149554
3 0.797535 0.210938 0.165493 0.149554
32 0.165493 0.309152 0.088028 0.062500
131 0.797535 0.599330 0.172535 0.091518
99 0.586268 0.657366 0.059859 0.069196
35 0.966549 0.700893 0.066901 0.053571
83 0.757042 0.699777 0.080986 0.060268
124 0.573944 0.751116 0.098592 0.060268
2 0.200704 0.739955 0.197183 0.151786
1 0.797535 0.755580 0.144366 0.120536
73 0.799296 0.804688 0.105634 0.062500
0 0.500000 0.850446 0.214789 0.142857
72 0.524648 0.897321 0.137324 0.095982
116 0.857394 0.751116 0.098592 0.069196
4 0.809859 0.093750 0.126761 0.015625
5 0.797535 0.117188 0.147887 0.029018
10 0.255282 0.098214 0.165493 0.083705
8 0.357394 0.141741 0.028169 0.020089
10 0.063380 0.214286 0.095070 0.047991
7 0.186620 0.280134 0.063380 0.011161
8 0.137324 0.281250 0.044014 0.034598
12 0.165493 0.292411 0.036972 0.035714
10 0.936620 0.289062 0.096831 0.049107
10 0.063380 0.299107 0.080986 0.039062
10 0.934859 0.314732 0.109155 0.055804
7 0.816901 0.552455 0.065141 0.013393
8 0.767606 0.552455 0.038732 0.026786
7 0.609155 0.627232 0.061620 0.014509
8 0.566901 0.627232 0.036972 0.029018
8 0.757042 0.658482 0.029930 0.021205
7 0.982394 0.676339 0.035211 0.013393
12 0.757042 0.676339 0.024648 0.021205
8 0.950704 0.676339 0.036972 0.023438
9 0.797535 0.669643 0.059859 0.043527
7 0.591549 0.725446 0.056338 0.012277
8 0.547535 0.725446 0.042254 0.026786
10 0.063380 0.739955 0.088028 0.044643
5 0.200704 0.768973 0.144366 0.026786
5 0.797535 0.774554 0.158451 0.025670
10 0.063380 0.776786 0.100352 0.051339
9 0.573944 0.808036 0.045775 0.032366
7 0.563380 0.847098 0.093310 0.013393
8 0.503521 0.847098 0.031690 0.022321
6 0.500000 0.934152 0.260563 0.046875
10 0.757042 0.924107 0.140845 0.081473
9 0.524648 0.973214 0.068662 0.050223
