151 0.389085 0.892857 0.447183 0.214286
146 0.311620 0.104911 0.109155 0.100446
0 0.500000 0.116071 0.232394 0.171875
1 0.200704 0.229911 0.161972 0.111607
105 0.579225 0.257812 0.165493 0.102679
128 0.852113 0.265625 0.204225 0.122768
43 0.533451 0.293527 0.098592 0.069196
144 0.750000 0.302455 0.126761 0.064732
83 0.419014 0.309152 0.080986 0.058036
137 0.503521 0.330357 0.070423 0.049107
89 0.750000 0.372768 0.105634 0.104911
111 0.584507 0.383929 0.154930 0.120536
97 0.744718 0.575893 0.088028 0.095982
132 0.410211 0.592634 0.158451 0.102679
42 0.802817 0.622768 0.102113 0.060268
136 0.369718 0.629464 0.123239 0.095982
135 0.147887 0.655134 0.112676 0.125000
103 0.528169 0.681920 0.161972 0.075893
134 0.311620 0.714286 0.197183 0.133929
74 0.466549 0.752232 0.084507 0.060268
1 0.200704 0.752232 0.190141 0.127232
0 0.500000 0.838170 0.197183 0.167411
101 0.389085 0.900670 0.197183 0.098214
69 0.913732 0.411830 0.172535 0.136161
26 0.408451 0.819196 0.278169 0.136161
26 0.116197 0.859375 0.230634 0.136161
7 0.327465 0.052455 0.061620 0.013393
8 0.285211 0.053571 0.036972 0.023438
5 0.200704 0.156250 0.151408 0.030134
7 0.612676 0.200893 0.093310 0.013393
8 0.552817 0.200893 0.040493 0.025670
8 0.852113 0.203125 0.040493 0.026786
8 0.533451 0.257812 0.038732 0.026786
8 0.750000 0.264509 0.036972 0.029018
7 0.452465 0.276786 0.095070 0.012277
8 0.396127 0.276786 0.028169 0.022321
8 0.503521 0.308036 0.035211 0.022321
8 0.750000 0.321429 0.028169 0.020089
8 0.565141 0.322545 0.028169 0.022321
9 0.579225 0.334821 0.052817 0.039062
9 0.419014 0.370536 0.036972 0.025670
8 0.744718 0.522321 0.028169 0.022321
8 0.411972 0.532366 0.033451 0.022321
153 0.904930 0.571429 0.045775 0.035714
7 0.392606 0.584821 0.063380 0.013393
8 0.345070 0.584821 0.042254 0.026786
8 0.779930 0.587054 0.042254 0.026786
7 0.165493 0.593750 0.061620 0.013393
8 0.119718 0.593750 0.036972 0.023438
12 0.802817 0.591518 0.058099 0.045759
7 0.552817 0.647321 0.061620 0.012277
8 0.311620 0.646205 0.038732 0.026786
8 0.505282 0.647321 0.038732 0.026786
9 0.746479 0.655134 0.040493 0.029018
12 0.147887 0.664062 0.066901 0.040179
7 0.492958 0.723214 0.061620 0.012277
8 0.450704 0.723214 0.028169 0.022321
12 0.313380 0.729911 0.044014 0.027902
5 0.200704 0.780134 0.139085 0.022321
9 0.468310 0.808036 0.054577 0.040179
14 0.389085 0.832589 0.073944 0.013393
7 0.401408 0.850446 0.033451 0.012277
8 0.373239 0.850446 0.029930 0.021205
6 0.500000 0.938616 0.253521 0.046875
