0 0.500000 0.118304 0.218310 0.167411
3 0.797535 0.219866 0.154930 0.131696
89 0.644366 0.280134 0.105634 0.104911
42 0.343310 0.334821 0.088028 0.058036
122 0.468310 0.309152 0.204225 0.111607
31 0.348592 0.360491 0.096831 0.060268
78 0.082746 0.397321 0.080986 0.050223
19 0.258803 0.531250 0.080986 0.049107
74 0.954225 0.560268 0.077465 0.055804
128 0.109155 0.574777 0.218310 0.138393
28 0.845070 0.630580 0.105634 0.080357
141 0.336268 0.708705 0.112676 0.149554
89 0.698944 0.756696 0.105634 0.104911
3 0.797535 0.739955 0.193662 0.151786
24 0.737676 0.181920 0.059859 0.031250
24 0.589789 0.647321 0.059859 0.035714
24 0.345070 0.677455 0.070423 0.033482
6 0.500000 0.018973 0.235915 0.037946
4 0.809859 0.111607 0.126761 0.015625
5 0.799296 0.138393 0.149648 0.030134
8 0.737676 0.158482 0.042254 0.026786
7 0.672535 0.227679 0.066901 0.013393
8 0.626761 0.227679 0.036972 0.023438
7 0.382042 0.303571 0.091549 0.012277
8 0.325704 0.304688 0.028169 0.020089
8 0.348592 0.322545 0.033451 0.022321
7 0.278169 0.502232 0.061620 0.014509
8 0.038732 0.496652 0.040493 0.026786
8 0.235915 0.502232 0.031690 0.022321
12 0.260563 0.508929 0.036972 0.027902
8 0.954225 0.526786 0.028169 0.020089
8 0.845070 0.575893 0.042254 0.026786
12 0.845070 0.609375 0.038732 0.036830
12 0.591549 0.611607 0.061620 0.041295
7 0.593310 0.631696 0.035211 0.012277
7 0.345070 0.633929 0.035211 0.013393
8 0.566901 0.631696 0.026408 0.021205
8 0.316901 0.633929 0.028169 0.020089
8 0.700704 0.698661 0.033451 0.022321
9 0.589789 0.698661 0.049296 0.035714
5 0.799296 0.765625 0.160211 0.027902
4 0.804577 0.811384 0.126761 0.015625
