151 0.841549 0.180804 0.315141 0.229911
101 0.908451 0.180804 0.144366 0.098214
1 0.200704 0.223214 0.151408 0.123884
2 0.797535 0.219866 0.214789 0.131696
108 0.522887 0.338170 0.084507 0.053571
130 0.353873 0.344866 0.147887 0.125000
68 0.753521 0.409598 0.095070 0.055804
104 0.360915 0.607143 0.066901 0.058036
149 0.605634 0.584821 0.105634 0.107143
117 0.528169 0.660714 0.109155 0.078125
2 0.200704 0.751116 0.176056 0.129464
2 0.797535 0.739955 0.169014 0.151786
0 0.500000 0.838170 0.197183 0.167411
14 0.908451 0.114955 0.073944 0.013393
8 0.908451 0.120536 0.038732 0.026786
5 0.797535 0.136161 0.158451 0.031250
5 0.200704 0.148438 0.154930 0.031250
8 0.355634 0.281250 0.029930 0.021205
8 0.524648 0.312500 0.033451 0.022321
7 0.778169 0.386161 0.061620 0.013393
8 0.737676 0.386161 0.028169 0.022321
8 0.605634 0.514509 0.036972 0.029018
7 0.376761 0.578125 0.061620 0.012277
8 0.330986 0.578125 0.035211 0.022321
7 0.542253 0.625000 0.061620 0.014509
8 0.500000 0.625000 0.036972 0.029018
5 0.200704 0.762277 0.154930 0.024554
5 0.799296 0.785714 0.149648 0.025670
6 0.500000 0.937500 0.260563 0.046875
