34 0.630282 0.178571 0.176056 0.040179
0 0.500000 0.117188 0.211268 0.169643
64 0.484155 0.183036 0.151408 0.087054
3 0.200704 0.222098 0.207746 0.127232
3 0.797535 0.210938 0.165493 0.149554
46 0.411972 0.262277 0.095070 0.091518
149 0.147887 0.279018 0.105634 0.102679
132 0.070423 0.371652 0.140845 0.100446
85 0.250000 0.385045 0.133803 0.095982
35 0.533451 0.457589 0.070423 0.044643
15 0.808099 0.481027 0.052817 0.051339
3 0.797535 0.743304 0.183099 0.145089
0 0.500000 0.840402 0.218310 0.162946
6 0.500000 0.022321 0.250000 0.044643
4 0.809859 0.093750 0.126761 0.015625
4 0.211268 0.116071 0.126761 0.015625
5 0.799296 0.120536 0.149648 0.031250
7 0.507042 0.143973 0.065141 0.013393
5 0.200704 0.138393 0.142606 0.027902
8 0.459507 0.143973 0.035211 0.022321
12 0.630282 0.140625 0.049296 0.036830
7 0.672535 0.156250 0.096831 0.014509
8 0.612676 0.156250 0.029930 0.021205
7 0.433099 0.220982 0.061620 0.012277
8 0.390845 0.220982 0.031690 0.022321
7 0.172535 0.232143 0.061620 0.012277
8 0.130282 0.232143 0.028169 0.022321
9 0.630282 0.220982 0.086268 0.063616
12 0.411972 0.243304 0.058099 0.036830
12 0.147887 0.261161 0.036972 0.029018
8 0.021127 0.320312 0.040493 0.026786
8 0.250000 0.321429 0.036972 0.029018
9 0.411972 0.338170 0.045775 0.035714
8 0.533451 0.419643 0.028169 0.022321
12 0.535211 0.434152 0.047535 0.035714
9 0.533451 0.504464 0.059859 0.043527
147 0.315141 0.549107 0.042254 0.039062
147 0.839789 0.658482 0.045775 0.040179
5 0.797535 0.787946 0.137324 0.022321
4 0.806338 0.821429 0.126761 0.015625
