18 0.255282 0.149554 0.052817 0.031250
0 0.500000 0.118304 0.218310 0.167411
2 0.200704 0.219866 0.190141 0.131696
21 0.860915 0.274554 0.077465 0.055804
95 0.054577 0.445312 0.109155 0.075893
74 0.734155 0.695312 0.066901 0.058036
67 0.588028 0.716518 0.112676 0.078125
1 0.200704 0.750000 0.209507 0.130580
1 0.797535 0.752232 0.169014 0.127232
44 0.617958 0.816964 0.147887 0.154018
0 0.500000 0.839286 0.227113 0.165179
10 0.260563 0.100446 0.140845 0.080357
8 0.239437 0.130580 0.028169 0.022321
5 0.200704 0.136161 0.137324 0.027902
7 0.883803 0.247768 0.063380 0.013393
8 0.845070 0.247768 0.026408 0.021205
10 0.936620 0.368304 0.100352 0.056920
7 0.066901 0.409598 0.091549 0.013393
8 0.019366 0.409598 0.038732 0.026786
9 0.035211 0.508929 0.059859 0.046875
8 0.588028 0.675223 0.035211 0.022321
10 0.063380 0.685268 0.091549 0.054688
12 0.588028 0.703125 0.042254 0.035714
7 0.623239 0.736607 0.033451 0.012277
8 0.589789 0.736607 0.042254 0.026786
5 0.200704 0.765625 0.160211 0.025670
5 0.799296 0.783482 0.149648 0.024554
10 0.936620 0.795759 0.096831 0.044643
10 0.063380 0.845982 0.100352 0.052455
10 0.063380 0.911830 0.102113 0.046875
6 0.500000 0.929688 0.246479 0.044643
10 0.746479 0.928571 0.147887 0.071429
