33 0.700704 0.270089 0.364437 0.181920
114 0.690141 0.097098 0.144366 0.093750
0 0.500000 0.113839 0.211268 0.176339
131 0.651408 0.174107 0.161972 0.091518
124 0.346831 0.246652 0.077465 0.062500
3 0.200704 0.222098 0.207746 0.127232
2 0.797535 0.219866 0.214789 0.131696
106 0.492958 0.281250 0.165493 0.100446
21 0.248239 0.313616 0.070423 0.046875
139 0.933099 0.315848 0.133803 0.087054
143 0.183099 0.340402 0.088028 0.042411
61 0.371479 0.330357 0.088028 0.071429
75 0.649648 0.345982 0.080986 0.116071
47 0.420775 0.368304 0.123239 0.095982
35 0.786972 0.510045 0.066901 0.051339
114 0.364437 0.518973 0.151408 0.089286
127 0.367958 0.564732 0.137324 0.091518
144 0.477113 0.593750 0.105634 0.089286
47 0.630282 0.619420 0.123239 0.095982
34 0.098592 0.676339 0.188380 0.040179
106 0.531690 0.725446 0.165493 0.100446
68 0.607394 0.742188 0.109155 0.093750
2 0.797535 0.751116 0.179577 0.129464
0 0.500000 0.845982 0.221831 0.151786
84 0.371479 0.047991 0.137324 0.095982
24 0.952465 0.214286 0.042254 0.031250
91 0.890845 0.606027 0.123239 0.082589
6 0.500000 0.021205 0.250000 0.042411
12 0.373239 0.024554 0.058099 0.045759
7 0.693662 0.051339 0.033451 0.012277
8 0.661972 0.051339 0.036972 0.023438
4 0.211268 0.116071 0.126761 0.015625
7 0.688380 0.125000 0.095070 0.010045
8 0.626761 0.125000 0.036972 0.023438
9 0.371479 0.122768 0.049296 0.036830
5 0.797535 0.133929 0.140845 0.027902
5 0.200704 0.140625 0.153169 0.030134
12 0.651408 0.158482 0.040493 0.029018
8 0.954225 0.176339 0.044014 0.034598
7 0.373239 0.209821 0.061620 0.012277
8 0.327465 0.209821 0.035211 0.023438
8 0.492958 0.217634 0.028169 0.020089
12 0.346831 0.227679 0.024648 0.022321
7 0.954225 0.272321 0.058099 0.011161
8 0.915493 0.272321 0.026408 0.021205
8 0.248239 0.280134 0.028169 0.022321
8 0.371479 0.282366 0.042254 0.026786
8 0.420775 0.313616 0.031690 0.022321
9 0.492958 0.352679 0.063380 0.047991
8 0.366197 0.473214 0.026408 0.021205
8 0.788732 0.473214 0.036972 0.029018
7 0.385563 0.513393 0.063380 0.014509
8 0.341549 0.513393 0.035211 0.022321
7 0.496479 0.547991 0.063380 0.013393
8 0.454225 0.547991 0.033451 0.022321
8 0.630282 0.552455 0.036972 0.029018
8 0.890845 0.558036 0.036972 0.023438
8 0.096831 0.648438 0.028169 0.020089
8 0.531690 0.674107 0.026408 0.021205
8 0.609155 0.680804 0.026408 0.021205
12 0.531690 0.715402 0.042254 0.026786
5 0.797535 0.782366 0.161972 0.022321
