151 0.869718 0.232143 0.260563 0.229911
97 0.364437 0.123884 0.102113 0.078125
0 0.500000 0.116071 0.214789 0.171875
81 0.477113 0.181920 0.154930 0.082589
101 0.915493 0.232143 0.169014 0.093750
2 0.200704 0.219866 0.214789 0.131696
1 0.797535 0.227679 0.165493 0.116071
80 0.771127 0.321429 0.116197 0.080357
37 0.140845 0.361607 0.116197 0.063616
47 0.135563 0.425223 0.123239 0.095982
130 0.758803 0.515625 0.161972 0.125000
78 0.202465 0.578125 0.126761 0.082589
18 0.570423 0.619420 0.049296 0.035714
42 0.795775 0.606027 0.073944 0.064732
135 0.514085 0.588170 0.165493 0.125000
72 0.704225 0.649554 0.137324 0.095982
106 0.343310 0.672991 0.165493 0.100446
128 0.683099 0.691964 0.214789 0.129464
28 0.908451 0.741071 0.112676 0.073661
1 0.200704 0.754464 0.169014 0.122768
2 0.797535 0.743304 0.176056 0.145089
123 0.100352 0.753348 0.183099 0.131696
0 0.500000 0.852679 0.172535 0.137277
26 0.211268 0.302455 0.378521 0.191964
6 0.500000 0.022321 0.221831 0.044643
7 0.382042 0.088170 0.063380 0.013393
8 0.336268 0.088170 0.035211 0.022321
12 0.364437 0.120536 0.028169 0.023438
7 0.496479 0.136161 0.061620 0.012277
8 0.454225 0.136161 0.033451 0.022321
5 0.200704 0.138393 0.137324 0.027902
5 0.799296 0.151786 0.163732 0.032366
14 0.961268 0.168527 0.070423 0.013393
7 0.978873 0.187500 0.042254 0.014509
8 0.940141 0.187500 0.044014 0.034598
7 0.785211 0.281250 0.059859 0.011161
8 0.746479 0.281250 0.028169 0.020089
7 0.165493 0.330357 0.065141 0.013393
8 0.116197 0.330357 0.040493 0.026786
8 0.135563 0.360491 0.038732 0.026786
7 0.783451 0.450893 0.063380 0.011161
8 0.742958 0.450893 0.026408 0.021205
8 0.514085 0.513393 0.026408 0.021205
8 0.570423 0.595982 0.028169 0.022321
7 0.714789 0.602679 0.033451 0.012277
8 0.690141 0.602679 0.029930 0.021205
7 0.373239 0.616071 0.091549 0.012277
8 0.316901 0.616071 0.029930 0.021205
7 0.700704 0.621652 0.065141 0.013393
8 0.654930 0.620536 0.036972 0.023438
8 0.100352 0.678571 0.031690 0.022321
7 0.929577 0.703125 0.063380 0.011161
8 0.887324 0.703125 0.033451 0.022321
5 0.200704 0.772321 0.137324 0.023438
5 0.797535 0.774554 0.161972 0.026786
6 0.500000 0.933036 0.246479 0.044643
