0 0.500000 0.118304 0.214789 0.167411
2 0.200704 0.216518 0.188380 0.138393
1 0.797535 0.228795 0.169014 0.113839
19 0.450704 0.284598 0.077465 0.042411
76 0.742958 0.349330 0.193662 0.118304
109 0.790493 0.437500 0.056338 0.071429
118 0.855634 0.429688 0.080986 0.093750
143 0.191901 0.545759 0.077465 0.060268
28 0.751761 0.550223 0.137324 0.066964
97 0.716549 0.672991 0.088028 0.098214
1 0.200704 0.752232 0.190141 0.127232
1 0.797535 0.752232 0.169014 0.127232
72 0.130282 0.841518 0.137324 0.095982
0 0.500000 0.838170 0.197183 0.167411
57 0.830986 0.140625 0.338028 0.281250
5 0.200704 0.129464 0.149648 0.030134
5 0.797535 0.156250 0.151408 0.030134
7 0.760563 0.287946 0.061620 0.014509
8 0.714789 0.287946 0.040493 0.026786
8 0.855634 0.366071 0.042254 0.026786
7 0.813380 0.402902 0.063380 0.011161
8 0.765845 0.402902 0.038732 0.026786
12 0.790493 0.428571 0.066901 0.034598
7 0.771127 0.518973 0.063380 0.013393
8 0.191901 0.516741 0.035211 0.022321
8 0.732394 0.520089 0.026408 0.021205
9 0.753521 0.602679 0.061620 0.045759
8 0.716549 0.618304 0.042254 0.026786
5 0.200704 0.772321 0.146127 0.027902
5 0.799296 0.781250 0.160211 0.025670
8 0.130282 0.783482 0.036972 0.023438
12 0.130282 0.825893 0.044014 0.035714
9 0.130282 0.919643 0.038732 0.027902
6 0.500000 0.930804 0.246479 0.044643
