50 0.165493 0.707589 0.330986 0.199777
123 0.207746 0.142857 0.216549 0.111607
0 0.500000 0.123884 0.190141 0.156250
100 0.373239 0.218750 0.137324 0.080357
2 0.200704 0.218750 0.179577 0.133929
2 0.799296 0.216518 0.188380 0.138393
105 0.582747 0.242188 0.179577 0.111607
40 0.367958 0.314732 0.126761 0.082589
47 0.533451 0.537946 0.123239 0.095982
149 0.251761 0.537946 0.105634 0.107143
35 0.427817 0.651786 0.073944 0.049107
19 0.503521 0.656250 0.077465 0.044643
71 0.084507 0.683036 0.073944 0.078125
3 0.200704 0.755580 0.137324 0.120536
2 0.797535 0.748884 0.165493 0.133929
41 0.415493 0.106027 0.137324 0.118304
8 0.415493 0.037946 0.033451 0.022321
7 0.232394 0.089286 0.063380 0.011161
8 0.186620 0.089286 0.038732 0.026786
5 0.200704 0.131696 0.137324 0.026786
5 0.797535 0.132812 0.158451 0.031250
7 0.413732 0.174107 0.095070 0.012277
8 0.352113 0.174107 0.036972 0.023438
7 0.609155 0.189732 0.065141 0.014509
8 0.566901 0.189732 0.026408 0.021205
8 0.369718 0.264509 0.036972 0.029018
9 0.584507 0.308036 0.103873 0.077009
7 0.274648 0.481027 0.063380 0.013393
8 0.228873 0.481027 0.036972 0.029018
8 0.533451 0.487723 0.042254 0.026786
12 0.533451 0.523438 0.045775 0.029018
7 0.450704 0.622768 0.063380 0.011161
8 0.503521 0.623884 0.033451 0.022321
8 0.401408 0.622768 0.044014 0.034598
12 0.503521 0.638393 0.028169 0.023438
7 0.102113 0.645089 0.065141 0.012277
8 0.056338 0.645089 0.033451 0.022321
9 0.503521 0.708705 0.054577 0.040179
5 0.797535 0.765625 0.151408 0.025670
5 0.200704 0.775670 0.151408 0.024554
4 0.209507 0.815848 0.126761 0.015625
9 0.133803 0.841518 0.049296 0.035714
