86 0.813380 0.337054 0.332746 0.166295
87 0.700704 0.589286 0.396127 0.197545
80 0.573944 0.044643 0.102113 0.089286
0 0.500000 0.112723 0.225352 0.178571
30 0.429577 0.190848 0.102113 0.062500
3 0.200704 0.212054 0.176056 0.147321
1 0.797535 0.228795 0.169014 0.113839
80 0.371479 0.264509 0.109155 0.089286
106 0.369718 0.340402 0.165493 0.100446
37 0.133803 0.368304 0.103873 0.068080
40 0.637324 0.376116 0.126761 0.093750
136 0.911972 0.427455 0.151408 0.095982
18 0.633803 0.587054 0.063380 0.055804
49 0.406690 0.578125 0.102113 0.073661
74 0.207746 0.614955 0.084507 0.051339
68 0.607394 0.731027 0.088028 0.051339
38 0.457746 0.725446 0.080986 0.064732
2 0.797535 0.748884 0.151408 0.133929
109 0.896127 0.806920 0.070423 0.058036
0 0.500000 0.845982 0.221831 0.151786
8 0.573944 0.013393 0.040493 0.025670
4 0.211268 0.097098 0.126761 0.015625
9 0.573944 0.113839 0.063380 0.043527
5 0.200704 0.122768 0.153169 0.030134
8 0.429577 0.142857 0.029930 0.021205
5 0.797535 0.154018 0.144366 0.029018
8 0.373239 0.216518 0.040493 0.026786
9 0.429577 0.257812 0.045775 0.033482
7 0.390845 0.294643 0.065141 0.013393
8 0.341549 0.294643 0.044014 0.034598
7 0.670775 0.323661 0.091549 0.012277
8 0.612676 0.323661 0.035211 0.023438
7 0.147887 0.331473 0.061620 0.011161
8 0.102113 0.331473 0.040493 0.026786
7 0.948944 0.377232 0.091549 0.012277
8 0.894366 0.378348 0.028169 0.022321
9 0.911972 0.502232 0.073944 0.054688
8 0.408451 0.526786 0.040493 0.026786
7 0.658451 0.562500 0.065141 0.012277
8 0.609155 0.561384 0.038732 0.026786
12 0.633803 0.569196 0.044014 0.027902
8 0.207746 0.591518 0.028169 0.020089
7 0.485915 0.689732 0.065141 0.012277
8 0.443662 0.690848 0.028169 0.022321
8 0.607394 0.696429 0.028169 0.020089
9 0.700704 0.720982 0.058099 0.040179
8 0.897887 0.774554 0.036972 0.029018
5 0.797535 0.790179 0.140845 0.023438
