87 0.112676 0.059152 0.223592 0.118304
33 0.630282 0.129464 0.362676 0.181920
87 0.265845 0.294643 0.387324 0.199777
151 0.415493 0.366071 0.447183 0.229911
56 0.253521 0.482143 0.332746 0.166295
89 0.700704 0.070312 0.105634 0.102679
45 0.290493 0.139509 0.095070 0.073661
67 0.091549 0.154018 0.112676 0.078125
102 0.572183 0.184152 0.197183 0.078125
3 0.200704 0.212054 0.176056 0.147321
2 0.797535 0.219866 0.214789 0.131696
90 0.327465 0.337054 0.130282 0.064732
124 0.073944 0.366071 0.072183 0.061384
100 0.635563 0.377232 0.137324 0.080357
101 0.415493 0.366071 0.200704 0.111607
34 0.142606 0.419643 0.186620 0.051339
102 0.204225 0.387277 0.123239 0.122768
22 0.802817 0.611607 0.088028 0.049107
15 0.367958 0.646205 0.059859 0.046875
107 0.714789 0.642857 0.137324 0.140625
143 0.524648 0.732143 0.084507 0.053571
3 0.200704 0.739955 0.193662 0.151786
3 0.797535 0.746652 0.190141 0.138393
32 0.867958 0.804688 0.088028 0.062500
40 0.725352 0.849330 0.126761 0.093750
57 0.477113 0.135045 0.602113 0.270089
4 0.211268 0.097098 0.123239 0.015625
7 0.323944 0.102679 0.091549 0.012277
8 0.269366 0.101562 0.028169 0.022321
7 0.112676 0.112723 0.061620 0.013393
8 0.073944 0.113839 0.026408 0.021205
5 0.200704 0.118304 0.135563 0.026786
12 0.091549 0.132812 0.049296 0.037946
5 0.797535 0.138393 0.147887 0.030134
9 0.091549 0.218750 0.051056 0.033482
14 0.415493 0.293527 0.073944 0.013393
7 0.369718 0.308036 0.096831 0.014509
7 0.443662 0.310268 0.088028 0.012277
8 0.306338 0.308036 0.036972 0.023438
8 0.389085 0.311384 0.028169 0.022321
8 0.204225 0.324777 0.031690 0.022321
8 0.073944 0.330357 0.026408 0.021205
7 0.651408 0.339286 0.063380 0.012277
8 0.605634 0.339286 0.036972 0.023438
8 0.714789 0.566964 0.036972 0.023438
7 0.829225 0.582589 0.063380 0.012277
8 0.785211 0.583705 0.031690 0.022321
12 0.802817 0.592634 0.029930 0.026786
8 0.367958 0.609375 0.042254 0.026786
12 0.369718 0.616071 0.029930 0.023438
9 0.802817 0.656250 0.086268 0.063616
7 0.549296 0.705357 0.061620 0.014509
9 0.367958 0.696429 0.052817 0.037946
8 0.505282 0.706473 0.035211 0.022321
5 0.797535 0.770089 0.151408 0.021205
7 0.887324 0.776786 0.061620 0.012277
8 0.846831 0.775670 0.028169 0.022321
5 0.200704 0.781250 0.153169 0.024554
4 0.804577 0.815848 0.123239 0.015625
4 0.209507 0.819196 0.126761 0.015625
