87 0.540493 0.852679 0.390845 0.198661
85 0.767606 0.066964 0.114437 0.099330
105 0.197183 0.107143 0.130282 0.120536
0 0.500000 0.113839 0.228873 0.176339
1 0.797535 0.210938 0.147887 0.149554
49 0.156690 0.271205 0.102113 0.069196
21 0.795775 0.383929 0.058099 0.047991
88 0.419014 0.522321 0.102113 0.078125
28 0.360915 0.551339 0.140845 0.091518
2 0.797535 0.743304 0.176056 0.145089
0 0.500000 0.850446 0.214789 0.142857
7 0.785211 0.011161 0.065141 0.012277
8 0.739437 0.011161 0.033451 0.022321
8 0.197183 0.049107 0.033451 0.021205
12 0.767606 0.062500 0.033451 0.023438
5 0.797535 0.121652 0.144366 0.035714
9 0.767606 0.141741 0.049296 0.037946
9 0.197183 0.194196 0.065141 0.047991
8 0.158451 0.225446 0.036972 0.029018
7 0.795775 0.357143 0.033451 0.012277
8 0.767606 0.357143 0.033451 0.022321
9 0.795775 0.436384 0.058099 0.042411
8 0.419014 0.468750 0.033451 0.022321
12 0.419014 0.496652 0.035211 0.031250
5 0.799296 0.767857 0.139085 0.022321
6 0.500000 0.933036 0.251761 0.046875
