38 0.366197 0.101562 0.077465 0.075893
0 0.500000 0.126116 0.186620 0.151786
3 0.200704 0.222098 0.207746 0.127232
2 0.797535 0.219866 0.214789 0.131696
74 0.264085 0.335938 0.084507 0.051339
135 0.190141 0.416295 0.169014 0.100446
28 0.899648 0.581473 0.140845 0.060268
19 0.154930 0.699777 0.084507 0.053571
126 0.355634 0.676339 0.151408 0.109375
15 0.306338 0.737723 0.045775 0.037946
2 0.200704 0.748884 0.165493 0.133929
2 0.797535 0.751116 0.179577 0.129464
138 0.670775 0.764509 0.126761 0.104911
0 0.500000 0.840402 0.214789 0.162946
6 0.500000 0.027902 0.250000 0.044643
8 0.366197 0.044643 0.044014 0.034598
4 0.211268 0.116071 0.123239 0.015625
5 0.799296 0.136161 0.135563 0.026786
5 0.200704 0.141741 0.146127 0.029018
8 0.264085 0.301339 0.029930 0.021205
7 0.221831 0.366071 0.091549 0.012277
8 0.169014 0.366071 0.026408 0.021205
7 0.919014 0.555804 0.061620 0.013393
8 0.876761 0.555804 0.031690 0.022321
8 0.355634 0.625000 0.029930 0.021205
12 0.154930 0.667411 0.054577 0.040179
8 0.670775 0.696429 0.038732 0.026786
7 0.306338 0.718750 0.033451 0.012277
8 0.274648 0.718750 0.038732 0.026786
5 0.799296 0.765625 0.146127 0.023438
5 0.200704 0.767857 0.147887 0.024554
