86 0.475352 0.301339 0.341549 0.168527
33 0.697183 0.796875 0.364437 0.181920
16 0.158451 0.151786 0.056338 0.046875
0 0.500000 0.125000 0.186620 0.154018
3 0.797535 0.216518 0.218310 0.138393
18 0.468310 0.325893 0.052817 0.031250
38 0.841549 0.353795 0.080986 0.069196
88 0.575704 0.352679 0.105634 0.080357
16 0.471831 0.602679 0.056338 0.037946
76 0.404930 0.569196 0.119718 0.133929
106 0.862676 0.590402 0.179577 0.107143
134 0.149648 0.579241 0.183099 0.165179
15 0.714789 0.639509 0.058099 0.046875
17 0.806338 0.648438 0.084507 0.044643
95 0.695423 0.764509 0.105634 0.084821
3 0.200704 0.743304 0.183099 0.145089
1 0.797535 0.752232 0.190141 0.127232
0 0.500000 0.844866 0.202465 0.154018
129 0.234155 0.325893 0.186620 0.103795
116 0.739437 0.602679 0.095070 0.066964
92 0.158451 0.659598 0.176056 0.080357
65 0.403169 0.713170 0.102113 0.080357
150 0.315141 0.794643 0.105634 0.084821
24 0.417254 0.851562 0.095070 0.026786
6 0.500000 0.025670 0.250000 0.044643
4 0.809859 0.104911 0.126761 0.015625
8 0.158451 0.111607 0.029930 0.021205
5 0.797535 0.133929 0.140845 0.034598
8 0.577465 0.308036 0.026408 0.021205
7 0.485915 0.314732 0.058099 0.013393
7 0.859155 0.316964 0.061620 0.012277
8 0.445423 0.314732 0.031690 0.022321
8 0.809859 0.316964 0.042254 0.026786
12 0.575704 0.333705 0.049296 0.029018
12 0.841549 0.334821 0.040493 0.032366
8 0.404930 0.482143 0.044014 0.034598
7 0.190141 0.495536 0.091549 0.012277
8 0.133803 0.496652 0.031690 0.022321
7 0.869718 0.537946 0.033451 0.012277
8 0.839789 0.536830 0.031690 0.022321
12 0.404930 0.566964 0.047535 0.034598
12 0.471831 0.580357 0.021127 0.016741
7 0.485915 0.587054 0.061620 0.012277
8 0.445423 0.588170 0.028169 0.022321
12 0.862676 0.587054 0.035211 0.025670
8 0.158451 0.604911 0.038732 0.026786
8 0.714789 0.608259 0.028169 0.022321
7 0.834507 0.620536 0.065141 0.013393
8 0.792253 0.620536 0.026408 0.021205
8 0.404930 0.660714 0.033451 0.022321
9 0.404930 0.675223 0.036972 0.026786
9 0.862676 0.676339 0.038732 0.027902
9 0.714789 0.688616 0.051056 0.037946
7 0.716549 0.717634 0.063380 0.011161
8 0.669014 0.717634 0.040493 0.026786
5 0.200704 0.761161 0.142606 0.026786
5 0.797535 0.783482 0.137324 0.022321
4 0.207746 0.822545 0.126761 0.015625
7 0.419014 0.841518 0.033451 0.012277
8 0.390845 0.840402 0.031690 0.022321
6 0.500000 0.929688 0.246479 0.044643
