0 0.500000 0.125000 0.186620 0.154018
75 0.628521 0.187500 0.084507 0.127232
2 0.200704 0.216518 0.188380 0.138393
2 0.797535 0.219866 0.190141 0.131696
20 0.364437 0.400670 0.073944 0.042411
146 0.633803 0.599330 0.130282 0.098214
22 0.202465 0.639509 0.084507 0.058036
143 0.698944 0.668527 0.070423 0.055804
121 0.947183 0.666295 0.105634 0.078125
126 0.524648 0.733259 0.151408 0.109375
3 0.797535 0.748884 0.183099 0.133929
0 0.500000 0.838170 0.197183 0.167411
79 0.739437 0.287946 0.158451 0.095982
54 0.299296 0.651786 0.147887 0.104911
91 0.151408 0.847098 0.154930 0.107143
8 0.630282 0.111607 0.033451 0.021205
5 0.200704 0.131696 0.158451 0.031250
5 0.799296 0.136161 0.139085 0.027902
8 0.739437 0.236607 0.028169 0.022321
12 0.364437 0.366071 0.038732 0.024554
8 0.633803 0.540179 0.026408 0.021205
7 0.971831 0.625000 0.056338 0.013393
8 0.929577 0.625000 0.029930 0.021205
8 0.698944 0.642857 0.031690 0.022321
12 0.947183 0.660714 0.035211 0.027902
8 0.524648 0.678571 0.040493 0.026786
5 0.797535 0.770089 0.147887 0.025670
7 0.170775 0.794643 0.063380 0.013393
8 0.125000 0.794643 0.038732 0.026786
4 0.804577 0.816964 0.126761 0.015625
6 0.500000 0.934152 0.253521 0.046875
