56 0.359155 0.803571 0.332746 0.166295
0 0.500000 0.125000 0.186620 0.154018
1 0.200704 0.227679 0.158451 0.116071
1 0.797535 0.231027 0.161972 0.109375
83 0.234155 0.284598 0.080986 0.051339
72 0.570423 0.282366 0.137324 0.098214
80 0.806338 0.373884 0.119718 0.089286
32 0.836268 0.438616 0.088028 0.075893
72 0.205986 0.462054 0.137324 0.095982
23 0.415493 0.604911 0.063380 0.064732
71 0.948944 0.600446 0.102113 0.078125
38 0.848592 0.640625 0.079225 0.070312
3 0.200704 0.763393 0.130282 0.104911
2 0.797535 0.742188 0.158451 0.147321
0 0.500000 0.845982 0.221831 0.151786
94 0.072183 0.362723 0.144366 0.055804
5 0.200704 0.155134 0.154930 0.031250
5 0.797535 0.160714 0.154930 0.031250
7 0.588028 0.236607 0.061620 0.013393
8 0.542253 0.236607 0.036972 0.029018
12 0.234155 0.252232 0.031690 0.026786
7 0.264085 0.263393 0.091549 0.012277
8 0.204225 0.263393 0.036972 0.023438
7 0.091549 0.339286 0.061620 0.012277
8 0.042254 0.339286 0.042254 0.026786
9 0.235915 0.341518 0.047535 0.032366
9 0.570423 0.361607 0.051056 0.036830
7 0.845070 0.395089 0.033451 0.012277
8 0.811620 0.395089 0.038732 0.026786
7 0.241197 0.417411 0.095070 0.012277
12 0.836268 0.419643 0.021127 0.021205
8 0.179577 0.418527 0.036972 0.029018
7 0.971831 0.561384 0.054577 0.013393
8 0.934859 0.561384 0.028169 0.022321
7 0.434859 0.566964 0.063380 0.012277
8 0.394366 0.566964 0.028169 0.022321
7 0.855634 0.602679 0.029930 0.012277
8 0.829225 0.601562 0.028169 0.022321
9 0.954225 0.659598 0.061620 0.044643
5 0.200704 0.777902 0.158451 0.026786
5 0.799296 0.782366 0.153169 0.024554
4 0.207746 0.814732 0.126761 0.015625
6 0.500000 0.930804 0.260563 0.046875
