87 0.686620 0.098214 0.387324 0.196429
0 0.500000 0.126116 0.186620 0.151786
38 0.292254 0.188616 0.086268 0.060268
85 0.482394 0.177455 0.102113 0.104911
3 0.200704 0.216518 0.218310 0.138393
2 0.797535 0.219866 0.214789 0.131696
71 0.470070 0.328125 0.077465 0.066964
71 0.619718 0.318080 0.073944 0.089286
43 0.790493 0.333705 0.098592 0.069196
103 0.853873 0.352679 0.165493 0.080357
95 0.417254 0.402902 0.112676 0.075893
145 0.272887 0.582589 0.109155 0.058036
61 0.316901 0.599330 0.112676 0.080357
67 0.385563 0.603795 0.112676 0.078125
76 0.734155 0.581473 0.119718 0.125000
82 0.475352 0.633929 0.158451 0.120536
46 0.653169 0.651786 0.133803 0.084821
16 0.748239 0.683036 0.063380 0.044643
138 0.514085 0.665179 0.154930 0.109375
71 0.350352 0.720982 0.112676 0.073661
3 0.200704 0.763393 0.130282 0.104911
0 0.500000 0.849330 0.165493 0.145089
139 0.531690 0.911830 0.130282 0.091518
94 0.903169 0.327009 0.193662 0.084821
39 0.209507 0.412946 0.070423 0.049107
26 0.186620 0.469866 0.373239 0.191964
4 0.211268 0.104911 0.126761 0.015625
5 0.200704 0.127232 0.140845 0.027902
5 0.799296 0.136161 0.135563 0.026786
7 0.311620 0.156250 0.059859 0.012277
8 0.267606 0.156250 0.036972 0.029018
9 0.686620 0.225446 0.059859 0.041295
8 0.619718 0.258929 0.038732 0.026786
8 0.957747 0.266741 0.036972 0.029018
7 0.507042 0.293527 0.089789 0.011161
7 0.809859 0.292411 0.065141 0.014509
8 0.764085 0.293527 0.033451 0.022321
8 0.452465 0.293527 0.028169 0.022321
8 0.855634 0.292411 0.044014 0.034598
12 0.471831 0.316964 0.036972 0.023438
12 0.957747 0.319196 0.042254 0.036830
12 0.855634 0.337054 0.061620 0.030134
7 0.434859 0.363839 0.063380 0.011161
8 0.392606 0.363839 0.028169 0.022321
7 0.239437 0.383929 0.089789 0.014509
8 0.183099 0.383929 0.036972 0.029018
9 0.619718 0.392857 0.035211 0.025670
7 0.735915 0.515625 0.033451 0.012277
8 0.702465 0.514509 0.042254 0.026786
7 0.341549 0.560268 0.063380 0.012277
8 0.295775 0.560268 0.038732 0.026786
7 0.404930 0.569196 0.061620 0.013393
8 0.359155 0.569196 0.036972 0.029018
7 0.491197 0.578125 0.063380 0.013393
8 0.447183 0.578125 0.036972 0.029018
8 0.654930 0.594866 0.033451 0.022321
12 0.653169 0.651786 0.028169 0.027902
8 0.721831 0.656250 0.036972 0.023438
12 0.750000 0.660714 0.044014 0.025670
7 0.367958 0.685268 0.063380 0.013393
8 0.320423 0.685268 0.042254 0.026786
5 0.200704 0.779018 0.144366 0.024554
4 0.207746 0.815848 0.126761 0.015625
6 0.500000 0.938616 0.253521 0.046875
