0 0.500000 0.125000 0.190141 0.154018
138 0.346831 0.168527 0.154930 0.109375
112 0.431338 0.185268 0.154930 0.082589
74 0.102113 0.248884 0.088028 0.053571
2 0.200704 0.219866 0.190141 0.131696
1 0.797535 0.223214 0.151408 0.123884
71 0.526408 0.289062 0.073944 0.082589
22 0.626761 0.388393 0.084507 0.049107
108 0.957747 0.521205 0.084507 0.058036
73 0.241197 0.554688 0.105634 0.060268
135 0.642606 0.595982 0.183099 0.093750
75 0.434859 0.621652 0.172535 0.091518
3 0.200704 0.746652 0.190141 0.138393
0 0.500000 0.839286 0.227113 0.165179
116 0.575704 0.137277 0.098592 0.060268
84 0.066901 0.348214 0.133803 0.082589
57 0.434859 0.493304 0.602113 0.308036
36 0.813380 0.573661 0.373239 0.312500
48 0.720070 0.772321 0.116197 0.075893
65 0.065141 0.828125 0.130282 0.080357
5 0.200704 0.138393 0.140845 0.029018
7 0.464789 0.149554 0.093310 0.012277
5 0.799296 0.142857 0.146127 0.029018
8 0.403169 0.148438 0.038732 0.026786
8 0.102113 0.209821 0.036972 0.023438
12 0.102113 0.218750 0.033451 0.027902
7 0.563380 0.245536 0.095070 0.010045
8 0.500000 0.246652 0.038732 0.026786
9 0.431338 0.261161 0.035211 0.025670
8 0.049296 0.300223 0.028169 0.022321
12 0.626761 0.342634 0.068662 0.035714
7 0.651408 0.359375 0.061620 0.012277
8 0.607394 0.359375 0.035211 0.023438
7 0.978873 0.486607 0.040493 0.014509
8 0.943662 0.487723 0.040493 0.026786
12 0.242958 0.514509 0.040493 0.029018
8 0.211268 0.518973 0.038732 0.026786
8 0.644366 0.532366 0.033451 0.022321
8 0.434859 0.578125 0.028169 0.020089
9 0.241197 0.618304 0.035211 0.025670
9 0.436620 0.691964 0.054577 0.040179
7 0.744718 0.732143 0.063380 0.013393
8 0.702465 0.732143 0.031690 0.022321
5 0.200704 0.776786 0.147887 0.025670
7 0.052817 0.787946 0.061620 0.013393
8 0.014085 0.787946 0.028169 0.021205
4 0.209507 0.821429 0.126761 0.015625
