151 0.267606 0.367188 0.443662 0.227679
87 0.859155 0.816964 0.281690 0.199777
105 0.751761 0.064732 0.165493 0.102679
70 0.711268 0.104911 0.058099 0.052455
0 0.500000 0.125000 0.190141 0.154018
3 0.200704 0.212054 0.176056 0.147321
3 0.797535 0.212054 0.176056 0.147321
111 0.214789 0.267857 0.154930 0.120536
104 0.955986 0.340402 0.088028 0.060268
18 0.744718 0.375000 0.052817 0.031250
101 0.267606 0.367188 0.204225 0.100446
20 0.757042 0.397321 0.070423 0.042411
149 0.140845 0.369420 0.105634 0.102679
139 0.350352 0.608259 0.123239 0.075893
122 0.163732 0.643973 0.193662 0.104911
107 0.669014 0.628348 0.137324 0.142857
144 0.906690 0.716518 0.077465 0.084821
1 0.797535 0.750000 0.183099 0.132812
0 0.500000 0.838170 0.197183 0.167411
26 0.304577 0.062500 0.278169 0.123884
79 0.461268 0.699777 0.158451 0.095982
8 0.753521 0.013393 0.040493 0.025670
12 0.751761 0.044643 0.049296 0.039062
7 0.735915 0.077009 0.061620 0.013393
8 0.690141 0.077009 0.036972 0.029018
4 0.211268 0.097098 0.126761 0.015625
4 0.809859 0.097098 0.126761 0.015625
5 0.799296 0.122768 0.149648 0.030134
5 0.200704 0.122768 0.149648 0.031250
9 0.753521 0.138393 0.068662 0.051339
7 0.225352 0.205357 0.033451 0.013393
8 0.195423 0.205357 0.031690 0.022321
14 0.267606 0.299107 0.073944 0.013393
8 0.267606 0.299107 0.036972 0.023438
7 0.980634 0.310268 0.038732 0.014509
8 0.947183 0.309152 0.036972 0.029018
7 0.161972 0.321429 0.058099 0.011161
8 0.116197 0.321429 0.040493 0.025670
8 0.746479 0.351562 0.040493 0.026786
8 0.757042 0.372768 0.044014 0.034598
12 0.140845 0.377232 0.033451 0.025670
8 0.669014 0.551339 0.044014 0.034598
8 0.352113 0.569196 0.026408 0.021205
8 0.165493 0.589286 0.033451 0.021205
7 0.478873 0.656250 0.063380 0.013393
8 0.433099 0.656250 0.036972 0.023438
8 0.908451 0.671875 0.029930 0.021205
5 0.797535 0.762277 0.154930 0.024554
9 0.915493 0.937500 0.065141 0.047991
