63 0.047535 0.107143 0.095070 0.060268
0 0.500000 0.112723 0.228873 0.178571
3 0.200704 0.222098 0.209507 0.127232
40 0.491197 0.281250 0.137324 0.100446
42 0.588028 0.330357 0.084507 0.062500
22 0.540493 0.359375 0.084507 0.049107
124 0.684859 0.530134 0.088028 0.058036
38 0.260563 0.551339 0.103873 0.074777
51 0.346831 0.563616 0.161972 0.100446
37 0.200704 0.609375 0.107394 0.069196
70 0.795775 0.647321 0.098592 0.051339
58 0.853873 0.658482 0.102113 0.078125
143 0.454225 0.680804 0.088028 0.042411
19 0.910211 0.683036 0.077465 0.037946
1 0.200704 0.752232 0.154930 0.128348
122 0.257042 0.782366 0.204225 0.111607
40 0.355634 0.797991 0.126761 0.082589
0 0.500000 0.845982 0.221831 0.151786
91 0.079225 0.213170 0.158451 0.089286
26 0.408451 0.165179 0.378521 0.191964
36 0.584507 0.183036 0.445423 0.312500
24 0.536972 0.421875 0.059859 0.046875
25 0.477113 0.565848 0.056338 0.046875
8 0.038732 0.075893 0.036972 0.029018
12 0.038732 0.084821 0.029930 0.029018
4 0.211268 0.116071 0.126761 0.015625
5 0.200704 0.142857 0.158451 0.031250
7 0.052817 0.171875 0.061620 0.014509
8 0.017606 0.170759 0.033451 0.022321
7 0.510563 0.227679 0.061620 0.013393
8 0.468310 0.227679 0.026408 0.021205
7 0.609155 0.296875 0.063380 0.013393
8 0.559859 0.296875 0.044014 0.034598
8 0.542253 0.334821 0.033451 0.021205
7 0.549296 0.397321 0.033451 0.012277
8 0.519366 0.396205 0.031690 0.022321
8 0.684859 0.488839 0.035211 0.022321
8 0.346831 0.498884 0.028169 0.022321
7 0.281690 0.510045 0.065141 0.013393
8 0.235915 0.510045 0.033451 0.022321
7 0.503521 0.540179 0.061620 0.014509
8 0.459507 0.541295 0.031690 0.022321
7 0.223592 0.578125 0.056338 0.011161
8 0.183099 0.578125 0.033451 0.022321
153 0.450704 0.598214 0.052817 0.033482
8 0.795775 0.602679 0.044014 0.034598
7 0.869718 0.625000 0.061620 0.014509
8 0.823944 0.623884 0.040493 0.026786
9 0.346831 0.642857 0.059859 0.045759
8 0.910211 0.654018 0.028169 0.022321
7 0.274648 0.727679 0.065141 0.013393
8 0.232394 0.727679 0.028169 0.022321
9 0.855634 0.716518 0.068662 0.050223
7 0.387324 0.754464 0.095070 0.012277
8 0.329225 0.753348 0.028169 0.022321
5 0.200704 0.779018 0.146127 0.023438
12 0.257042 0.799107 0.021127 0.017857
6 0.500000 0.939732 0.253521 0.046875
