50 0.429577 0.056920 0.392606 0.113839
102 0.579225 0.065848 0.133803 0.131696
97 0.901408 0.155134 0.098592 0.087054
0 0.500000 0.118304 0.218310 0.167411
29 0.804577 0.266741 0.140845 0.066964
102 0.144366 0.241071 0.112676 0.131696
85 0.586268 0.373884 0.098592 0.084821
38 0.052817 0.439732 0.103873 0.074777
138 0.804577 0.446429 0.158451 0.113839
67 0.248239 0.518973 0.112676 0.078125
66 0.802817 0.526786 0.112676 0.073661
104 0.410211 0.534598 0.073944 0.058036
70 0.841549 0.561384 0.088028 0.060268
139 0.355634 0.574777 0.116197 0.073661
85 0.514085 0.562500 0.109155 0.102679
138 0.413732 0.580357 0.154930 0.118304
51 0.533451 0.671875 0.172535 0.095982
122 0.237676 0.667411 0.204225 0.111607
95 0.063380 0.705357 0.126761 0.073661
74 0.570423 0.729911 0.084507 0.055804
2 0.200704 0.748884 0.151408 0.133929
3 0.799296 0.751116 0.184859 0.129464
127 0.369718 0.796875 0.137324 0.091518
0 0.500000 0.845982 0.221831 0.151786
79 0.908451 0.064732 0.165493 0.091518
125 0.364437 0.361607 0.147887 0.119420
69 0.959507 0.672991 0.080986 0.100446
12 0.579225 0.012277 0.031690 0.024554
8 0.908451 0.014509 0.036972 0.029018
7 0.936620 0.113839 0.089789 0.012277
8 0.876761 0.112723 0.040493 0.026786
9 0.429577 0.142857 0.038732 0.026786
7 0.167254 0.174107 0.063380 0.011161
8 0.126761 0.174107 0.028169 0.020089
8 0.804577 0.234375 0.028169 0.022321
7 0.822183 0.383929 0.063380 0.013393
8 0.774648 0.383929 0.044014 0.034598
7 0.065141 0.404018 0.091549 0.012277
8 0.017606 0.404018 0.035211 0.022321
12 0.031690 0.421875 0.044014 0.032366
8 0.250000 0.479911 0.026408 0.021205
8 0.802817 0.485491 0.036972 0.029018
8 0.410211 0.494420 0.028169 0.020089
7 0.549296 0.513393 0.091549 0.012277
8 0.489437 0.513393 0.036972 0.023438
8 0.415493 0.514509 0.040493 0.026786
7 0.878521 0.535714 0.088028 0.012277
7 0.376761 0.534598 0.065141 0.013393
8 0.330986 0.534598 0.031690 0.022321
8 0.818662 0.534598 0.038732 0.026786
9 0.410211 0.584821 0.059859 0.043527
12 0.413732 0.593750 0.035211 0.032366
7 0.549296 0.625000 0.061620 0.012277
8 0.510563 0.625000 0.026408 0.021205
7 0.098592 0.671875 0.096831 0.014509
9 0.415493 0.660714 0.068662 0.047991
8 0.035211 0.671875 0.036972 0.029018
12 0.533451 0.678571 0.038732 0.021205
7 0.591549 0.696429 0.061620 0.014509
8 0.549296 0.696429 0.033451 0.022321
7 0.403169 0.752232 0.095070 0.012277
8 0.339789 0.752232 0.038732 0.026786
5 0.200704 0.768973 0.147887 0.024554
9 0.059859 0.770089 0.056338 0.041295
5 0.799296 0.785714 0.160211 0.027902
4 0.802817 0.818080 0.126761 0.015625
6 0.500000 0.931920 0.253521 0.046875
