50 0.475352 0.821429 0.392606 0.199777
0 0.500000 0.116071 0.232394 0.171875
104 0.572183 0.210938 0.080986 0.051339
90 0.540493 0.236607 0.098592 0.064732
81 0.366197 0.236607 0.154930 0.082589
1 0.200704 0.218750 0.221831 0.132812
3 0.797535 0.213170 0.207746 0.145089
46 0.734155 0.294643 0.119718 0.084821
76 0.869718 0.279018 0.186620 0.118304
37 0.598592 0.302455 0.103873 0.073661
37 0.401408 0.325893 0.084507 0.068080
108 0.227113 0.371652 0.080986 0.042411
105 0.542253 0.363839 0.130282 0.120536
42 0.808099 0.473214 0.084507 0.062500
131 0.262324 0.545759 0.161972 0.091518
131 0.257042 0.591518 0.172535 0.091518
29 0.855634 0.637277 0.140845 0.066964
142 0.424296 0.700893 0.088028 0.055804
76 0.489437 0.709821 0.119718 0.133929
3 0.200704 0.743304 0.183099 0.145089
0 0.500000 0.850446 0.214789 0.142857
92 0.198944 0.116071 0.193662 0.087054
92 0.897887 0.177455 0.204225 0.080357
150 0.690141 0.430804 0.105634 0.084821
6 0.500000 0.022321 0.250000 0.044643
8 0.198944 0.072545 0.031690 0.022321
4 0.809859 0.098214 0.123239 0.015625
8 0.908451 0.120536 0.036972 0.023438
5 0.799296 0.127232 0.163732 0.032366
5 0.200704 0.136161 0.153169 0.030134
12 0.573944 0.165179 0.040493 0.039062
7 0.605634 0.188616 0.093310 0.013393
8 0.542253 0.188616 0.038732 0.026786
8 0.366197 0.193080 0.042254 0.026786
7 0.894366 0.214286 0.063380 0.013393
8 0.846831 0.214286 0.038732 0.026786
7 0.765845 0.247768 0.091549 0.013393
8 0.704225 0.247768 0.044014 0.034598
8 0.598592 0.265625 0.042254 0.026786
8 0.401408 0.286830 0.042254 0.026786
12 0.401408 0.294643 0.036972 0.025670
9 0.366197 0.316964 0.036972 0.026786
8 0.227113 0.337054 0.042254 0.026786
9 0.598592 0.379464 0.033451 0.023438
9 0.401408 0.383929 0.059859 0.044643
8 0.809859 0.424107 0.036972 0.023438
9 0.228873 0.424107 0.051056 0.035714
8 0.264085 0.493304 0.036972 0.029018
7 0.274648 0.542411 0.065141 0.013393
8 0.225352 0.542411 0.044014 0.034598
8 0.855634 0.598214 0.028169 0.022321
12 0.855634 0.614955 0.038732 0.024554
7 0.514085 0.645089 0.065141 0.012277
8 0.468310 0.645089 0.036972 0.023438
12 0.426056 0.660714 0.029930 0.024554
7 0.463028 0.667411 0.091549 0.012277
8 0.404930 0.667411 0.036972 0.029018
9 0.855634 0.709821 0.045775 0.031250
5 0.200704 0.771205 0.163732 0.026786
4 0.209507 0.812500 0.126761 0.015625
6 0.500000 0.931920 0.253521 0.046875
9 0.475352 0.935268 0.082746 0.061384
