89 0.091549 0.095982 0.105634 0.104911
72 0.808099 0.120536 0.140845 0.104911
0 0.500000 0.113839 0.228873 0.176339
2 0.200704 0.219866 0.177817 0.131696
1 0.797535 0.228795 0.151408 0.113839
109 0.808099 0.274554 0.056338 0.058036
105 0.200704 0.427455 0.154930 0.109375
88 0.517606 0.518973 0.105634 0.080357
89 0.181338 0.558036 0.105634 0.104911
59 0.313380 0.619420 0.066901 0.044643
141 0.566901 0.591518 0.161972 0.111607
93 0.250000 0.660714 0.070423 0.049107
29 0.471831 0.784598 0.140845 0.060268
3 0.200704 0.751116 0.184859 0.129464
3 0.797535 0.743304 0.183099 0.145089
93 0.264085 0.815848 0.070423 0.049107
95 0.732394 0.838170 0.098592 0.071429
0 0.500000 0.849330 0.165493 0.145089
24 0.306338 0.150670 0.052817 0.029018
65 0.410211 0.251116 0.147887 0.064732
91 0.422535 0.303571 0.161972 0.087054
116 0.158451 0.327009 0.095070 0.066964
65 0.088028 0.831473 0.133803 0.089286
6 0.500000 0.021205 0.250000 0.042411
8 0.091549 0.035714 0.029930 0.021205
7 0.829225 0.070312 0.063380 0.013393
8 0.788732 0.069196 0.026408 0.021205
12 0.808099 0.106027 0.052817 0.044643
12 0.306338 0.118304 0.028169 0.023438
7 0.330986 0.132812 0.061620 0.013393
8 0.285211 0.132812 0.040493 0.026786
5 0.200704 0.136161 0.137324 0.027902
5 0.797535 0.156250 0.137324 0.027902
8 0.411972 0.206473 0.040493 0.026786
8 0.808099 0.232143 0.042254 0.026786
7 0.450704 0.262277 0.066901 0.013393
8 0.399648 0.262277 0.042254 0.026786
8 0.200704 0.363839 0.036972 0.023438
7 0.538732 0.483259 0.061620 0.013393
8 0.494718 0.483259 0.031690 0.022321
7 0.207746 0.511161 0.065141 0.012277
8 0.161972 0.510045 0.036972 0.029018
8 0.566901 0.520089 0.026408 0.021205
12 0.183099 0.566964 0.040493 0.025670
8 0.250000 0.621652 0.031690 0.022321
9 0.181338 0.629464 0.066901 0.049107
12 0.250000 0.638393 0.044014 0.032366
8 0.471831 0.756696 0.035211 0.022321
5 0.797535 0.772321 0.144366 0.024554
5 0.200704 0.773438 0.153169 0.024554
7 0.271127 0.787946 0.033451 0.012277
8 0.239437 0.787946 0.040493 0.026786
7 0.764085 0.801339 0.089789 0.014509
8 0.711268 0.801339 0.026408 0.021205
4 0.205986 0.822545 0.126761 0.015625
4 0.804577 0.822545 0.126761 0.015625
9 0.471831 0.847098 0.042254 0.031250
