0 0.500000 0.117188 0.211268 0.169643
18 0.633803 0.208705 0.049296 0.037946
2 0.200704 0.219866 0.214789 0.131696
3 0.797535 0.222098 0.207746 0.127232
53 0.248239 0.320312 0.056338 0.033482
115 0.649648 0.319196 0.091549 0.080357
16 0.492958 0.344866 0.056338 0.046875
85 0.288732 0.314732 0.102113 0.111607
38 0.748239 0.448661 0.098592 0.054688
114 0.181338 0.456473 0.140845 0.104911
106 0.195423 0.510045 0.165493 0.100446
22 0.242958 0.588170 0.077465 0.060268
102 0.473592 0.593750 0.211268 0.100446
77 0.795775 0.577009 0.149648 0.138393
149 0.640845 0.622768 0.105634 0.107143
143 0.315141 0.708705 0.080986 0.046875
80 0.475352 0.689732 0.147887 0.084821
122 0.397887 0.732143 0.169014 0.142857
2 0.200704 0.743304 0.176056 0.145089
1 0.797535 0.752232 0.190141 0.127232
0 0.500000 0.845982 0.221831 0.151786
36 0.320423 0.127232 0.464789 0.253348
36 0.186620 0.406250 0.371479 0.400670
6 0.500000 0.021205 0.250000 0.042411
4 0.809859 0.116071 0.126761 0.015625
5 0.200704 0.136161 0.156690 0.031250
5 0.799296 0.138393 0.142606 0.027902
7 0.647887 0.189732 0.058099 0.013393
8 0.602113 0.189732 0.040493 0.026786
9 0.633803 0.267857 0.038732 0.026786
8 0.649648 0.279018 0.031690 0.022321
7 0.264085 0.300223 0.061620 0.013393
8 0.218310 0.300223 0.038732 0.026786
7 0.517606 0.321429 0.061620 0.014509
8 0.475352 0.322545 0.028169 0.022321
153 0.734155 0.331473 0.049296 0.037946
7 0.186620 0.399554 0.029930 0.012277
8 0.158451 0.399554 0.036972 0.029018
8 0.750000 0.402902 0.036972 0.029018
12 0.181338 0.455357 0.045775 0.033482
7 0.813380 0.507812 0.065141 0.013393
8 0.764085 0.508929 0.036972 0.023438
8 0.473592 0.526786 0.035211 0.022321
7 0.281690 0.553571 0.091549 0.012277
9 0.183099 0.547991 0.036972 0.026786
8 0.221831 0.552455 0.036972 0.029018
7 0.676056 0.569196 0.093310 0.012277
8 0.612676 0.569196 0.040493 0.026786
8 0.397887 0.649554 0.038732 0.026786
12 0.475352 0.654018 0.047535 0.045759
7 0.316901 0.689732 0.033451 0.013393
8 0.286972 0.689732 0.035211 0.023438
9 0.475352 0.761161 0.054577 0.041295
9 0.316901 0.765625 0.058099 0.043527
5 0.200704 0.784598 0.137324 0.022321
5 0.799296 0.785714 0.142606 0.023438
6 0.500000 0.927455 0.253521 0.046875
