86 0.781690 0.549107 0.336268 0.166295
59 0.730634 0.120536 0.109155 0.056920
0 0.500000 0.112723 0.228873 0.178571
1 0.200704 0.224330 0.176056 0.122768
3 0.797535 0.220982 0.144366 0.129464
31 0.257042 0.351562 0.112676 0.075893
131 0.649648 0.536830 0.144366 0.089286
0 0.500000 0.852679 0.172535 0.137277
27 0.878521 0.414062 0.242958 0.136161
69 0.035211 0.696429 0.070423 0.064732
4 0.809859 0.113839 0.126761 0.015625
5 0.797535 0.137277 0.147887 0.029018
5 0.200704 0.146205 0.160211 0.031250
8 0.257042 0.303571 0.036972 0.023438
9 0.257042 0.409598 0.065141 0.046875
7 0.669014 0.488839 0.065141 0.013393
8 0.619718 0.488839 0.042254 0.026786
153 0.487676 0.618304 0.045775 0.035714
9 0.781690 0.656250 0.077465 0.056920
6 0.500000 0.936384 0.253521 0.046875
