33 0.866197 0.736607 0.267606 0.186384
89 0.649648 0.059152 0.105634 0.102679
0 0.500000 0.117188 0.197183 0.169643
1 0.200704 0.228795 0.151408 0.113839
34 0.404930 0.341518 0.183099 0.037946
59 0.869718 0.437500 0.061620 0.058036
21 0.197183 0.502232 0.077465 0.061384
81 0.475352 0.513393 0.165493 0.080357
88 0.105634 0.573661 0.123239 0.069196
16 0.464789 0.676339 0.047535 0.037946
1 0.200704 0.750000 0.181338 0.131696
106 0.801056 0.785714 0.165493 0.100446
0 0.500000 0.842634 0.239437 0.158482
39 0.901408 0.111607 0.066901 0.046875
24 0.191901 0.731027 0.059859 0.029018
6 0.500000 0.018973 0.235915 0.037946
8 0.901408 0.083705 0.028169 0.022321
5 0.200704 0.152902 0.142606 0.029018
12 0.404930 0.299107 0.051056 0.024554
8 0.404930 0.305804 0.028169 0.022321
9 0.404930 0.390625 0.044014 0.030134
8 0.475352 0.462054 0.026408 0.021205
7 0.218310 0.470982 0.063380 0.012277
8 0.174296 0.472098 0.031690 0.022321
8 0.105634 0.533482 0.038732 0.026786
8 0.191901 0.709821 0.028169 0.022321
7 0.818662 0.734375 0.059859 0.011161
8 0.771127 0.734375 0.042254 0.026786
5 0.200704 0.787946 0.142606 0.023438
9 0.801056 0.859375 0.073944 0.054688
6 0.500000 0.938616 0.253521 0.046875
