33 0.883803 0.301339 0.230634 0.181920
87 0.566901 0.513393 0.392606 0.199777
56 0.573944 0.814732 0.332746 0.166295
0 0.500000 0.125000 0.186620 0.154018
2 0.797535 0.219866 0.214789 0.131696
52 0.529930 0.641741 0.126761 0.055804
114 0.079225 0.676339 0.158451 0.087054
1 0.797535 0.755580 0.144366 0.120536
133 0.794014 0.842634 0.147887 0.080357
0 0.500000 0.834821 0.228873 0.174107
27 0.947183 0.325893 0.105634 0.087054
27 0.531690 0.367188 0.144366 0.091518
5 0.799296 0.138393 0.160211 0.031250
9 0.950704 0.427455 0.044014 0.029018
7 0.563380 0.612723 0.093310 0.013393
8 0.507042 0.612723 0.033451 0.022321
7 0.095070 0.627232 0.093310 0.012277
8 0.033451 0.628348 0.035211 0.022321
147 0.163732 0.733259 0.045775 0.037946
5 0.799296 0.785714 0.146127 0.023438
7 0.813380 0.799107 0.065141 0.014509
8 0.769366 0.800223 0.028169 0.020089
