151 0.411972 0.725446 0.443662 0.227679
0 0.500000 0.104911 0.257042 0.194196
2 0.200704 0.219866 0.177817 0.131696
37 0.619718 0.254464 0.107394 0.063616
113 0.853873 0.363839 0.119718 0.066964
105 0.075704 0.385045 0.130282 0.120536
130 0.785211 0.506696 0.154930 0.122768
130 0.464789 0.523438 0.161972 0.125000
134 0.169014 0.550223 0.183099 0.165179
73 0.862676 0.610491 0.105634 0.060268
74 0.633803 0.658482 0.084507 0.060268
139 0.515845 0.683036 0.133803 0.087054
101 0.411972 0.726562 0.133803 0.095982
2 0.200704 0.751116 0.179577 0.129464
3 0.797535 0.755580 0.137324 0.120536
75 0.683099 0.830357 0.080986 0.116071
0 0.500000 0.842634 0.239437 0.158482
65 0.103873 0.080357 0.130282 0.053571
27 0.551056 0.169643 0.151408 0.097098
94 0.901408 0.438616 0.197183 0.087054
8 0.103873 0.046875 0.038732 0.026786
5 0.200704 0.137277 0.154930 0.031250
7 0.095070 0.328125 0.061620 0.013393
8 0.049296 0.328125 0.040493 0.025670
8 0.855634 0.325893 0.044014 0.034598
7 0.978873 0.393973 0.042254 0.013393
8 0.943662 0.393973 0.040493 0.026786
12 0.075704 0.390625 0.056338 0.041295
9 0.853873 0.424107 0.045775 0.030134
8 0.785211 0.429688 0.031690 0.022321
8 0.464789 0.460938 0.040493 0.026786
7 0.186620 0.472098 0.065141 0.013393
8 0.144366 0.472098 0.028169 0.022321
12 0.785211 0.511161 0.077465 0.040179
12 0.862676 0.569196 0.035211 0.033482
7 0.873239 0.582589 0.035211 0.013393
8 0.845070 0.582589 0.029930 0.021205
9 0.785211 0.591518 0.072183 0.049107
7 0.517606 0.633929 0.033451 0.012277
8 0.485915 0.633929 0.040493 0.025670
14 0.411972 0.661830 0.070423 0.011161
8 0.411972 0.661830 0.038732 0.026786
9 0.862676 0.670759 0.049296 0.033482
12 0.411972 0.710938 0.036972 0.033482
8 0.683099 0.761161 0.028169 0.020089
5 0.799296 0.767857 0.142606 0.023438
5 0.200704 0.785714 0.151408 0.024554
4 0.808099 0.810268 0.126761 0.015625
