0 0.500000 0.123884 0.190141 0.156250
88 0.586268 0.186384 0.105634 0.080357
1 0.200704 0.224330 0.176056 0.122768
19 0.036972 0.337054 0.073944 0.051339
126 0.202465 0.392857 0.151408 0.109375
97 0.068662 0.546875 0.105634 0.080357
64 0.373239 0.606027 0.088028 0.084821
59 0.260563 0.621652 0.061620 0.058036
123 0.584507 0.602679 0.195423 0.125000
149 0.855634 0.614955 0.105634 0.102679
75 0.589789 0.640625 0.084507 0.127232
61 0.535211 0.718750 0.077465 0.069196
3 0.200704 0.739955 0.193662 0.151786
3 0.797535 0.748884 0.169014 0.133929
42 0.302817 0.809152 0.088028 0.060268
0 0.500000 0.839286 0.227113 0.165179
6 0.500000 0.023438 0.250000 0.042411
8 0.586268 0.133929 0.028169 0.020089
5 0.200704 0.145089 0.137324 0.027902
8 0.021127 0.310268 0.029930 0.021205
7 0.232394 0.341518 0.089789 0.012277
8 0.177817 0.341518 0.028169 0.022321
7 0.105634 0.507812 0.093310 0.013393
8 0.047535 0.507812 0.028169 0.020089
8 0.584507 0.539062 0.033451 0.022321
8 0.373239 0.542411 0.044014 0.034598
8 0.589789 0.562500 0.035211 0.023438
12 0.373239 0.578125 0.068662 0.041295
12 0.584507 0.594866 0.077465 0.040179
12 0.535211 0.687500 0.036972 0.033482
9 0.584507 0.703125 0.044014 0.032366
9 0.589789 0.732143 0.073944 0.054688
7 0.320423 0.779018 0.065141 0.013393
8 0.274648 0.779018 0.036972 0.023438
5 0.799296 0.779018 0.160211 0.025670
5 0.200704 0.782366 0.144366 0.020089
4 0.806338 0.815848 0.126761 0.015625
4 0.205986 0.819196 0.126761 0.015625
6 0.500000 0.931920 0.253521 0.046875
