138 0.677817 0.056920 0.158451 0.113839
1 0.200704 0.223214 0.151408 0.123884
81 0.640845 0.325893 0.154930 0.082589
34 0.366197 0.366071 0.214789 0.049107
140 0.190141 0.485491 0.070423 0.055804
112 0.367958 0.495536 0.105634 0.113839
127 0.623239 0.588170 0.137324 0.091518
30 0.637324 0.647321 0.095070 0.053571
83 0.739437 0.665179 0.084507 0.060268
75 0.580986 0.661830 0.154930 0.080357
62 0.250000 0.693080 0.098592 0.073661
3 0.797535 0.755580 0.137324 0.120536
0 0.500000 0.849330 0.165493 0.145089
93 0.359155 0.926339 0.070423 0.049107
36 0.845070 0.333705 0.309859 0.272321
7 0.714789 0.004464 0.091549 0.007812
8 0.660211 0.011161 0.028169 0.022321
12 0.679577 0.061384 0.029930 0.029018
5 0.200704 0.142857 0.153169 0.030134
9 0.677817 0.154018 0.028169 0.020089
8 0.640845 0.277902 0.035211 0.022321
12 0.640845 0.299107 0.059859 0.046875
7 0.373239 0.337054 0.033451 0.012277
8 0.338028 0.337054 0.044014 0.034598
9 0.640845 0.399554 0.058099 0.041295
8 0.369718 0.417411 0.044014 0.034598
12 0.190141 0.455357 0.035211 0.023438
8 0.623239 0.531250 0.036972 0.023438
9 0.190141 0.535714 0.063380 0.045759
8 0.637324 0.606027 0.040493 0.026786
8 0.580986 0.611607 0.036972 0.029018
8 0.739437 0.620536 0.036972 0.023438
7 0.265845 0.656250 0.063380 0.013393
8 0.216549 0.656250 0.042254 0.026786
5 0.799296 0.779018 0.160211 0.027902
4 0.804577 0.822545 0.126761 0.015625
12 0.359155 0.886161 0.024648 0.021205
7 0.382042 0.897321 0.066901 0.013393
8 0.339789 0.897321 0.028169 0.022321
6 0.500000 0.930804 0.253521 0.046875
