33 0.723592 0.310268 0.077465 0.063616
151 0.788732 0.356027 0.422535 0.229911
56 0.114437 0.819196 0.228873 0.166295
78 0.133803 0.106027 0.105634 0.080357
0 0.500000 0.116071 0.232394 0.171875
2 0.200704 0.219866 0.176056 0.131696
2 0.797535 0.219866 0.176056 0.131696
29 0.852113 0.273438 0.140845 0.066964
113 0.132042 0.302455 0.119718 0.066964
15 0.327465 0.360491 0.049296 0.035714
101 0.801056 0.357143 0.179577 0.107143
62 0.309859 0.435268 0.098592 0.073661
16 0.686620 0.527902 0.051056 0.042411
128 0.244718 0.514509 0.218310 0.138393
83 0.959507 0.616071 0.080986 0.051339
66 0.811620 0.604911 0.109155 0.075893
103 0.758803 0.657366 0.133803 0.087054
3 0.200704 0.751116 0.184859 0.129464
2 0.797535 0.748884 0.151408 0.133929
0 0.500000 0.847098 0.190141 0.149554
65 0.244718 0.378348 0.137324 0.055804
65 0.915493 0.371652 0.123239 0.091518
41 0.214789 0.474330 0.116197 0.116071
39 0.589789 0.529018 0.070423 0.049107
24 0.357394 0.659598 0.102113 0.024554
6 0.500000 0.022321 0.250000 0.044643
5 0.799296 0.136161 0.156690 0.031250
5 0.200704 0.138393 0.161972 0.032366
8 0.852113 0.233259 0.035211 0.022321
7 0.140845 0.263393 0.033451 0.012277
8 0.114437 0.264509 0.028169 0.020089
14 0.801056 0.284598 0.070423 0.011161
7 0.823944 0.297991 0.065141 0.013393
8 0.778169 0.297991 0.031690 0.022321
8 0.327465 0.337054 0.028169 0.022321
8 0.244718 0.337054 0.035211 0.022321
8 0.309859 0.399554 0.026408 0.021205
7 0.239437 0.416295 0.061620 0.013393
8 0.193662 0.417411 0.036972 0.023438
9 0.327465 0.415179 0.047535 0.033482
153 0.519366 0.426339 0.052817 0.033482
7 0.264085 0.448661 0.063380 0.013393
8 0.220070 0.448661 0.035211 0.022321
7 0.612676 0.506696 0.065141 0.012277
8 0.568662 0.505580 0.028169 0.020089
7 0.848592 0.564732 0.091549 0.012277
8 0.785211 0.564732 0.044014 0.034598
7 0.978873 0.594866 0.042254 0.013393
8 0.940141 0.593750 0.044014 0.034598
8 0.758803 0.611607 0.031690 0.022321
7 0.362676 0.645089 0.033451 0.012277
8 0.334507 0.645089 0.036972 0.023438
12 0.758803 0.647321 0.042254 0.026786
9 0.758803 0.734375 0.059859 0.043527
5 0.200704 0.779018 0.146127 0.023438
5 0.799296 0.783482 0.139085 0.022321
4 0.207746 0.814732 0.123239 0.015625
