50 0.806338 0.084821 0.387324 0.169643
72 0.679577 0.060268 0.137324 0.098214
66 0.306338 0.073661 0.112676 0.073661
46 0.623239 0.104911 0.088028 0.093750
124 0.366197 0.159598 0.072183 0.062500
0 0.500000 0.118304 0.214789 0.167411
3 0.200704 0.222098 0.207746 0.127232
1 0.797535 0.223214 0.151408 0.123884
40 0.301056 0.273438 0.137324 0.084821
29 0.147887 0.304688 0.140845 0.066964
22 0.514085 0.313616 0.073944 0.053571
67 0.429577 0.353795 0.112676 0.078125
58 0.373239 0.360491 0.109155 0.080357
22 0.318662 0.414062 0.084507 0.058036
89 0.455986 0.552455 0.105634 0.104911
42 0.626761 0.585938 0.077465 0.066964
40 0.524648 0.595982 0.135563 0.091518
103 0.577465 0.606027 0.133803 0.087054
71 0.369718 0.655134 0.073944 0.082589
130 0.795775 0.661830 0.165493 0.104911
21 0.360915 0.718750 0.066901 0.051339
3 0.200704 0.748884 0.183099 0.133929
2 0.797535 0.743304 0.176056 0.145089
0 0.500000 0.845982 0.221831 0.151786
115 0.373239 0.920759 0.119718 0.078125
84 0.922535 0.742188 0.151408 0.082589
8 0.679577 0.011161 0.033451 0.022321
6 0.500000 0.018973 0.235915 0.037946
7 0.345070 0.035714 0.089789 0.014509
8 0.292254 0.035714 0.026408 0.021205
8 0.623239 0.035714 0.044014 0.034598
12 0.679577 0.060268 0.038732 0.026786
4 0.211268 0.116071 0.126761 0.015625
8 0.366197 0.127232 0.029930 0.021205
5 0.200704 0.142857 0.139085 0.027902
5 0.797535 0.146205 0.140845 0.026786
9 0.809859 0.209821 0.036972 0.027902
7 0.316901 0.227679 0.061620 0.013393
8 0.267606 0.227679 0.042254 0.026786
7 0.181338 0.274554 0.091549 0.012277
8 0.125000 0.273438 0.028169 0.022321
7 0.519366 0.285714 0.035211 0.012277
8 0.487676 0.285714 0.035211 0.022321
7 0.454225 0.311384 0.063380 0.011161
7 0.396127 0.314732 0.063380 0.013393
8 0.410211 0.311384 0.035211 0.022321
8 0.348592 0.314732 0.040493 0.026786
9 0.301056 0.349330 0.028169 0.020089
8 0.318662 0.373884 0.042254 0.026786
7 0.475352 0.495536 0.063380 0.013393
8 0.429577 0.495536 0.035211 0.022321
7 0.644366 0.554688 0.061620 0.013393
8 0.577465 0.549107 0.044014 0.034598
8 0.595070 0.555804 0.044014 0.034598
7 0.816901 0.609375 0.061620 0.012277
8 0.369718 0.606027 0.035211 0.022321
8 0.774648 0.609375 0.029930 0.021205
147 0.153169 0.606027 0.049296 0.037946
7 0.383803 0.690848 0.058099 0.011161
8 0.338028 0.689732 0.040493 0.025670
7 0.947183 0.705357 0.061620 0.012277
12 0.922535 0.727679 0.035211 0.030134
9 0.369718 0.736607 0.038732 0.026786
5 0.200704 0.763393 0.156690 0.030134
5 0.799296 0.772321 0.139085 0.023438
4 0.207746 0.822545 0.126761 0.015625
7 0.397887 0.881696 0.063380 0.013393
8 0.352113 0.881696 0.040493 0.026786
12 0.373239 0.912946 0.035211 0.029018
