107 0.640845 0.071429 0.137324 0.142857
0 0.500000 0.125000 0.190141 0.154018
89 0.146127 0.313616 0.105634 0.104911
117 0.857394 0.350446 0.119718 0.078125
138 0.596831 0.497768 0.158451 0.113839
142 0.813380 0.549107 0.088028 0.062500
40 0.910211 0.536830 0.130282 0.093750
102 0.855634 0.602679 0.197183 0.078125
72 0.420775 0.594866 0.137324 0.098214
102 0.647887 0.684152 0.197183 0.078125
42 0.707747 0.693080 0.088028 0.062500
122 0.172535 0.670759 0.186620 0.113839
21 0.408451 0.783482 0.073944 0.044643
105 0.637324 0.754464 0.176056 0.116071
3 0.200704 0.739955 0.193662 0.151786
2 0.797535 0.738839 0.172535 0.154018
0 0.500000 0.850446 0.214789 0.142857
92 0.315141 0.242188 0.169014 0.075893
116 0.473592 0.246652 0.102113 0.069196
8 0.640845 0.013393 0.038732 0.026786
7 0.348592 0.207589 0.091549 0.012277
8 0.292254 0.206473 0.033451 0.022321
8 0.147887 0.245536 0.036972 0.023438
12 0.146127 0.299107 0.045775 0.029018
7 0.880282 0.308036 0.061620 0.013393
8 0.838028 0.308036 0.028169 0.022321
9 0.315141 0.316964 0.045775 0.032366
8 0.596831 0.430804 0.028169 0.022321
7 0.943662 0.488839 0.091549 0.013393
8 0.889085 0.488839 0.028169 0.022321
12 0.813380 0.515625 0.031690 0.031250
8 0.788732 0.520089 0.028169 0.022321
8 0.420775 0.535714 0.035211 0.022321
8 0.855634 0.562500 0.028169 0.022321
7 0.200704 0.609375 0.065141 0.013393
8 0.153169 0.609375 0.035211 0.022321
8 0.647887 0.636161 0.033451 0.021205
7 0.725352 0.667411 0.061620 0.012277
8 0.677817 0.666295 0.042254 0.026786
8 0.637324 0.693080 0.040493 0.026786
7 0.447183 0.761161 0.089789 0.012277
8 0.387324 0.762277 0.040493 0.026786
5 0.200704 0.770089 0.151408 0.024554
5 0.799296 0.771205 0.139085 0.022321
4 0.205986 0.820312 0.126761 0.015625
