110 0.408451 0.043527 0.112676 0.073661
75 0.771127 0.139509 0.080986 0.116071
0 0.500000 0.125000 0.193662 0.154018
126 0.117958 0.194196 0.151408 0.109375
2 0.797535 0.219866 0.183099 0.131696
85 0.582747 0.341518 0.109155 0.100446
37 0.165493 0.381696 0.105634 0.056920
28 0.568662 0.387277 0.116197 0.075893
134 0.265845 0.370536 0.197183 0.138393
127 0.193662 0.421875 0.137324 0.091518
88 0.140845 0.513393 0.109155 0.075893
34 0.786972 0.541295 0.214789 0.049107
20 0.635563 0.585938 0.073944 0.049107
137 0.244718 0.625000 0.056338 0.035714
63 0.734155 0.686384 0.091549 0.064732
21 0.146127 0.872768 0.080986 0.046875
0 0.500000 0.838170 0.197183 0.167411
71 0.529930 0.911830 0.066901 0.084821
68 0.359155 0.910714 0.119718 0.095982
150 0.695423 0.183036 0.095070 0.069196
65 0.197183 0.858259 0.130282 0.080357
7 0.429577 0.006696 0.063380 0.012277
8 0.383803 0.013393 0.038732 0.026786
8 0.771127 0.082589 0.033451 0.021205
7 0.140845 0.136161 0.063380 0.012277
8 0.100352 0.137277 0.028169 0.022321
5 0.797535 0.138393 0.144366 0.029018
12 0.771127 0.142857 0.038732 0.033482
7 0.299296 0.301339 0.095070 0.012277
8 0.235915 0.301339 0.040493 0.026786
8 0.570423 0.339286 0.036972 0.023438
8 0.165493 0.352679 0.026408 0.021205
8 0.193662 0.371652 0.028169 0.020089
12 0.568662 0.380580 0.042254 0.029018
9 0.165493 0.445312 0.047535 0.031250
9 0.568662 0.446429 0.059859 0.043527
7 0.142606 0.479911 0.035211 0.012277
8 0.109155 0.479911 0.042254 0.026786
8 0.788732 0.502232 0.036972 0.023438
12 0.140845 0.501116 0.059859 0.037946
8 0.635563 0.553571 0.028169 0.020089
7 0.267606 0.608259 0.061620 0.013393
8 0.221831 0.607143 0.036972 0.023438
8 0.735915 0.642857 0.029930 0.021205
8 0.197183 0.799107 0.042254 0.026786
8 0.147887 0.850446 0.026408 0.021205
8 0.359155 0.854911 0.031690 0.022321
12 0.197183 0.859375 0.019366 0.016741
7 0.544014 0.866071 0.059859 0.012277
8 0.505282 0.867188 0.028169 0.022321
9 0.197183 0.921875 0.068662 0.045759
