33 0.323944 0.165179 0.364437 0.186384
86 0.153169 0.359375 0.306338 0.166295
56 0.607394 0.783482 0.334507 0.166295
22 0.751761 0.078125 0.059859 0.053571
0 0.500000 0.126116 0.190141 0.151786
112 0.417254 0.176339 0.140845 0.093750
29 0.327465 0.198661 0.140845 0.066964
2 0.797535 0.219866 0.176056 0.131696
100 0.144366 0.252232 0.147887 0.091518
68 0.695423 0.342634 0.084507 0.049107
21 0.042254 0.433036 0.084507 0.049107
61 0.253521 0.439732 0.102113 0.071429
126 0.848592 0.531250 0.151408 0.109375
40 0.135563 0.599330 0.137324 0.084821
71 0.647887 0.597098 0.073944 0.089286
83 0.239437 0.613839 0.088028 0.062500
83 0.746479 0.619420 0.080986 0.060268
15 0.910211 0.641741 0.066901 0.044643
37 0.507042 0.660714 0.075704 0.077009
118 0.193662 0.679688 0.105634 0.084821
97 0.857394 0.684152 0.088028 0.093750
113 0.586268 0.719866 0.126761 0.069196
20 0.508803 0.770089 0.066901 0.053571
73 0.690141 0.774554 0.102113 0.060268
3 0.200704 0.751116 0.184859 0.129464
1 0.799296 0.742188 0.184859 0.147321
0 0.500000 0.850446 0.190141 0.142857
94 0.855634 0.617188 0.197183 0.089286
8 0.751761 0.032366 0.042254 0.026786
6 0.500000 0.029018 0.250000 0.042411
7 0.422535 0.129464 0.033451 0.012277
8 0.396127 0.129464 0.028169 0.022321
5 0.797535 0.138393 0.144366 0.029018
7 0.345070 0.161830 0.061620 0.013393
8 0.304577 0.161830 0.028169 0.020089
12 0.419014 0.174107 0.054577 0.041295
8 0.144366 0.193080 0.031690 0.022321
9 0.419014 0.262277 0.040493 0.029018
9 0.327465 0.263393 0.049296 0.035714
7 0.735915 0.319196 0.089789 0.012277
8 0.674296 0.319196 0.038732 0.026786
8 0.253521 0.404018 0.028169 0.022321
8 0.848592 0.467634 0.031690 0.022321
8 0.647887 0.540179 0.035211 0.022321
7 0.154930 0.561384 0.063380 0.013393
8 0.109155 0.561384 0.036972 0.029018
8 0.855634 0.562500 0.044014 0.034598
8 0.746479 0.570312 0.036972 0.029018
8 0.211268 0.577009 0.035211 0.022321
12 0.647887 0.580357 0.038732 0.022321
12 0.239437 0.583705 0.035211 0.033482
12 0.746479 0.591518 0.029930 0.020089
8 0.507042 0.606027 0.040493 0.026786
8 0.910211 0.618304 0.028169 0.022321
7 0.860915 0.636161 0.035211 0.013393
7 0.193662 0.638393 0.033451 0.012277
8 0.827465 0.636161 0.042254 0.026786
8 0.165493 0.638393 0.031690 0.022321
8 0.586268 0.683036 0.028169 0.020089
9 0.746479 0.680804 0.059859 0.043527
7 0.528169 0.737723 0.065141 0.013393
7 0.714789 0.739955 0.065141 0.013393
12 0.690141 0.727679 0.052817 0.041295
8 0.669014 0.739955 0.036972 0.029018
8 0.478873 0.736607 0.044014 0.034598
5 0.200704 0.771205 0.154930 0.026786
5 0.797535 0.774554 0.137324 0.022321
9 0.588028 0.786830 0.040493 0.031250
4 0.209507 0.819196 0.126761 0.015625
