0 0.500000 0.126116 0.186620 0.151786
1 0.200704 0.223214 0.151408 0.123884
1 0.797535 0.214286 0.193662 0.142857
15 0.431338 0.291295 0.052817 0.037946
106 0.533451 0.328125 0.165493 0.100446
30 0.500000 0.720982 0.073944 0.062500
1 0.200704 0.752232 0.154930 0.128348
3 0.797535 0.763393 0.130282 0.104911
0 0.500000 0.849330 0.165493 0.145089
54 0.355634 0.732143 0.151408 0.091518
91 0.721831 0.738839 0.158451 0.080357
5 0.797535 0.125000 0.151408 0.032366
5 0.200704 0.142857 0.149648 0.030134
7 0.556338 0.282366 0.061620 0.013393
8 0.510563 0.282366 0.040493 0.026786
7 0.503521 0.691964 0.035211 0.012277
8 0.478873 0.691964 0.026408 0.021205
8 0.721831 0.694196 0.031690 0.022321
5 0.200704 0.776786 0.137324 0.023438
5 0.797535 0.781250 0.140845 0.018973
4 0.808099 0.814732 0.126761 0.015625
