33 0.802817 0.234375 0.364437 0.181920
50 0.112676 0.575893 0.225352 0.199777
42 0.746479 0.110491 0.073944 0.064732
0 0.500000 0.126116 0.183099 0.151786
3 0.200704 0.216518 0.218310 0.138393
2 0.797535 0.218750 0.179577 0.133929
105 0.204225 0.358259 0.130282 0.120536
121 0.556338 0.379464 0.126761 0.084821
138 0.892606 0.377232 0.165493 0.107143
76 0.190141 0.414062 0.186620 0.118304
76 0.794014 0.450893 0.119718 0.125000
42 0.478873 0.525670 0.073944 0.064732
30 0.463028 0.584821 0.073944 0.062500
124 0.250000 0.590402 0.123239 0.064732
42 0.577465 0.607143 0.073944 0.064732
131 0.580986 0.687500 0.144366 0.089286
1 0.200704 0.744420 0.186620 0.142857
3 0.797535 0.748884 0.169014 0.133929
0 0.500000 0.850446 0.190141 0.142857
72 0.549296 0.909598 0.137324 0.095982
116 0.052817 0.079241 0.105634 0.066964
91 0.193662 0.523438 0.144366 0.089286
4 0.211268 0.104911 0.126761 0.015625
5 0.799296 0.133929 0.156690 0.031250
5 0.200704 0.133929 0.160211 0.032366
147 0.415493 0.261161 0.044014 0.037946
8 0.204225 0.285714 0.033451 0.021205
7 0.917253 0.321429 0.063380 0.013393
8 0.873239 0.321429 0.031690 0.022321
8 0.556338 0.325893 0.028169 0.020089
7 0.200704 0.357143 0.033451 0.012277
8 0.172535 0.357143 0.036972 0.023438
9 0.802817 0.343750 0.068662 0.050223
7 0.808099 0.381696 0.059859 0.012277
8 0.764085 0.382812 0.036972 0.029018
12 0.795775 0.456473 0.033451 0.029018
7 0.213028 0.483259 0.066901 0.013393
8 0.165493 0.483259 0.036972 0.029018
7 0.501761 0.549107 0.091549 0.012277
8 0.440141 0.549107 0.044014 0.034598
7 0.265845 0.562500 0.063380 0.014509
8 0.220070 0.562500 0.038732 0.026786
7 0.609155 0.571429 0.091549 0.013393
8 0.556338 0.571429 0.026408 0.021205
8 0.580986 0.630580 0.042254 0.026786
9 0.577465 0.662946 0.056338 0.041295
5 0.797535 0.764509 0.147887 0.024554
9 0.580986 0.754464 0.072183 0.053571
5 0.200704 0.781250 0.144366 0.024554
4 0.804577 0.820312 0.126761 0.015625
7 0.584507 0.866071 0.093310 0.013393
8 0.531690 0.866071 0.026408 0.021205
6 0.500000 0.934152 0.253521 0.046875
