112 0.093310 0.082589 0.105634 0.100446
88 0.873239 0.097098 0.109155 0.080357
103 0.355634 0.149554 0.151408 0.084821
0 0.500000 0.113839 0.211268 0.176339
83 0.098592 0.219866 0.109155 0.062500
133 0.308099 0.212054 0.147887 0.080357
3 0.200704 0.222098 0.154930 0.127232
1 0.797535 0.224330 0.176056 0.122768
149 0.197183 0.293527 0.105634 0.102679
130 0.524648 0.311384 0.144366 0.107143
98 0.198944 0.335938 0.095070 0.064732
93 0.521127 0.401786 0.070423 0.049107
34 0.322183 0.407366 0.176056 0.040179
139 0.640845 0.421875 0.130282 0.069196
88 0.725352 0.429688 0.098592 0.091518
126 0.204225 0.479911 0.151408 0.109375
52 0.911972 0.575893 0.109155 0.066964
63 0.265845 0.688616 0.080986 0.071429
88 0.089789 0.708705 0.105634 0.080357
90 0.702465 0.755580 0.073944 0.053571
135 0.323944 0.742188 0.147887 0.091518
1 0.200704 0.754464 0.176056 0.122768
1 0.799296 0.750000 0.209507 0.130580
0 0.500000 0.847098 0.228873 0.149554
27 0.514085 0.181920 0.267606 0.136161
116 0.679577 0.649554 0.091549 0.058036
7 0.109155 0.026786 0.063380 0.013393
8 0.063380 0.026786 0.035211 0.022321
8 0.873239 0.042411 0.033451 0.022321
12 0.095070 0.063616 0.058099 0.035714
7 0.380282 0.104911 0.063380 0.012277
10 0.269366 0.098214 0.165493 0.083705
12 0.355634 0.142857 0.022887 0.018973
5 0.200704 0.140625 0.158451 0.032366
5 0.797535 0.147321 0.137324 0.027902
8 0.308099 0.165179 0.028169 0.020089
7 0.133803 0.191964 0.089789 0.012277
8 0.077465 0.191964 0.036972 0.023438
9 0.355634 0.212054 0.056338 0.041295
8 0.197183 0.226562 0.028169 0.020089
8 0.524648 0.248884 0.040493 0.026786
10 0.934859 0.261161 0.084507 0.047991
8 0.198944 0.293527 0.042254 0.026786
10 0.934859 0.289062 0.102113 0.049107
8 0.725352 0.369420 0.038732 0.026786
8 0.521127 0.371652 0.040493 0.026786
7 0.670775 0.386161 0.091549 0.012277
7 0.355634 0.386161 0.096831 0.014509
8 0.612676 0.386161 0.036972 0.023438
8 0.292254 0.387277 0.040493 0.026786
9 0.198944 0.401786 0.059859 0.043527
12 0.640845 0.412946 0.022887 0.020089
8 0.204225 0.416295 0.040493 0.026786
10 0.936620 0.430804 0.107394 0.065848
9 0.323944 0.466518 0.033451 0.023438
9 0.521127 0.459821 0.058099 0.043527
9 0.640845 0.486607 0.058099 0.042411
9 0.725352 0.506696 0.044014 0.032366
10 0.936620 0.537946 0.089789 0.050223
10 0.063380 0.539062 0.098592 0.055804
7 0.304577 0.658482 0.095070 0.010045
8 0.242958 0.658482 0.036972 0.023438
7 0.109155 0.670759 0.058099 0.013393
8 0.066901 0.670759 0.040493 0.026786
7 0.357394 0.696429 0.091549 0.012277
8 0.302817 0.696429 0.029930 0.021205
8 0.704225 0.727679 0.026408 0.021205
9 0.267606 0.747768 0.058099 0.040179
5 0.200704 0.780134 0.147887 0.024554
5 0.797535 0.789062 0.137324 0.022321
9 0.323944 0.818080 0.058099 0.042411
10 0.771127 0.924107 0.156690 0.079241
