87 0.371479 0.290179 0.394366 0.197545
56 0.897887 0.368304 0.204225 0.166295
89 0.258803 0.055804 0.105634 0.102679
0 0.500000 0.116071 0.232394 0.171875
1 0.200704 0.223214 0.151408 0.123884
2 0.797535 0.218750 0.179577 0.133929
64 0.063380 0.287946 0.126761 0.091518
73 0.633803 0.521205 0.077465 0.062500
89 0.410211 0.568080 0.105634 0.102679
85 0.242958 0.559152 0.144366 0.122768
15 0.086268 0.604911 0.052817 0.035714
37 0.781690 0.642857 0.110915 0.053571
22 0.529930 0.646205 0.088028 0.049107
114 0.130282 0.650670 0.154930 0.089286
85 0.350352 0.652902 0.105634 0.104911
15 0.044014 0.727679 0.045775 0.035714
138 0.586268 0.699777 0.169014 0.107143
2 0.200704 0.743304 0.176056 0.145089
2 0.797535 0.739955 0.197183 0.151786
77 0.850352 0.768973 0.151408 0.133929
0 0.500000 0.845982 0.221831 0.151786
65 0.471831 0.463170 0.105634 0.082589
116 0.200704 0.754464 0.116197 0.058036
5 0.797535 0.132812 0.147887 0.029018
5 0.200704 0.151786 0.158451 0.039062
7 0.073944 0.241071 0.061620 0.012277
8 0.028169 0.239955 0.035211 0.022321
8 0.471831 0.420759 0.033451 0.022321
8 0.633803 0.477679 0.026408 0.021205
8 0.242958 0.486607 0.040493 0.026786
7 0.431338 0.520089 0.059859 0.011161
8 0.390845 0.520089 0.033451 0.021205
7 0.105634 0.587054 0.063380 0.012277
9 0.633803 0.578125 0.047535 0.035714
8 0.063380 0.585938 0.028169 0.022321
8 0.130282 0.603795 0.028169 0.022321
12 0.531690 0.604911 0.036972 0.023438
7 0.549296 0.619420 0.063380 0.013393
8 0.507042 0.619420 0.028169 0.022321
7 0.621479 0.647321 0.095070 0.010045
8 0.565141 0.647321 0.028169 0.020089
9 0.086268 0.665179 0.035211 0.025670
12 0.045775 0.690848 0.036972 0.031250
7 0.890845 0.703125 0.096831 0.014509
7 0.065141 0.704241 0.063380 0.013393
8 0.830986 0.702009 0.028169 0.022321
8 0.021127 0.704241 0.042254 0.026786
5 0.200704 0.763393 0.139085 0.023438
5 0.797535 0.775670 0.151408 0.024554
9 0.045775 0.774554 0.054577 0.040179
6 0.500000 0.933036 0.253521 0.046875
