119 0.482394 0.331473 0.450704 0.227679
142 0.352113 0.046875 0.098592 0.066964
0 0.500000 0.117188 0.211268 0.169643
2 0.200704 0.219866 0.183099 0.131696
44 0.616197 0.251116 0.158451 0.174107
67 0.801056 0.427455 0.112676 0.078125
16 0.320423 0.703125 0.052817 0.042411
3 0.200704 0.739955 0.193662 0.151786
3 0.797535 0.746652 0.190141 0.138393
0 0.500000 0.850446 0.214789 0.142857
28 0.941901 0.893973 0.116197 0.071429
65 0.510563 0.050223 0.130282 0.062500
26 0.394366 0.797991 0.279930 0.136161
7 0.373239 0.016741 0.063380 0.013393
8 0.329225 0.016741 0.031690 0.022321
12 0.352113 0.020089 0.031690 0.030134
10 0.278169 0.098214 0.174296 0.083705
5 0.200704 0.139509 0.158451 0.031250
8 0.616197 0.164062 0.035211 0.022321
10 0.063380 0.263393 0.107394 0.055804
10 0.936620 0.274554 0.096831 0.046875
10 0.063380 0.321429 0.109155 0.061384
8 0.801056 0.388393 0.035211 0.022321
10 0.936620 0.495536 0.089789 0.054688
10 0.934859 0.520089 0.098592 0.054688
10 0.063380 0.660714 0.102113 0.055804
5 0.200704 0.765625 0.139085 0.022321
5 0.797535 0.779018 0.158451 0.025670
10 0.936620 0.776786 0.093310 0.056920
4 0.806338 0.819196 0.126761 0.015625
4 0.207746 0.821429 0.126761 0.015625
8 0.950704 0.848214 0.036972 0.023438
10 0.771127 0.930804 0.142606 0.068080
