104 0.390845 0.118304 0.077465 0.055804
0 0.500000 0.123884 0.197183 0.156250
22 0.551056 0.227679 0.095070 0.046875
18 0.445423 0.229911 0.077465 0.051339
2 0.200704 0.219866 0.183099 0.131696
1 0.797535 0.223214 0.151408 0.123884
38 0.535211 0.350446 0.086268 0.075893
51 0.843310 0.617188 0.172535 0.095982
121 0.482394 0.718750 0.098592 0.066964
1 0.799296 0.750000 0.170775 0.130580
0 0.500000 0.847098 0.190141 0.149554
7 0.404930 0.091518 0.061620 0.013393
8 0.364437 0.091518 0.028169 0.020089
5 0.799296 0.142857 0.135563 0.026786
5 0.200704 0.140625 0.161972 0.033482
7 0.471831 0.206473 0.061620 0.013393
8 0.551056 0.203125 0.035211 0.022321
8 0.422535 0.206473 0.042254 0.026786
7 0.570423 0.308036 0.093310 0.012277
8 0.507042 0.308036 0.040493 0.026786
8 0.843310 0.571429 0.031690 0.022321
7 0.482394 0.683036 0.033451 0.012277
8 0.454225 0.683036 0.031690 0.022321
9 0.482394 0.781250 0.042254 0.030134
5 0.799296 0.785714 0.146127 0.027902
