56 0.132042 0.109375 0.264085 0.166295
0 0.500000 0.112723 0.225352 0.178571
146 0.757042 0.275670 0.109155 0.100446
28 0.794014 0.351562 0.119718 0.078125
111 0.628521 0.352679 0.151408 0.131696
100 0.517606 0.397321 0.154930 0.095982
43 0.799296 0.468750 0.098592 0.080357
70 0.403169 0.643973 0.102113 0.075893
131 0.112676 0.732143 0.144366 0.089286
2 0.200704 0.739955 0.169014 0.151786
2 0.797535 0.743304 0.176056 0.145089
0 0.500000 0.845982 0.221831 0.151786
84 0.419014 0.457589 0.144366 0.095982
6 0.500000 0.021205 0.250000 0.042411
7 0.778169 0.227679 0.061620 0.012277
8 0.737676 0.226562 0.028169 0.022321
7 0.653169 0.291295 0.063380 0.011161
8 0.609155 0.291295 0.036972 0.029018
7 0.816901 0.308036 0.065141 0.012277
8 0.772887 0.308036 0.031690 0.022321
7 0.538732 0.352679 0.065141 0.014509
8 0.496479 0.351562 0.028169 0.020089
12 0.630282 0.372768 0.036972 0.030134
8 0.419014 0.401786 0.028169 0.022321
7 0.822183 0.424107 0.063380 0.013393
8 0.781690 0.424107 0.029930 0.021205
9 0.630282 0.446429 0.054577 0.040179
12 0.799296 0.453125 0.047535 0.030134
9 0.799296 0.537946 0.063380 0.049107
7 0.426056 0.600446 0.063380 0.013393
8 0.383803 0.600446 0.033451 0.022321
7 0.133803 0.689732 0.061620 0.012277
8 0.089789 0.688616 0.035211 0.022321
12 0.112676 0.723214 0.054577 0.032366
5 0.200704 0.784598 0.153169 0.024554
5 0.797535 0.787946 0.154930 0.021205
9 0.112676 0.801339 0.065141 0.046875
