151 0.431338 0.222098 0.443662 0.227679
0 0.500000 0.118304 0.218310 0.167411
1 0.797535 0.228795 0.158451 0.113839
143 0.737676 0.268973 0.077465 0.060268
101 0.431338 0.222098 0.154930 0.162946
59 0.859155 0.287946 0.073944 0.050223
18 0.466549 0.287946 0.063380 0.055804
71 0.082746 0.279018 0.066901 0.109375
80 0.394366 0.287946 0.140845 0.104911
96 0.478873 0.381696 0.119718 0.062500
55 0.746479 0.514509 0.077465 0.075893
44 0.473592 0.531250 0.176056 0.180804
22 0.957747 0.618304 0.084507 0.049107
128 0.570423 0.593750 0.188380 0.103795
77 0.475352 0.600446 0.149648 0.138393
132 0.151408 0.631696 0.147887 0.102679
73 0.697183 0.665179 0.119718 0.062500
52 0.424296 0.674107 0.123239 0.064732
105 0.070423 0.732143 0.140845 0.098214
2 0.797535 0.751116 0.179577 0.129464
44 0.375000 0.796875 0.137324 0.133929
39 0.359155 0.816964 0.073944 0.042411
150 0.857394 0.885045 0.102113 0.080357
14 0.431338 0.122768 0.073944 0.013393
8 0.431338 0.129464 0.031690 0.022321
5 0.797535 0.154018 0.151408 0.030134
7 0.107394 0.218750 0.063380 0.013393
8 0.066901 0.218750 0.028169 0.022321
8 0.739437 0.219866 0.040493 0.026786
7 0.419014 0.232143 0.065141 0.012277
8 0.373239 0.232143 0.036972 0.029018
7 0.484155 0.256696 0.063380 0.012277
8 0.443662 0.255580 0.028169 0.020089
12 0.737676 0.252232 0.045775 0.029018
12 0.084507 0.267857 0.026408 0.021205
9 0.737676 0.323661 0.059859 0.043527
9 0.433099 0.337054 0.044014 0.031250
7 0.510563 0.348214 0.091549 0.012277
12 0.478873 0.341518 0.059859 0.033482
8 0.454225 0.348214 0.028169 0.020089
9 0.084507 0.352679 0.061620 0.045759
8 0.475352 0.437500 0.029930 0.021205
8 0.746479 0.466518 0.036972 0.029018
12 0.746479 0.484375 0.040493 0.031250
8 0.473592 0.514509 0.031690 0.022321
8 0.568662 0.539062 0.042254 0.026786
7 0.193662 0.580357 0.095070 0.010045
8 0.135563 0.580357 0.028169 0.022321
9 0.746479 0.589286 0.044014 0.032366
7 0.725352 0.628348 0.065141 0.013393
8 0.676056 0.629464 0.044014 0.034598
12 0.697183 0.633929 0.047535 0.030134
7 0.441901 0.645089 0.063380 0.011161
8 0.401408 0.645089 0.029930 0.021205
8 0.038732 0.674107 0.028169 0.020089
7 0.401408 0.725446 0.065141 0.012277
8 0.350352 0.725446 0.042254 0.026786
5 0.797535 0.771205 0.151408 0.024554
8 0.339789 0.799107 0.035211 0.022321
12 0.376761 0.801339 0.033451 0.030134
