56 0.478873 0.734375 0.334507 0.166295
0 0.500000 0.125000 0.193662 0.154018
3 0.200704 0.222098 0.154930 0.127232
2 0.799296 0.216518 0.188380 0.138393
118 0.264085 0.398438 0.112676 0.089286
30 0.241197 0.454241 0.102113 0.058036
19 0.741197 0.536830 0.063380 0.037946
72 0.559859 0.573661 0.137324 0.098214
37 0.353873 0.758929 0.126761 0.059152
2 0.200704 0.739955 0.197183 0.151786
2 0.797535 0.731027 0.179577 0.169643
145 0.286972 0.801339 0.105634 0.062500
0 0.500000 0.841518 0.221831 0.160714
65 0.056338 0.315848 0.112676 0.075893
4 0.211268 0.116071 0.126761 0.015625
5 0.799296 0.131696 0.160211 0.032366
5 0.200704 0.142857 0.137324 0.026786
7 0.084507 0.275670 0.089789 0.013393
8 0.024648 0.274554 0.035211 0.023438
12 0.052817 0.305804 0.024648 0.023438
8 0.264085 0.352679 0.028169 0.022321
7 0.264085 0.426339 0.063380 0.013393
8 0.221831 0.426339 0.028169 0.020089
8 0.559859 0.513393 0.031690 0.022321
7 0.389085 0.732143 0.091549 0.012277
8 0.329225 0.732143 0.038732 0.026786
5 0.200704 0.770089 0.158451 0.025670
5 0.799296 0.781250 0.153169 0.026786
9 0.478873 0.850446 0.033451 0.024554
6 0.500000 0.937500 0.253521 0.046875
