80 0.897887 0.114955 0.105634 0.093750
0 0.500000 0.118304 0.218310 0.167411
29 0.468310 0.190848 0.140845 0.066964
77 0.584507 0.169643 0.149648 0.138393
2 0.200704 0.219866 0.176056 0.131696
3 0.797535 0.216518 0.218310 0.138393
19 0.742958 0.279018 0.063380 0.037946
143 0.125000 0.283482 0.088028 0.042411
115 0.415493 0.291295 0.123239 0.089286
45 0.248239 0.303571 0.102113 0.071429
141 0.464789 0.285714 0.119718 0.106027
98 0.436620 0.380580 0.095070 0.071429
145 0.308099 0.529018 0.091549 0.060268
74 0.355634 0.568080 0.126761 0.075893
115 0.642606 0.559152 0.102113 0.111607
121 0.739437 0.681920 0.137324 0.082589
146 0.644366 0.677455 0.109155 0.100446
1 0.799296 0.742188 0.184859 0.147321
57 0.281690 0.071429 0.561620 0.142857
129 0.878521 0.637277 0.242958 0.194196
92 0.100352 0.848214 0.179577 0.078125
6 0.500000 0.022321 0.250000 0.044643
7 0.602113 0.100446 0.063380 0.014509
8 0.559859 0.099330 0.033451 0.022321
4 0.809859 0.104911 0.126761 0.015625
5 0.797535 0.131696 0.144366 0.030134
5 0.200704 0.133929 0.135563 0.026786
8 0.468310 0.145089 0.035211 0.022321
153 0.260563 0.155134 0.052817 0.033482
12 0.468310 0.162946 0.038732 0.035714
12 0.584507 0.180804 0.026408 0.025670
7 0.491197 0.234375 0.063380 0.011161
8 0.448944 0.234375 0.028169 0.020089
7 0.436620 0.241071 0.065141 0.013393
8 0.394366 0.241071 0.026408 0.021205
8 0.742958 0.258929 0.026408 0.021205
7 0.250000 0.265625 0.033451 0.013393
9 0.468310 0.261161 0.036972 0.027902
8 0.221831 0.265625 0.031690 0.022321
9 0.582747 0.267857 0.056338 0.041295
12 0.464789 0.292411 0.035211 0.026786
9 0.742958 0.321429 0.065141 0.045759
7 0.473592 0.339286 0.091549 0.013393
9 0.415493 0.350446 0.086268 0.063616
8 0.309859 0.486607 0.033451 0.021205
8 0.644366 0.497768 0.033451 0.022321
7 0.362676 0.533482 0.033451 0.012277
8 0.334507 0.534598 0.028169 0.022321
12 0.355634 0.551339 0.051056 0.037946
7 0.665493 0.625000 0.061620 0.012277
8 0.626761 0.625000 0.026408 0.021205
8 0.739437 0.626116 0.040493 0.026786
9 0.355634 0.622768 0.080986 0.060268
12 0.739437 0.658482 0.024648 0.020089
9 0.739437 0.758929 0.044014 0.032366
5 0.799296 0.783482 0.153169 0.024554
7 0.119718 0.808036 0.061620 0.012277
8 0.072183 0.808036 0.042254 0.026786
12 0.102113 0.825893 0.040493 0.034598
