93 0.882042 0.120536 0.070423 0.049107
40 0.352113 0.152902 0.133803 0.089286
0 0.500000 0.113839 0.228873 0.176339
53 0.371479 0.238839 0.056338 0.033482
1 0.200704 0.229911 0.144366 0.111607
1 0.797535 0.223214 0.151408 0.123884
121 0.063380 0.241071 0.126761 0.089286
81 0.408451 0.290179 0.151408 0.084821
30 0.859155 0.311384 0.112676 0.051339
59 0.647887 0.335938 0.093310 0.073661
120 0.250000 0.400670 0.144366 0.091518
35 0.429577 0.597098 0.066901 0.051339
135 0.295775 0.706473 0.193662 0.095982
2 0.200704 0.743304 0.176056 0.145089
1 0.799296 0.742188 0.184859 0.147321
136 0.198944 0.845982 0.123239 0.095982
0 0.500000 0.839286 0.227113 0.165179
79 0.480634 0.375000 0.147887 0.098214
25 0.091549 0.735491 0.091549 0.040179
39 0.704225 0.814732 0.080986 0.051339
6 0.500000 0.021205 0.250000 0.042411
12 0.883803 0.084821 0.033451 0.032366
7 0.901408 0.097098 0.061620 0.013393
8 0.855634 0.097098 0.036972 0.029018
7 0.375000 0.107143 0.066901 0.011161
8 0.327465 0.107143 0.040493 0.025670
5 0.797535 0.142857 0.144366 0.029018
12 0.352113 0.146205 0.056338 0.035714
5 0.200704 0.155134 0.137324 0.026786
8 0.017606 0.198661 0.028169 0.020089
9 0.352113 0.216518 0.073944 0.049107
8 0.408451 0.229911 0.044014 0.034598
12 0.408451 0.263393 0.044014 0.030134
7 0.894366 0.283482 0.088028 0.012277
8 0.838028 0.282366 0.035211 0.022321
7 0.496479 0.321429 0.061620 0.014509
8 0.454225 0.321429 0.029930 0.021205
8 0.250000 0.341518 0.028169 0.022321
9 0.647887 0.395089 0.059859 0.039062
7 0.454225 0.568080 0.063380 0.013393
8 0.411972 0.568080 0.028169 0.020089
8 0.295775 0.643973 0.035211 0.022321
8 0.091549 0.708705 0.031690 0.022321
5 0.200704 0.762277 0.156690 0.026786
5 0.799296 0.782366 0.139085 0.022321
8 0.198944 0.784598 0.042254 0.026786
7 0.728873 0.792411 0.065141 0.013393
9 0.091549 0.783482 0.052817 0.036830
8 0.686620 0.792411 0.028169 0.022321
6 0.500000 0.929688 0.260563 0.046875
