146 0.353873 0.049107 0.130282 0.098214
22 0.734155 0.090402 0.084507 0.058036
0 0.500000 0.120536 0.188380 0.164062
28 0.434859 0.208705 0.126761 0.080357
37 0.637324 0.250000 0.089789 0.066964
3 0.200704 0.212054 0.176056 0.147321
2 0.797535 0.219866 0.214789 0.131696
81 0.146127 0.316964 0.154930 0.089286
85 0.764085 0.319196 0.112676 0.092634
61 0.802817 0.375000 0.151408 0.080357
34 0.401408 0.409598 0.183099 0.037946
105 0.146127 0.500000 0.154930 0.109375
66 0.688380 0.608259 0.105634 0.071429
30 0.431338 0.627232 0.112676 0.051339
126 0.570423 0.651786 0.151408 0.109375
140 0.853873 0.678571 0.084507 0.102679
42 0.697183 0.758929 0.088028 0.058036
2 0.200704 0.751116 0.176056 0.129464
1 0.797535 0.754464 0.176056 0.122768
0 0.500000 0.838170 0.197183 0.167411
7 0.383803 0.005580 0.089789 0.011161
8 0.322183 0.013393 0.038732 0.026786
6 0.500000 0.022321 0.221831 0.044643
7 0.772887 0.061384 0.091549 0.013393
8 0.716549 0.061384 0.028169 0.022321
4 0.211268 0.097098 0.126761 0.015625
5 0.200704 0.127232 0.147887 0.036830
5 0.799296 0.140625 0.149648 0.030134
8 0.434859 0.157366 0.028169 0.020089
12 0.434859 0.194196 0.063380 0.032366
7 0.653169 0.218750 0.059859 0.012277
8 0.609155 0.218750 0.035211 0.023438
8 0.146127 0.260045 0.038732 0.026786
7 0.788732 0.274554 0.061620 0.012277
8 0.748239 0.274554 0.028169 0.020089
9 0.637324 0.313616 0.038732 0.026786
7 0.820423 0.337054 0.059859 0.012277
8 0.778169 0.337054 0.036972 0.029018
8 0.401408 0.383929 0.026408 0.021205
8 0.146127 0.445312 0.031690 0.022321
9 0.401408 0.447545 0.070423 0.051339
7 0.693662 0.575893 0.033451 0.012277
8 0.665493 0.575893 0.033451 0.021205
12 0.688380 0.590402 0.035211 0.026786
7 0.454225 0.598214 0.061620 0.012277
7 0.586268 0.598214 0.059859 0.012277
8 0.545775 0.598214 0.028169 0.020089
8 0.411972 0.598214 0.029930 0.021205
7 0.871479 0.629464 0.063380 0.013393
8 0.827465 0.629464 0.036972 0.023438
8 0.697183 0.727679 0.042254 0.026786
5 0.200704 0.766741 0.137324 0.022321
5 0.799296 0.782366 0.153169 0.026786
6 0.500000 0.936384 0.253521 0.046875
