33 0.371479 0.039062 0.362676 0.078125
33 0.193662 0.301339 0.364437 0.181920
33 0.366197 0.745536 0.364437 0.183036
0 0.500000 0.119420 0.204225 0.165179
2 0.200704 0.219866 0.190141 0.131696
17 0.420775 0.290179 0.070423 0.055804
68 0.771127 0.348214 0.088028 0.044643
139 0.850352 0.407366 0.126761 0.075893
42 0.250000 0.448661 0.073944 0.064732
20 0.248239 0.540179 0.073944 0.042411
52 0.859155 0.555804 0.109155 0.051339
143 0.195423 0.584821 0.080986 0.046875
146 0.683099 0.563616 0.119718 0.095982
133 0.473592 0.574777 0.147887 0.082589
102 0.542253 0.623884 0.211268 0.100446
49 0.364437 0.666295 0.102113 0.069196
80 0.741197 0.685268 0.133803 0.069196
21 0.568662 0.695312 0.066901 0.064732
113 0.181338 0.699777 0.126761 0.071429
144 0.073944 0.727679 0.147887 0.074777
61 0.632042 0.741071 0.109155 0.073661
1 0.200704 0.752232 0.190141 0.127232
106 0.311620 0.816964 0.165493 0.100446
92 0.901408 0.063616 0.197183 0.078125
8 0.968310 0.017857 0.044014 0.034598
6 0.500000 0.021205 0.250000 0.042411
12 0.968310 0.052455 0.035211 0.022321
9 0.371479 0.109375 0.063380 0.043527
5 0.200704 0.136161 0.142606 0.027902
8 0.422535 0.257812 0.040493 0.026786
7 0.792253 0.325893 0.063380 0.014509
8 0.753521 0.325893 0.026408 0.021205
8 0.248239 0.503348 0.028169 0.022321
8 0.683099 0.508929 0.035211 0.022321
8 0.859155 0.521205 0.036972 0.029018
7 0.485915 0.535714 0.033451 0.012277
8 0.454225 0.535714 0.035211 0.022321
7 0.228873 0.559152 0.089789 0.013393
8 0.174296 0.559152 0.028169 0.022321
7 0.566901 0.573661 0.061620 0.013393
8 0.524648 0.573661 0.029930 0.021205
9 0.248239 0.591518 0.049296 0.036830
8 0.364437 0.628348 0.028169 0.022321
8 0.741197 0.649554 0.028169 0.020089
8 0.183099 0.654018 0.029930 0.021205
8 0.028169 0.681920 0.033451 0.022321
7 0.669014 0.703125 0.091549 0.012277
8 0.609155 0.703125 0.036972 0.029018
7 0.334507 0.765625 0.061620 0.012277
5 0.200704 0.763393 0.140845 0.023438
8 0.286972 0.764509 0.042254 0.026786
