0 0.500000 0.112723 0.225352 0.178571
34 0.647887 0.231027 0.188380 0.040179
2 0.200704 0.218750 0.179577 0.133929
1 0.797535 0.226562 0.161972 0.118304
19 0.371479 0.276786 0.063380 0.051339
19 0.963028 0.286830 0.073944 0.042411
70 0.146127 0.404018 0.088028 0.060268
47 0.635563 0.422991 0.123239 0.095982
120 0.325704 0.433036 0.151408 0.087054
130 0.864437 0.550223 0.186620 0.131696
52 0.698944 0.595982 0.109155 0.051339
104 0.596831 0.616071 0.084507 0.055804
81 0.732394 0.629464 0.154930 0.082589
61 0.577465 0.660714 0.088028 0.073661
38 0.158451 0.683036 0.079225 0.075893
17 0.480634 0.696429 0.073944 0.051339
1 0.200704 0.742188 0.184859 0.147321
2 0.797535 0.739955 0.197183 0.151786
28 0.644366 0.834821 0.105634 0.080357
0 0.500000 0.850446 0.214789 0.142857
36 0.781690 0.312500 0.436620 0.312500
5 0.200704 0.135045 0.147887 0.029018
5 0.797535 0.149554 0.137324 0.026786
8 0.647887 0.200893 0.036972 0.029018
7 0.399648 0.250000 0.066901 0.011161
12 0.371479 0.238839 0.049296 0.035714
8 0.353873 0.250000 0.031690 0.022321
9 0.647887 0.272321 0.061620 0.046875
8 0.146127 0.368304 0.028169 0.022321
8 0.637324 0.373884 0.033451 0.022321
8 0.327465 0.386161 0.026408 0.021205
8 0.866197 0.470982 0.036972 0.023438
9 0.325704 0.502232 0.056338 0.041295
8 0.698944 0.556920 0.031690 0.022321
7 0.616197 0.587054 0.061620 0.013393
7 0.750000 0.588170 0.065141 0.013393
8 0.577465 0.587054 0.026408 0.021205
8 0.704225 0.588170 0.035211 0.022321
8 0.577465 0.625000 0.026408 0.021205
8 0.158451 0.627232 0.040493 0.026786
147 0.971831 0.623884 0.049296 0.035714
12 0.482394 0.662946 0.036972 0.027902
8 0.461268 0.670759 0.031690 0.022321
9 0.482394 0.763393 0.029930 0.021205
5 0.797535 0.767857 0.158451 0.025670
5 0.200704 0.768973 0.144366 0.024554
7 0.665493 0.796875 0.061620 0.012277
8 0.626761 0.796875 0.026408 0.021205
