118 0.366197 0.103795 0.105634 0.084821
0 0.500000 0.116071 0.232394 0.171875
1 0.797535 0.231027 0.144366 0.109375
118 0.598592 0.252232 0.109155 0.104911
28 0.193662 0.286830 0.105634 0.080357
139 0.207746 0.315848 0.116197 0.080357
106 0.795775 0.367188 0.165493 0.100446
82 0.193662 0.390625 0.154930 0.122768
46 0.470070 0.420759 0.098592 0.082589
82 0.153169 0.510045 0.154930 0.122768
124 0.806338 0.592634 0.098592 0.062500
72 0.519366 0.588170 0.137324 0.095982
108 0.213028 0.636161 0.084507 0.058036
100 0.177817 0.667411 0.119718 0.065848
59 0.285211 0.696429 0.107394 0.052455
15 0.281690 0.710938 0.066901 0.037946
1 0.200704 0.753348 0.147887 0.125000
3 0.797535 0.739955 0.193662 0.151786
17 0.838028 0.806920 0.091549 0.060268
85 0.635563 0.840402 0.133803 0.095982
0 0.500000 0.843750 0.183099 0.156250
45 0.633803 0.908482 0.105634 0.078125
25 0.853873 0.145089 0.056338 0.046875
65 0.943662 0.410714 0.112676 0.075893
79 0.413732 0.595982 0.154930 0.093750
24 0.088028 0.905134 0.070423 0.031250
6 0.500000 0.021205 0.250000 0.042411
8 0.366197 0.051339 0.029930 0.021205
7 0.866197 0.117188 0.056338 0.011161
8 0.822183 0.117188 0.038732 0.026786
5 0.799296 0.158482 0.142606 0.029018
7 0.623239 0.198661 0.061620 0.013393
8 0.573944 0.198661 0.044014 0.034598
8 0.207746 0.263393 0.028169 0.022321
8 0.795775 0.305804 0.026408 0.021205
7 0.225352 0.323661 0.089789 0.014509
8 0.167254 0.323661 0.031690 0.022321
8 0.971831 0.358259 0.028169 0.022321
8 0.470070 0.367188 0.028169 0.022321
12 0.795775 0.357143 0.058099 0.041295
7 0.170775 0.446429 0.063380 0.012277
8 0.123239 0.446429 0.044014 0.034598
9 0.795775 0.454241 0.033451 0.024554
9 0.971831 0.478795 0.054577 0.040179
7 0.549296 0.540179 0.091549 0.012277
8 0.413732 0.542411 0.028169 0.022321
8 0.487676 0.540179 0.042254 0.026786
12 0.806338 0.551339 0.061620 0.032366
8 0.213028 0.604911 0.038732 0.026786
8 0.177817 0.628348 0.031690 0.022321
8 0.281690 0.676339 0.044014 0.034598
9 0.214789 0.705357 0.033451 0.023438
8 0.838028 0.768973 0.033451 0.022321
5 0.200704 0.770089 0.146127 0.024554
5 0.797535 0.785714 0.140845 0.022321
7 0.669014 0.794643 0.093310 0.013393
8 0.602113 0.794643 0.044014 0.034598
4 0.808099 0.822545 0.126761 0.015625
7 0.665493 0.866071 0.095070 0.012277
8 0.603873 0.867188 0.038732 0.026786
7 0.107394 0.890625 0.063380 0.012277
8 0.065141 0.889509 0.028169 0.020089
6 0.500000 0.938616 0.253521 0.046875
