113 0.632042 0.132812 0.147887 0.071429
0 0.500000 0.104911 0.257042 0.194196
145 0.399648 0.174107 0.063380 0.104911
3 0.200704 0.219866 0.154930 0.131696
2 0.797535 0.219866 0.183099 0.131696
23 0.855634 0.314732 0.056338 0.055804
115 0.621479 0.345982 0.098592 0.080357
71 0.661972 0.380580 0.070423 0.075893
75 0.522887 0.629464 0.080986 0.116071
31 0.838028 0.662946 0.096831 0.063616
1 0.200704 0.761161 0.161972 0.109375
3 0.797535 0.746652 0.190141 0.138393
21 0.955986 0.830357 0.077465 0.061384
0 0.500000 0.841518 0.221831 0.160714
24 0.149648 0.489955 0.063380 0.037946
69 0.367958 0.808036 0.080986 0.062500
6 0.500000 0.021205 0.250000 0.042411
7 0.653169 0.093750 0.059859 0.012277
8 0.609155 0.093750 0.036972 0.029018
4 0.211268 0.111607 0.126761 0.015625
7 0.422535 0.117188 0.061620 0.013393
8 0.383803 0.116071 0.026408 0.021205
5 0.200704 0.135045 0.144366 0.029018
5 0.797535 0.136161 0.147887 0.030134
9 0.399648 0.258929 0.035211 0.025670
7 0.880282 0.285714 0.065141 0.013393
8 0.836268 0.285714 0.031690 0.022321
8 0.598592 0.301339 0.044014 0.034598
12 0.151408 0.448661 0.047535 0.030134
8 0.151408 0.458705 0.040493 0.026786
8 0.522887 0.556920 0.028169 0.022321
7 0.845070 0.631696 0.033451 0.012277
8 0.813380 0.631696 0.033451 0.022321
5 0.200704 0.776786 0.139085 0.023438
5 0.799296 0.785714 0.160211 0.029018
12 0.957747 0.792411 0.058099 0.036830
8 0.922535 0.797991 0.042254 0.026786
4 0.806338 0.822545 0.126761 0.015625
