0 0.500000 0.125000 0.190141 0.154018
2 0.200704 0.219866 0.214789 0.131696
2 0.797535 0.218750 0.179577 0.133929
40 0.484155 0.427455 0.130282 0.093750
15 0.795775 0.533482 0.056338 0.037946
100 0.478873 0.620536 0.079225 0.092634
122 0.619718 0.614955 0.195423 0.113839
89 0.839789 0.646205 0.105634 0.102679
1 0.200704 0.757812 0.161972 0.116071
2 0.797535 0.739955 0.197183 0.151786
0 0.500000 0.839286 0.227113 0.165179
6 0.500000 0.026786 0.250000 0.042411
153 0.139085 0.122768 0.049296 0.037946
5 0.200704 0.138393 0.142606 0.027902
5 0.797535 0.137277 0.144366 0.029018
7 0.820423 0.511161 0.065141 0.012277
8 0.771127 0.511161 0.044014 0.034598
7 0.637324 0.559152 0.061620 0.013393
8 0.588028 0.559152 0.040493 0.026786
8 0.478873 0.572545 0.031690 0.022321
5 0.200704 0.785714 0.137324 0.023438
5 0.797535 0.789062 0.137324 0.022321
