53 0.899648 0.167411 0.063380 0.033482
122 0.376761 0.169643 0.193662 0.104911
1 0.797535 0.231027 0.144366 0.109375
71 0.403169 0.297991 0.095070 0.060268
37 0.253521 0.388393 0.093310 0.077009
20 0.846831 0.541295 0.070423 0.037946
113 0.748239 0.526786 0.126761 0.069196
142 0.485915 0.645089 0.079225 0.062500
106 0.728873 0.643973 0.179577 0.107143
126 0.686620 0.733259 0.151408 0.109375
0 0.500000 0.845982 0.221831 0.151786
102 0.505282 0.914062 0.197183 0.078125
94 0.588028 0.041295 0.193662 0.073661
36 0.815141 0.705357 0.369718 0.220982
8 0.588028 0.011161 0.031690 0.022321
10 0.272887 0.098214 0.169014 0.084821
10 0.936620 0.132812 0.093310 0.046875
5 0.799296 0.161830 0.156690 0.031250
10 0.936620 0.354911 0.103873 0.047991
8 0.750000 0.477679 0.029930 0.021205
12 0.846831 0.493304 0.052817 0.032366
8 0.848592 0.515625 0.026408 0.021205
9 0.848592 0.590402 0.058099 0.042411
7 0.496479 0.616071 0.033451 0.012277
8 0.464789 0.614955 0.036972 0.029018
8 0.686620 0.660714 0.044014 0.034598
10 0.063380 0.680804 0.102113 0.058036
9 0.485915 0.704241 0.068662 0.051339
12 0.686620 0.741071 0.026408 0.023438
9 0.686620 0.814732 0.047535 0.034598
8 0.507042 0.866071 0.033451 0.021205
6 0.500000 0.928571 0.260563 0.046875
10 0.748239 0.919643 0.190141 0.090402
