33 0.422535 0.223214 0.362676 0.181920
0 0.500000 0.123884 0.190141 0.156250
2 0.200704 0.219866 0.214789 0.131696
1 0.797535 0.229911 0.183099 0.111607
132 0.191901 0.344866 0.147887 0.100446
105 0.198944 0.589286 0.154930 0.109375
62 0.507042 0.678571 0.119718 0.075893
3 0.200704 0.755580 0.137324 0.120536
2 0.797535 0.751116 0.176056 0.129464
37 0.741197 0.834821 0.095070 0.062500
0 0.500000 0.845982 0.221831 0.151786
48 0.205986 0.467634 0.116197 0.075893
129 0.827465 0.575893 0.343310 0.194196
41 0.366197 0.857143 0.144366 0.118304
6 0.500000 0.022321 0.221831 0.044643
5 0.200704 0.138393 0.137324 0.027902
5 0.799296 0.158482 0.149648 0.031250
7 0.200704 0.294643 0.029930 0.012277
8 0.174296 0.294643 0.028169 0.020089
7 0.242958 0.434152 0.093310 0.013393
9 0.193662 0.421875 0.068662 0.047991
7 0.223592 0.530134 0.063380 0.013393
8 0.177817 0.530134 0.035211 0.022321
7 0.522887 0.645089 0.063380 0.011161
8 0.478873 0.645089 0.036972 0.023438
5 0.799296 0.765625 0.149648 0.024554
5 0.200704 0.776786 0.156690 0.030134
7 0.390845 0.794643 0.065141 0.013393
8 0.341549 0.794643 0.042254 0.026786
7 0.764085 0.805804 0.063380 0.014509
8 0.718310 0.806920 0.036972 0.029018
4 0.205986 0.813616 0.123239 0.015625
12 0.741197 0.816964 0.049296 0.032366
9 0.741197 0.897321 0.049296 0.036830
6 0.500000 0.931920 0.253521 0.046875
