0 0.500000 0.123884 0.197183 0.156250
80 0.390845 0.184152 0.126761 0.087054
71 0.299296 0.209821 0.098592 0.087054
1 0.200704 0.228795 0.154930 0.113839
3 0.797535 0.222098 0.207746 0.127232
30 0.471831 0.363839 0.091549 0.049107
74 0.797535 0.431920 0.084507 0.060268
143 0.103873 0.446429 0.077465 0.060268
72 0.919014 0.545759 0.137324 0.098214
2 0.200704 0.748884 0.151408 0.133929
3 0.797535 0.743304 0.183099 0.145089
0 0.500000 0.839286 0.227113 0.165179
27 0.359155 0.454241 0.267606 0.136161
39 0.857394 0.902902 0.073944 0.044643
6 0.500000 0.025670 0.235915 0.037946
4 0.809859 0.116071 0.126761 0.015625
8 0.390845 0.131696 0.026408 0.021205
5 0.797535 0.142857 0.140845 0.026786
7 0.323944 0.164062 0.065141 0.013393
8 0.278169 0.164062 0.033451 0.022321
5 0.200704 0.160714 0.137324 0.034598
12 0.390845 0.176339 0.036972 0.031250
7 0.487676 0.333705 0.063380 0.013393
8 0.447183 0.334821 0.026408 0.021205
8 0.105634 0.401786 0.036972 0.023438
7 0.922535 0.495536 0.033451 0.012277
8 0.892606 0.496652 0.031690 0.022321
9 0.919014 0.636161 0.035211 0.025670
5 0.797535 0.770089 0.161972 0.025670
5 0.200704 0.783482 0.144366 0.024554
4 0.804577 0.820312 0.126761 0.015625
7 0.875000 0.883929 0.063380 0.012277
8 0.834507 0.883929 0.029930 0.021205
