0 0.500000 0.118304 0.218310 0.167411
3 0.200704 0.222098 0.209507 0.127232
3 0.797535 0.219866 0.154930 0.131696
143 0.341549 0.297991 0.070423 0.058036
42 0.559859 0.349330 0.080986 0.069196
88 0.154930 0.371652 0.119718 0.087054
89 0.533451 0.429688 0.105634 0.104911
133 0.457746 0.614955 0.126761 0.104911
19 0.735915 0.643973 0.077465 0.051339
77 0.311620 0.593750 0.154930 0.160714
1 0.200704 0.755580 0.144366 0.120536
2 0.797535 0.748884 0.161972 0.133929
0 0.500000 0.843750 0.183099 0.156250
116 0.595070 0.104911 0.098592 0.069196
25 0.052817 0.131696 0.105634 0.042411
69 0.137324 0.146205 0.084507 0.058036
48 0.908451 0.678571 0.119718 0.069196
65 0.253521 0.708705 0.126761 0.084821
8 0.051056 0.098214 0.028169 0.022321
4 0.809859 0.111607 0.126761 0.015625
4 0.211268 0.116071 0.123239 0.015625
5 0.797535 0.140625 0.154930 0.031250
5 0.200704 0.143973 0.139085 0.029018
8 0.341549 0.261161 0.029930 0.021205
8 0.559859 0.310268 0.028169 0.022321
7 0.188380 0.325893 0.088028 0.012277
8 0.133803 0.325893 0.029930 0.021205
7 0.535211 0.375000 0.033451 0.012277
8 0.507042 0.376116 0.033451 0.022321
7 0.332746 0.511161 0.063380 0.012277
8 0.288732 0.510045 0.033451 0.022321
7 0.478873 0.564732 0.061620 0.013393
8 0.433099 0.564732 0.035211 0.022321
12 0.457746 0.613839 0.040493 0.027902
7 0.774648 0.622768 0.093310 0.013393
8 0.718310 0.622768 0.028169 0.020089
12 0.313380 0.622768 0.026408 0.022321
8 0.908451 0.631696 0.029930 0.021205
8 0.253521 0.666295 0.031690 0.022321
9 0.311620 0.700893 0.052817 0.036830
9 0.908451 0.737723 0.063380 0.046875
5 0.797535 0.772321 0.161972 0.025670
5 0.200704 0.772321 0.142606 0.023438
6 0.500000 0.937500 0.253521 0.046875
