0 0.500000 0.120536 0.188380 0.164062
71 0.536972 0.252232 0.105634 0.064732
1 0.200704 0.228795 0.158451 0.113839
1 0.797535 0.223214 0.151408 0.123884
98 0.526408 0.271205 0.091549 0.071429
28 0.473592 0.268973 0.140845 0.091518
70 0.963028 0.290179 0.066901 0.055804
123 0.105634 0.363839 0.211268 0.118304
105 0.522887 0.425223 0.179577 0.111607
28 0.376761 0.574777 0.119718 0.078125
74 0.640845 0.610491 0.084507 0.060268
103 0.426056 0.607143 0.154930 0.078125
77 0.521127 0.659598 0.149648 0.138393
64 0.647887 0.690848 0.137324 0.082589
2 0.200704 0.743304 0.176056 0.145089
2 0.797535 0.743304 0.176056 0.145089
40 0.806338 0.789062 0.126761 0.093750
0 0.500000 0.840402 0.214789 0.162946
65 0.154930 0.157366 0.102113 0.075893
65 0.850352 0.168527 0.130282 0.060268
8 0.154930 0.104911 0.026408 0.021205
10 0.265845 0.094866 0.158451 0.091518
7 0.871479 0.142857 0.066901 0.013393
5 0.797535 0.148438 0.147887 0.031250
5 0.200704 0.158482 0.163732 0.032366
10 0.063380 0.183036 0.100352 0.051339
7 0.498239 0.225446 0.063380 0.012277
8 0.457746 0.225446 0.026408 0.021205
7 0.535211 0.241071 0.033451 0.012277
8 0.500000 0.239955 0.040493 0.026786
8 0.963028 0.263393 0.031690 0.022321
8 0.095070 0.285714 0.044014 0.034598
10 0.934859 0.379464 0.098592 0.060268
8 0.376761 0.534598 0.036972 0.029018
7 0.452465 0.570312 0.063380 0.013393
8 0.408451 0.570312 0.036972 0.029018
7 0.544014 0.590402 0.063380 0.013393
8 0.498239 0.590402 0.038732 0.026786
10 0.063380 0.613839 0.096831 0.045759
7 0.672535 0.649554 0.063380 0.012277
8 0.626761 0.650670 0.040493 0.026786
12 0.521127 0.680804 0.036972 0.030134
10 0.936620 0.683036 0.107394 0.051339
8 0.806338 0.726562 0.028169 0.020089
5 0.200704 0.774554 0.154930 0.024554
5 0.797535 0.783482 0.140845 0.022321
6 0.500000 0.934152 0.253521 0.046875
10 0.750000 0.921875 0.149648 0.084821
