59 0.619718 0.058036 0.107394 0.052455
106 0.309859 0.087054 0.179577 0.107143
43 0.345070 0.207589 0.102113 0.082589
2 0.200704 0.219866 0.214789 0.131696
77 0.728873 0.300223 0.160211 0.129464
137 0.149648 0.396205 0.056338 0.040179
106 0.757042 0.393973 0.179577 0.107143
106 0.568662 0.510045 0.179577 0.107143
136 0.742958 0.578125 0.165493 0.078125
28 0.234155 0.700893 0.105634 0.080357
75 0.042254 0.700893 0.077465 0.093750
132 0.649648 0.756696 0.151408 0.100446
89 0.910211 0.760045 0.105634 0.102679
15 0.702465 0.821429 0.056338 0.035714
0 0.500000 0.845982 0.221831 0.151786
24 0.142606 0.851562 0.042254 0.029018
8 0.309859 0.030134 0.031690 0.022321
5 0.200704 0.136161 0.137324 0.027902
7 0.369718 0.162946 0.065141 0.012277
9 0.309859 0.167411 0.065141 0.046875
7 0.732394 0.238839 0.033451 0.012277
8 0.700704 0.238839 0.036972 0.023438
9 0.345070 0.285714 0.036972 0.027902
8 0.757042 0.330357 0.035211 0.023438
7 0.172535 0.370536 0.058099 0.013393
8 0.130282 0.370536 0.035211 0.022321
9 0.149648 0.433036 0.063380 0.047991
7 0.764085 0.533482 0.065141 0.014509
8 0.718310 0.533482 0.036972 0.029018
8 0.042254 0.642857 0.029930 0.021205
7 0.242958 0.662946 0.033451 0.012277
8 0.214789 0.662946 0.028169 0.020089
12 0.235915 0.685268 0.054577 0.041295
8 0.910211 0.697545 0.028169 0.022321
7 0.690141 0.709821 0.091549 0.012277
8 0.630282 0.709821 0.036972 0.029018
12 0.910211 0.754464 0.042254 0.035714
7 0.725352 0.805804 0.065141 0.014509
8 0.681338 0.804688 0.031690 0.022321
12 0.144366 0.814732 0.029930 0.025670
7 0.163732 0.837054 0.066901 0.013393
8 0.121479 0.837054 0.028169 0.020089
6 0.500000 0.939732 0.253521 0.046875
