86 0.852113 0.620536 0.294014 0.165179
81 0.242958 0.098214 0.140845 0.080357
71 0.867958 0.148438 0.073944 0.089286
0 0.500000 0.120536 0.188380 0.164062
143 0.371479 0.247768 0.070423 0.058036
3 0.797535 0.219866 0.154930 0.131696
82 0.260563 0.239955 0.154930 0.122768
134 0.596831 0.255580 0.186620 0.142857
103 0.595070 0.330357 0.169014 0.084821
31 0.533451 0.359375 0.095070 0.063616
140 0.366197 0.581473 0.063380 0.058036
74 0.454225 0.601562 0.084507 0.060268
107 0.160211 0.599330 0.137324 0.140625
15 0.359155 0.650670 0.056338 0.042411
80 0.191901 0.658482 0.102113 0.089286
93 0.575704 0.690848 0.066901 0.053571
74 0.399648 0.771205 0.066901 0.058036
2 0.200704 0.751116 0.176056 0.129464
3 0.797535 0.748884 0.183099 0.133929
52 0.795775 0.860491 0.109155 0.066964
15 0.801056 0.896205 0.066901 0.044643
0 0.500000 0.849330 0.165493 0.145089
6 0.500000 0.022321 0.221831 0.044643
8 0.242958 0.056920 0.042254 0.026786
7 0.885563 0.100446 0.063380 0.014509
12 0.242958 0.093750 0.045775 0.034598
8 0.841549 0.100446 0.033451 0.022321
4 0.809859 0.111607 0.123239 0.015625
5 0.799296 0.136161 0.139085 0.027902
8 0.260563 0.174107 0.028169 0.020089
8 0.598592 0.172991 0.036972 0.029018
8 0.371479 0.205357 0.028169 0.020089
8 0.595070 0.283482 0.026408 0.021205
7 0.556338 0.331473 0.063380 0.011161
8 0.514085 0.330357 0.029930 0.021205
7 0.183099 0.530134 0.061620 0.013393
8 0.133803 0.529018 0.044014 0.034598
7 0.390845 0.549107 0.061620 0.013393
8 0.348592 0.549107 0.031690 0.022321
8 0.359155 0.621652 0.033451 0.022321
7 0.591549 0.666295 0.063380 0.013393
8 0.545775 0.667411 0.036972 0.023438
8 0.401408 0.732143 0.033451 0.021205
5 0.799296 0.763393 0.139085 0.022321
5 0.200704 0.776786 0.146127 0.023438
4 0.806338 0.810268 0.126761 0.015625
7 0.813380 0.830357 0.061620 0.013393
8 0.771127 0.830357 0.029930 0.021205
12 0.802817 0.857143 0.036972 0.029018
7 0.823944 0.872768 0.065141 0.013393
8 0.781690 0.872768 0.033451 0.021205
9 0.795775 0.934152 0.042254 0.031250
6 0.500000 0.936384 0.253521 0.046875
9 0.802817 0.957589 0.029930 0.021205
