149 0.862676 0.119420 0.105634 0.102679
78 0.269366 0.174107 0.080986 0.050223
0 0.500000 0.118304 0.214789 0.167411
2 0.200704 0.218750 0.179577 0.133929
2 0.797535 0.218750 0.179577 0.133929
100 0.894366 0.243304 0.147887 0.087054
149 0.052817 0.304688 0.105634 0.102679
73 0.575704 0.416295 0.109155 0.060268
127 0.931338 0.401786 0.137324 0.091518
60 0.089789 0.425223 0.109155 0.058036
22 0.371479 0.545759 0.070423 0.064732
134 0.255282 0.521205 0.193662 0.129464
74 0.165493 0.559152 0.084507 0.060268
138 0.237676 0.574777 0.151408 0.098214
28 0.625000 0.672991 0.137324 0.066964
143 0.364437 0.763393 0.088028 0.042411
99 0.290493 0.780134 0.091549 0.055804
2 0.200704 0.731027 0.179577 0.169643
1 0.799296 0.742188 0.184859 0.147321
58 0.054577 0.777902 0.109155 0.080357
29 0.674296 0.820312 0.140845 0.060268
47 0.711268 0.869420 0.123239 0.095982
0 0.500000 0.847098 0.228873 0.149554
54 0.244718 0.882812 0.123239 0.078125
8 0.862676 0.049107 0.042254 0.026786
5 0.797535 0.136161 0.137324 0.026786
5 0.200704 0.133929 0.147887 0.030134
8 0.894366 0.187500 0.033451 0.022321
8 0.038732 0.241071 0.028169 0.020089
9 0.894366 0.318080 0.042254 0.031250
7 0.978873 0.350446 0.042254 0.013393
8 0.938380 0.350446 0.042254 0.026786
8 0.549296 0.381696 0.031690 0.022321
7 0.121479 0.392857 0.088028 0.012277
8 0.066901 0.392857 0.029930 0.021205
12 0.577465 0.395089 0.065141 0.041295
8 0.257042 0.457589 0.036972 0.023438
9 0.575704 0.491071 0.028169 0.020089
7 0.274648 0.522321 0.089789 0.014509
7 0.198944 0.526786 0.091549 0.014509
8 0.218310 0.522321 0.031690 0.022321
8 0.139085 0.526786 0.035211 0.023438
12 0.239437 0.583705 0.029930 0.022321
9 0.255282 0.610491 0.056338 0.040179
7 0.646127 0.638393 0.063380 0.013393
8 0.598592 0.638393 0.042254 0.026786
12 0.625000 0.665179 0.038732 0.024554
7 0.066901 0.736607 0.065141 0.014509
8 0.022887 0.736607 0.028169 0.022321
9 0.625000 0.727679 0.080986 0.060268
8 0.290493 0.753348 0.031690 0.022321
5 0.797535 0.763393 0.158451 0.026786
5 0.200704 0.766741 0.147887 0.024554
8 0.674296 0.786830 0.028169 0.020089
7 0.728873 0.816964 0.063380 0.011161
8 0.684859 0.816964 0.031690 0.022321
12 0.711268 0.848214 0.047535 0.033482
