86 0.850352 0.637277 0.299296 0.165179
122 0.095070 0.106027 0.190141 0.116071
19 0.628521 0.199777 0.084507 0.053571
1 0.797535 0.224330 0.176056 0.122768
124 0.832747 0.366071 0.109155 0.058036
132 0.797535 0.485491 0.154930 0.100446
59 0.580986 0.524554 0.103873 0.056920
22 0.242958 0.564732 0.073944 0.051339
18 0.177817 0.626116 0.045775 0.037946
81 0.626761 0.623884 0.147887 0.093750
126 0.714789 0.674107 0.151408 0.109375
126 0.478873 0.677455 0.151408 0.109375
1 0.200704 0.750000 0.209507 0.130580
2 0.797535 0.731027 0.179577 0.169643
0 0.500000 0.843750 0.183099 0.156250
25 0.860915 0.353795 0.091549 0.042411
27 0.419014 0.886161 0.267606 0.136161
8 0.021127 0.049107 0.042254 0.034598
5 0.797535 0.147321 0.154930 0.031250
12 0.630282 0.171875 0.040493 0.033482
7 0.890845 0.334821 0.089789 0.014509
8 0.838028 0.334821 0.026408 0.021205
8 0.816901 0.334821 0.026408 0.021205
153 0.822183 0.395089 0.049296 0.035714
7 0.820423 0.437500 0.056338 0.011161
8 0.781690 0.437500 0.029930 0.021205
8 0.242958 0.529018 0.029930 0.021205
8 0.626761 0.574777 0.033451 0.022321
12 0.179577 0.587054 0.044014 0.023438
7 0.197183 0.604911 0.061620 0.013393
8 0.147887 0.604911 0.044014 0.034598
8 0.714789 0.612723 0.038732 0.026786
7 0.496479 0.627232 0.061620 0.014509
8 0.454225 0.626116 0.033451 0.022321
5 0.200704 0.765625 0.142606 0.023438
5 0.797535 0.785714 0.161972 0.026786
6 0.500000 0.928571 0.251761 0.046875
