111 0.695423 0.132812 0.158451 0.122768
0 0.500000 0.117188 0.197183 0.169643
2 0.797535 0.219866 0.190141 0.131696
80 0.586268 0.260045 0.116197 0.084821
16 0.852113 0.312500 0.063380 0.044643
109 0.091549 0.415179 0.063380 0.066964
34 0.610915 0.746652 0.179577 0.053571
1 0.200704 0.752232 0.154930 0.128348
0 0.500000 0.845982 0.214789 0.152902
65 0.635563 0.459821 0.123239 0.073661
6 0.500000 0.022321 0.250000 0.044643
7 0.732394 0.073661 0.091549 0.012277
8 0.676056 0.073661 0.028169 0.022321
10 0.292254 0.098214 0.174296 0.085938
5 0.799296 0.138393 0.146127 0.029018
8 0.588028 0.196429 0.044014 0.034598
10 0.063380 0.212054 0.091549 0.054688
10 0.934859 0.250000 0.088028 0.044643
12 0.852113 0.267857 0.031690 0.024554
8 0.852113 0.277902 0.028169 0.020089
9 0.852113 0.371652 0.033451 0.024554
8 0.091549 0.372768 0.036972 0.023438
8 0.635563 0.416295 0.038732 0.026786
10 0.063380 0.441964 0.091549 0.050223
5 0.200704 0.783482 0.156690 0.025670
10 0.063380 0.828125 0.100352 0.056920
10 0.934859 0.872768 0.095070 0.047991
10 0.727113 0.935268 0.126761 0.058036
