0 0.500000 0.104911 0.257042 0.194196
1 0.200704 0.228795 0.169014 0.113839
3 0.797535 0.219866 0.154930 0.131696
68 0.244718 0.257812 0.109155 0.093750
73 0.487676 0.275670 0.102113 0.060268
123 0.813380 0.254464 0.213028 0.118304
58 0.728873 0.295759 0.102113 0.078125
23 0.475352 0.338170 0.063380 0.064732
139 0.246479 0.382812 0.123239 0.073661
112 0.214789 0.511161 0.126761 0.080357
1 0.200704 0.750000 0.183099 0.132812
2 0.797535 0.748884 0.165493 0.133929
122 0.903169 0.790179 0.193662 0.104911
126 0.198944 0.812500 0.151408 0.109375
0 0.500000 0.845982 0.214789 0.152902
62 0.345070 0.889509 0.095070 0.069196
36 0.586268 0.459821 0.464789 0.400670
91 0.595070 0.650670 0.165493 0.098214
6 0.500000 0.018973 0.235915 0.037946
4 0.809859 0.111607 0.126761 0.015625
5 0.797535 0.138393 0.161972 0.032366
5 0.200704 0.156250 0.137324 0.027902
8 0.813380 0.191964 0.036972 0.023438
8 0.244718 0.207589 0.028169 0.022321
8 0.487676 0.243304 0.035211 0.022321
8 0.728873 0.254464 0.031690 0.022321
12 0.475352 0.303571 0.049296 0.030134
8 0.246479 0.338170 0.042254 0.026786
7 0.218310 0.475446 0.033451 0.012277
8 0.183099 0.475446 0.042254 0.026786
7 0.598592 0.600446 0.033451 0.012277
8 0.572183 0.599330 0.028169 0.020089
9 0.595070 0.738839 0.035211 0.025670
8 0.200704 0.738839 0.040493 0.026786
5 0.799296 0.763393 0.160211 0.025670
5 0.200704 0.780134 0.144366 0.024554
8 0.345070 0.843750 0.028169 0.022321
