151 0.424296 0.622768 0.447183 0.225446
135 0.871479 0.107143 0.165493 0.107143
78 0.167254 0.151786 0.091549 0.060268
0 0.500000 0.125000 0.190141 0.154018
1 0.797535 0.210938 0.147887 0.149554
77 0.566901 0.266741 0.160211 0.129464
40 0.640845 0.352679 0.137324 0.084821
35 0.750000 0.439732 0.084507 0.044643
90 0.464789 0.551339 0.116197 0.064732
21 0.625000 0.618304 0.073944 0.046875
59 0.517606 0.618304 0.105634 0.064732
101 0.424296 0.623884 0.207746 0.102679
114 0.690141 0.687500 0.154930 0.084821
140 0.056338 0.743304 0.077465 0.075893
55 0.896127 0.780134 0.088028 0.071429
3 0.200704 0.755580 0.137324 0.120536
2 0.797535 0.731027 0.179577 0.169643
74 0.679577 0.792411 0.088028 0.055804
0 0.500000 0.847098 0.200704 0.149554
65 0.542253 0.765625 0.140845 0.087054
6 0.500000 0.026786 0.250000 0.042411
7 0.908451 0.055804 0.096831 0.014509
8 0.845070 0.056920 0.033451 0.022321
5 0.797535 0.118304 0.140845 0.027902
7 0.584507 0.202009 0.063380 0.013393
8 0.536972 0.202009 0.042254 0.026786
8 0.640845 0.301339 0.038732 0.026786
7 0.767606 0.417411 0.065141 0.013393
8 0.718310 0.417411 0.042254 0.026786
9 0.640845 0.419643 0.054577 0.041295
7 0.471831 0.517857 0.029930 0.012277
8 0.443662 0.517857 0.036972 0.029018
14 0.424296 0.553571 0.070423 0.011161
8 0.426056 0.561384 0.040493 0.026786
12 0.625000 0.590402 0.088028 0.042411
12 0.426056 0.621652 0.026408 0.024554
7 0.707747 0.643973 0.061620 0.013393
8 0.661972 0.643973 0.038732 0.026786
9 0.517606 0.674107 0.056338 0.041295
7 0.077465 0.706473 0.061620 0.013393
8 0.038732 0.707589 0.029930 0.021205
7 0.584507 0.717634 0.093310 0.013393
8 0.521127 0.716518 0.044014 0.034598
8 0.897887 0.741071 0.029930 0.021205
8 0.679577 0.765625 0.026408 0.021205
5 0.200704 0.767857 0.160211 0.025670
5 0.797535 0.771205 0.147887 0.020089
4 0.205986 0.814732 0.123239 0.015625
9 0.897887 0.845982 0.068662 0.050223
6 0.500000 0.928571 0.251761 0.046875
