0 0.500000 0.119420 0.204225 0.165179
2 0.200704 0.219866 0.183099 0.131696
2 0.797535 0.219866 0.183099 0.131696
42 0.535211 0.345982 0.073944 0.064732
31 0.788732 0.444196 0.084507 0.058036
15 0.413732 0.686384 0.045775 0.035714
1 0.200704 0.742188 0.184859 0.147321
0 0.500000 0.851562 0.176056 0.140625
48 0.850352 0.604911 0.119718 0.069196
25 0.480634 0.697545 0.052817 0.049107
6 0.500000 0.018973 0.235915 0.037946
10 0.269366 0.095982 0.176056 0.089286
5 0.200704 0.136161 0.146127 0.030134
5 0.799296 0.141741 0.153169 0.037946
8 0.535211 0.312500 0.033451 0.021205
7 0.830986 0.417411 0.093310 0.012277
8 0.767606 0.418527 0.040493 0.026786
10 0.936620 0.463170 0.082746 0.042411
8 0.850352 0.571429 0.031690 0.022321
8 0.413732 0.652902 0.042254 0.026786
8 0.482394 0.660714 0.044014 0.034598
9 0.852113 0.669643 0.051056 0.036830
9 0.413732 0.723214 0.063380 0.043527
5 0.200704 0.767857 0.146127 0.023438
10 0.063380 0.834821 0.088028 0.047991
6 0.500000 0.937500 0.246479 0.044643
10 0.739437 0.928571 0.126761 0.071429
