0 0.500000 0.125000 0.186620 0.154018
138 0.588028 0.167411 0.158451 0.113839
2 0.200704 0.219866 0.177817 0.131696
1 0.797535 0.227679 0.151408 0.116071
19 0.200704 0.313616 0.077465 0.037946
38 0.746479 0.352679 0.086268 0.075893
81 0.475352 0.352679 0.154930 0.089286
145 0.577465 0.386161 0.095070 0.062500
114 0.258803 0.358259 0.116197 0.125000
143 0.202465 0.430804 0.088028 0.042411
108 0.137324 0.449777 0.091549 0.053571
38 0.845070 0.515625 0.089789 0.077009
75 0.367958 0.493304 0.084507 0.127232
76 0.737676 0.521205 0.158451 0.127232
80 0.051056 0.547991 0.102113 0.089286
15 0.183099 0.570312 0.070423 0.044643
105 0.478873 0.618304 0.179577 0.109375
37 0.584507 0.638393 0.086268 0.068080
28 0.855634 0.654018 0.116197 0.071429
149 0.478873 0.680804 0.105634 0.107143
137 0.052817 0.795759 0.073944 0.033482
2 0.200704 0.738839 0.172535 0.154018
2 0.797535 0.748884 0.165493 0.133929
93 0.082746 0.821429 0.059859 0.042411
19 0.801056 0.833705 0.073944 0.058036
17 0.860915 0.838170 0.084507 0.051339
0 0.500000 0.847098 0.200704 0.149554
41 0.691901 0.063616 0.140845 0.127232
8 0.693662 0.011161 0.029930 0.021205
6 0.500000 0.025670 0.250000 0.044643
8 0.588028 0.101562 0.033451 0.022321
5 0.200704 0.141741 0.142606 0.035714
5 0.797535 0.150670 0.140845 0.029018
8 0.260563 0.290179 0.033451 0.022321
7 0.765845 0.309152 0.063380 0.013393
8 0.475352 0.304688 0.040493 0.026786
8 0.718310 0.310268 0.044014 0.034598
7 0.602113 0.353795 0.061620 0.011161
8 0.559859 0.353795 0.028169 0.022321
7 0.242958 0.405134 0.091549 0.013393
8 0.186620 0.405134 0.028169 0.022321
8 0.137324 0.414062 0.038732 0.026786
9 0.475352 0.430804 0.058099 0.041295
7 0.762324 0.462054 0.063380 0.012277
8 0.845070 0.462054 0.026408 0.021205
8 0.718310 0.462054 0.036972 0.029018
8 0.031690 0.491071 0.040493 0.025670
8 0.183099 0.537946 0.040493 0.025670
8 0.478873 0.565848 0.031690 0.022321
8 0.582747 0.585938 0.038732 0.026786
8 0.855634 0.600446 0.042254 0.026786
8 0.478873 0.616071 0.026408 0.021205
9 0.739437 0.617188 0.036972 0.029018
5 0.797535 0.770089 0.137324 0.022321
7 0.091549 0.777902 0.093310 0.013393
8 0.031690 0.777902 0.035211 0.022321
5 0.200704 0.780134 0.140845 0.022321
8 0.860915 0.795759 0.038732 0.026786
12 0.084507 0.789062 0.044014 0.042411
7 0.808099 0.808036 0.035211 0.012277
8 0.774648 0.808036 0.044014 0.034598
9 0.860915 0.886161 0.080986 0.059152
