0 0.500000 0.125000 0.186620 0.154018
1 0.200704 0.227679 0.158451 0.116071
3 0.797535 0.212054 0.176056 0.147321
80 0.672535 0.299107 0.137324 0.075893
58 0.588028 0.333705 0.112676 0.073661
72 0.477113 0.319196 0.140845 0.104911
16 0.357394 0.405134 0.045775 0.040179
143 0.695423 0.415179 0.077465 0.060268
122 0.202465 0.390625 0.186620 0.113839
66 0.248239 0.575893 0.105634 0.071429
76 0.640845 0.561384 0.193662 0.118304
144 0.808099 0.635045 0.105634 0.064732
29 0.411972 0.665179 0.158451 0.075893
123 0.540493 0.664062 0.221831 0.118304
40 0.158451 0.677455 0.133803 0.093750
3 0.200704 0.763393 0.130282 0.104911
0 0.500000 0.850446 0.214789 0.142857
150 0.137324 0.093750 0.102113 0.080357
4 0.809859 0.097098 0.126761 0.015625
5 0.799296 0.122768 0.142606 0.029018
5 0.200704 0.154018 0.149648 0.030134
7 0.702465 0.260045 0.091549 0.013393
8 0.642606 0.258929 0.035211 0.023438
8 0.588028 0.292411 0.031690 0.022321
7 0.225352 0.328125 0.065141 0.012277
8 0.183099 0.328125 0.026408 0.021205
8 0.697183 0.379464 0.036972 0.023438
8 0.359155 0.383929 0.029930 0.021205
8 0.640845 0.493304 0.044014 0.034598
7 0.820423 0.600446 0.035211 0.012277
8 0.540493 0.597098 0.038732 0.026786
8 0.788732 0.600446 0.040493 0.026786
8 0.411972 0.617188 0.038732 0.026786
7 0.183099 0.628348 0.063380 0.013393
8 0.144366 0.629464 0.026408 0.021205
12 0.411972 0.654018 0.059859 0.042411
9 0.411972 0.729911 0.058099 0.040179
5 0.200704 0.765625 0.140845 0.023438
4 0.209507 0.816964 0.126761 0.015625
