114 0.419014 0.062500 0.116197 0.125000
106 0.848592 0.108259 0.179577 0.107143
0 0.500000 0.126116 0.186620 0.151786
23 0.904930 0.222098 0.077465 0.046875
3 0.200704 0.219866 0.154930 0.131696
3 0.797535 0.219866 0.154930 0.131696
120 0.128521 0.286830 0.147887 0.080357
145 0.190141 0.306920 0.098592 0.062500
93 0.750000 0.405134 0.070423 0.049107
142 0.582747 0.618304 0.070423 0.058036
124 0.633803 0.704241 0.116197 0.055804
118 0.621479 0.755580 0.077465 0.095982
2 0.797535 0.738839 0.172535 0.154018
98 0.160211 0.792411 0.095070 0.078125
0 0.500000 0.834821 0.228873 0.174107
94 0.853873 0.127232 0.133803 0.091518
69 0.419014 0.337054 0.070423 0.053571
24 0.295775 0.515625 0.059859 0.031250
54 0.052817 0.849330 0.105634 0.082589
8 0.419014 0.011161 0.035211 0.022321
12 0.419014 0.033482 0.040493 0.034598
8 0.855634 0.074777 0.040493 0.026786
4 0.211268 0.111607 0.126761 0.015625
4 0.809859 0.111607 0.123239 0.015625
9 0.419014 0.111607 0.066901 0.045759
5 0.200704 0.136161 0.144366 0.030134
5 0.797535 0.136161 0.140845 0.030134
7 0.938380 0.200893 0.091549 0.012277
8 0.883803 0.200893 0.028169 0.022321
8 0.130282 0.234375 0.026408 0.021205
8 0.190141 0.267857 0.040493 0.026786
8 0.750000 0.375000 0.026408 0.021205
7 0.313380 0.495536 0.061620 0.013393
8 0.269366 0.495536 0.035211 0.022321
8 0.582747 0.583705 0.031690 0.022321
7 0.665493 0.680804 0.095070 0.012277
12 0.633803 0.676339 0.038732 0.030134
8 0.602113 0.679688 0.038732 0.026786
8 0.623239 0.696429 0.044014 0.034598
7 0.167254 0.754464 0.035211 0.013393
8 0.135563 0.754464 0.035211 0.022321
5 0.799296 0.766741 0.149648 0.024554
6 0.500000 0.935268 0.253521 0.046875
