86 0.904930 0.140625 0.190141 0.166295
87 0.577465 0.375000 0.394366 0.199777
119 0.204225 0.378348 0.408451 0.227679
87 0.799296 0.792411 0.392606 0.205357
78 0.790493 0.070312 0.126761 0.082589
62 0.757042 0.126116 0.144366 0.078125
58 0.688380 0.171875 0.095070 0.058036
0 0.500000 0.118304 0.214789 0.167411
44 0.565141 0.140625 0.183099 0.177455
126 0.580986 0.195312 0.151408 0.109375
1 0.200704 0.224330 0.176056 0.122768
1 0.797535 0.228795 0.169014 0.113839
115 0.503521 0.322545 0.116197 0.087054
107 0.748239 0.312500 0.137324 0.140625
29 0.205986 0.409598 0.158451 0.075893
18 0.897887 0.421875 0.063380 0.055804
28 0.426056 0.446429 0.112676 0.080357
76 0.822183 0.443080 0.193662 0.113839
122 0.161972 0.517857 0.204225 0.111607
117 0.764085 0.551339 0.102113 0.078125
136 0.309859 0.598214 0.165493 0.078125
34 0.253521 0.650670 0.179577 0.040179
21 0.588028 0.689732 0.066901 0.064732
2 0.200704 0.751116 0.179577 0.129464
3 0.797535 0.746652 0.190141 0.138393
0 0.500000 0.852679 0.172535 0.137277
39 0.855634 0.141741 0.070423 0.049107
116 0.897887 0.359375 0.102113 0.080357
150 0.095070 0.603795 0.105634 0.084821
26 0.355634 0.748884 0.278169 0.136161
6 0.500000 0.021205 0.250000 0.042411
7 0.602113 0.049107 0.095070 0.012277
8 0.542253 0.047991 0.036972 0.029018
8 0.757042 0.081473 0.031690 0.022321
7 0.859155 0.111607 0.033451 0.011161
12 0.757042 0.102679 0.054577 0.033482
8 0.827465 0.111607 0.044014 0.034598
8 0.690141 0.127232 0.026408 0.021205
10 0.302817 0.101562 0.139085 0.078125
7 0.605634 0.142857 0.063380 0.011161
8 0.559859 0.142857 0.035211 0.022321
5 0.200704 0.147321 0.160211 0.032366
9 0.792253 0.140625 0.072183 0.047991
5 0.797535 0.158482 0.154930 0.032366
7 0.753521 0.238839 0.033451 0.012277
8 0.723592 0.239955 0.035211 0.022321
10 0.063380 0.236607 0.089789 0.050223
8 0.503521 0.276786 0.031690 0.022321
12 0.503521 0.303571 0.031690 0.030134
10 0.934859 0.312500 0.084507 0.051339
7 0.232394 0.368304 0.063380 0.012277
8 0.190141 0.368304 0.026408 0.021205
7 0.924296 0.393973 0.063380 0.011161
8 0.799296 0.387277 0.040493 0.026786
12 0.897887 0.383929 0.045775 0.043527
8 0.875000 0.393973 0.042254 0.026786
7 0.450704 0.406250 0.061620 0.014509
8 0.410211 0.405134 0.028169 0.022321
9 0.503521 0.406250 0.040493 0.029018
8 0.764085 0.502232 0.031690 0.022321
9 0.577465 0.514509 0.040493 0.029018
9 0.823944 0.526786 0.044014 0.032366
10 0.063380 0.529018 0.103873 0.052455
8 0.309859 0.549107 0.029930 0.021205
10 0.934859 0.609375 0.105634 0.060268
8 0.253521 0.625000 0.044014 0.034598
10 0.936620 0.633929 0.103873 0.055804
8 0.588028 0.651786 0.033451 0.022321
5 0.799296 0.765625 0.156690 0.025670
5 0.200704 0.770089 0.151408 0.021205
4 0.804577 0.820312 0.126761 0.015625
10 0.936620 0.832589 0.082746 0.050223
10 0.063380 0.891741 0.100352 0.058036
6 0.500000 0.930804 0.248239 0.045759
10 0.767606 0.914062 0.188380 0.100446
