29 0.066901 0.142857 0.133803 0.055804
0 0.500000 0.120536 0.197183 0.162946
1 0.200704 0.231027 0.161972 0.109375
2 0.797535 0.219866 0.190141 0.131696
49 0.860915 0.264509 0.102113 0.071429
136 0.836268 0.294643 0.116197 0.089286
16 0.352113 0.337054 0.052817 0.042411
40 0.542253 0.332589 0.135563 0.091518
37 0.304577 0.455357 0.116197 0.051339
55 0.542253 0.620536 0.077465 0.066964
126 0.149648 0.612723 0.151408 0.109375
66 0.313380 0.661830 0.109155 0.075893
106 0.875000 0.672991 0.179577 0.107143
132 0.355634 0.685268 0.140845 0.100446
1 0.200704 0.757812 0.147887 0.116071
2 0.797535 0.751116 0.176056 0.129464
0 0.500000 0.842634 0.239437 0.158482
116 0.586268 0.049107 0.091549 0.066964
6 0.500000 0.022321 0.250000 0.044643
8 0.063380 0.100446 0.031690 0.022321
12 0.063380 0.127232 0.035211 0.030134
5 0.797535 0.136161 0.147887 0.029018
5 0.200704 0.160714 0.142606 0.029018
7 0.880282 0.224330 0.063380 0.011161
8 0.834507 0.224330 0.038732 0.026786
8 0.838028 0.245536 0.033451 0.022321
8 0.540493 0.289062 0.028169 0.022321
12 0.542253 0.321429 0.044014 0.034598
9 0.862676 0.330357 0.058099 0.043527
12 0.306338 0.417411 0.033451 0.027902
8 0.149648 0.555804 0.031690 0.022321
8 0.542253 0.577009 0.040493 0.026786
8 0.313380 0.607143 0.035211 0.022321
7 0.880282 0.622768 0.033451 0.013393
8 0.850352 0.622768 0.031690 0.022321
7 0.373239 0.636161 0.061620 0.013393
8 0.332746 0.636161 0.028169 0.022321
5 0.200704 0.762277 0.153169 0.024554
5 0.797535 0.789062 0.137324 0.022321
6 0.500000 0.936384 0.251761 0.046875
