35 0.580986 0.044643 0.063380 0.055804
0 0.500000 0.118304 0.218310 0.167411
3 0.200704 0.222098 0.209507 0.127232
2 0.797535 0.219866 0.176056 0.131696
42 0.193662 0.302455 0.088028 0.062500
99 0.528169 0.328125 0.073944 0.058036
100 0.357394 0.337054 0.151408 0.087054
76 0.218310 0.385045 0.158451 0.127232
73 0.147887 0.438616 0.105634 0.064732
42 0.207746 0.448661 0.086268 0.058036
63 0.691901 0.525670 0.084507 0.062500
127 0.197183 0.544643 0.137324 0.091518
110 0.633803 0.572545 0.123239 0.069196
46 0.741197 0.562500 0.095070 0.100446
85 0.140845 0.579241 0.109155 0.100446
97 0.758803 0.603795 0.105634 0.078125
124 0.945423 0.676339 0.109155 0.053571
45 0.047535 0.706473 0.095070 0.080357
59 0.621479 0.733259 0.066901 0.055804
1 0.200704 0.757812 0.161972 0.116071
42 0.285211 0.834821 0.073944 0.064732
0 0.500000 0.847098 0.228873 0.149554
92 0.901408 0.070312 0.197183 0.078125
94 0.100352 0.145089 0.193662 0.084821
92 0.772887 0.662946 0.197183 0.078125
7 0.602113 0.011161 0.065141 0.012277
8 0.556338 0.011161 0.029930 0.021205
8 0.950704 0.020089 0.026408 0.021205
8 0.102113 0.085938 0.033451 0.022321
4 0.211268 0.116071 0.126761 0.015625
10 0.304577 0.098214 0.169014 0.084821
5 0.799296 0.136161 0.153169 0.030134
9 0.950704 0.135045 0.063380 0.042411
5 0.200704 0.145089 0.161972 0.032366
8 0.193662 0.254464 0.026408 0.021205
10 0.063380 0.246652 0.096831 0.049107
7 0.382042 0.292411 0.059859 0.012277
8 0.336268 0.292411 0.038732 0.026786
8 0.528169 0.297991 0.028169 0.022321
7 0.242958 0.321429 0.065141 0.012277
8 0.200704 0.322545 0.028169 0.020089
10 0.936620 0.341518 0.086268 0.049107
7 0.172535 0.401786 0.061620 0.012277
8 0.132042 0.402902 0.028169 0.020089
8 0.207746 0.412946 0.044014 0.034598
7 0.716549 0.489955 0.063380 0.013393
8 0.672535 0.489955 0.031690 0.022321
8 0.197183 0.502232 0.029930 0.021205
8 0.741197 0.512277 0.035211 0.022321
12 0.197183 0.524554 0.028169 0.025670
8 0.633803 0.529018 0.026408 0.021205
8 0.760563 0.547991 0.033451 0.022321
12 0.633803 0.554688 0.051056 0.031250
7 0.792253 0.620536 0.063380 0.012277
8 0.746479 0.620536 0.035211 0.022321
9 0.197183 0.616071 0.049296 0.035714
8 0.964789 0.638393 0.036972 0.023438
9 0.633803 0.640625 0.031690 0.023438
12 0.774648 0.657366 0.051056 0.026786
8 0.031690 0.660714 0.036972 0.023438
12 0.029930 0.676339 0.045775 0.035714
10 0.936620 0.689732 0.082746 0.042411
10 0.063380 0.764509 0.091549 0.046875
5 0.200704 0.776786 0.142606 0.023438
10 0.063380 0.820312 0.093310 0.046875
10 0.760563 0.915179 0.190141 0.098214
