86 0.338028 0.813616 0.330986 0.165179
76 0.794014 0.133929 0.190141 0.111607
0 0.500000 0.117188 0.211268 0.169643
1 0.200704 0.231027 0.160211 0.109375
2 0.797535 0.219866 0.214789 0.131696
143 0.183099 0.301339 0.070423 0.058036
34 0.630282 0.305804 0.179577 0.053571
43 0.783451 0.321429 0.105634 0.095982
45 0.533451 0.599330 0.105634 0.069196
74 0.619718 0.603795 0.126761 0.075893
97 0.348592 0.620536 0.095070 0.082589
70 0.573944 0.658482 0.109155 0.053571
77 0.683099 0.761161 0.154930 0.160714
0 0.500000 0.850446 0.214789 0.142857
54 0.195423 0.376116 0.123239 0.084821
36 0.690141 0.591518 0.448944 0.396205
8 0.794014 0.061384 0.038732 0.026786
5 0.799296 0.137277 0.160211 0.031250
5 0.200704 0.158482 0.137324 0.026786
7 0.204225 0.272321 0.061620 0.012277
8 0.785211 0.270089 0.029930 0.021205
7 0.635563 0.274554 0.038732 0.012277
8 0.161972 0.273438 0.033451 0.022321
8 0.605634 0.274554 0.033451 0.021205
12 0.785211 0.305804 0.022887 0.018973
8 0.619718 0.553571 0.029930 0.021205
8 0.535211 0.553571 0.036972 0.023438
7 0.366197 0.580357 0.063380 0.012277
8 0.320423 0.580357 0.033451 0.022321
8 0.573944 0.613839 0.040493 0.026786
9 0.535211 0.658482 0.047535 0.034598
7 0.714789 0.685268 0.095070 0.010045
8 0.658451 0.685268 0.028169 0.022321
9 0.573944 0.718750 0.065141 0.043527
12 0.683099 0.792411 0.049296 0.027902
6 0.500000 0.930804 0.244718 0.045759
