0 0.500000 0.126116 0.183099 0.151786
28 0.637324 0.213170 0.130282 0.071429
3 0.797535 0.213170 0.207746 0.145089
106 0.364437 0.276786 0.179577 0.107143
135 0.431338 0.349330 0.165493 0.125000
117 0.834507 0.430804 0.123239 0.082589
43 0.948944 0.513393 0.102113 0.089286
105 0.167254 0.536830 0.140845 0.098214
122 0.871479 0.616071 0.204225 0.100446
107 0.908451 0.628348 0.140845 0.142857
128 0.690141 0.691964 0.218310 0.125000
0 0.500000 0.845982 0.221831 0.151786
94 0.257042 0.402902 0.151408 0.091518
4 0.809859 0.098214 0.126761 0.015625
5 0.797535 0.122768 0.140845 0.027902
8 0.637324 0.169643 0.033451 0.021205
7 0.385563 0.227679 0.063380 0.012277
8 0.343310 0.227679 0.028169 0.022321
7 0.440141 0.284598 0.035211 0.013393
12 0.366197 0.281250 0.029930 0.023438
8 0.415493 0.285714 0.026408 0.021205
7 0.281690 0.357143 0.065141 0.014509
8 0.242958 0.357143 0.026408 0.021205
8 0.834507 0.381696 0.036972 0.023438
12 0.257042 0.404018 0.033451 0.027902
12 0.834507 0.419643 0.059859 0.041295
8 0.948944 0.467634 0.031690 0.022321
8 0.169014 0.482143 0.033451 0.021205
9 0.257042 0.479911 0.047535 0.034598
9 0.834507 0.497768 0.051056 0.036830
12 0.169014 0.535714 0.040493 0.034598
7 0.945423 0.555804 0.091549 0.012277
8 0.889085 0.554688 0.031690 0.022321
7 0.894366 0.564732 0.061620 0.012277
8 0.848592 0.564732 0.044014 0.034598
8 0.690141 0.622768 0.035211 0.022321
12 0.690141 0.685268 0.047535 0.030134
9 0.908451 0.720982 0.077465 0.056920
9 0.690141 0.780134 0.063380 0.044643
