151 0.309859 0.386161 0.443662 0.227679
0 0.500000 0.112723 0.225352 0.178571
2 0.200704 0.219866 0.177817 0.131696
2 0.797535 0.219866 0.190141 0.131696
122 0.191901 0.255580 0.193662 0.104911
123 0.380282 0.289062 0.242958 0.107143
73 0.151408 0.387277 0.112676 0.064732
101 0.309859 0.387277 0.204225 0.098214
16 0.637324 0.420759 0.052817 0.044643
109 0.786972 0.475446 0.105634 0.051339
77 0.355634 0.559152 0.144366 0.118304
134 0.098592 0.574777 0.197183 0.138393
47 0.308099 0.710938 0.123239 0.095982
3 0.200704 0.748884 0.183099 0.133929
3 0.797535 0.746652 0.190141 0.138393
0 0.500000 0.839286 0.227113 0.165179
43 0.473592 0.907366 0.098592 0.080357
26 0.135563 0.098214 0.271127 0.136161
65 0.941901 0.625000 0.116197 0.091518
6 0.500000 0.022321 0.250000 0.044643
5 0.200704 0.136161 0.151408 0.030134
5 0.797535 0.138393 0.147887 0.030134
8 0.380282 0.217634 0.036972 0.029018
14 0.309859 0.320312 0.070423 0.013393
7 0.334507 0.334821 0.063380 0.014509
8 0.292254 0.334821 0.028169 0.022321
8 0.151408 0.356027 0.031690 0.022321
8 0.637324 0.391741 0.040493 0.026786
7 0.811620 0.450893 0.063380 0.011161
8 0.764085 0.450893 0.040493 0.026786
8 0.355634 0.493304 0.042254 0.026786
7 0.056338 0.510045 0.065141 0.013393
8 0.015845 0.510045 0.031690 0.022321
7 0.975352 0.577009 0.049296 0.013393
8 0.933099 0.575893 0.040493 0.025670
12 0.035211 0.600446 0.031690 0.023438
9 0.355634 0.649554 0.038732 0.027902
8 0.309859 0.656250 0.044014 0.034598
9 0.961268 0.700893 0.038732 0.026786
5 0.799296 0.767857 0.146127 0.024554
5 0.200704 0.783482 0.139085 0.026786
4 0.804577 0.810268 0.126761 0.015625
4 0.207746 0.822545 0.126761 0.015625
8 0.475352 0.856027 0.040493 0.026786
