87 0.890845 0.488839 0.218310 0.199777
86 0.216549 0.732143 0.330986 0.165179
66 0.644366 0.102679 0.109155 0.075893
0 0.500000 0.125000 0.193662 0.154018
2 0.797535 0.219866 0.214789 0.131696
97 0.080986 0.266741 0.109155 0.080357
80 0.625000 0.294643 0.151408 0.078125
130 0.820423 0.306920 0.154930 0.122768
135 0.207746 0.347098 0.140845 0.095982
144 0.846831 0.379464 0.098592 0.073661
124 0.250000 0.433036 0.086268 0.047991
32 0.272887 0.520089 0.088028 0.075893
123 0.799296 0.503348 0.239437 0.109375
93 0.683099 0.571429 0.070423 0.049107
102 0.801056 0.550223 0.151408 0.122768
141 0.147887 0.537946 0.125000 0.154018
40 0.519366 0.575893 0.126761 0.091518
37 0.521127 0.620536 0.093310 0.077009
140 0.573944 0.697545 0.098592 0.062500
3 0.797535 0.748884 0.169014 0.133929
104 0.628521 0.868304 0.084507 0.060268
51 0.792253 0.864955 0.193662 0.082589
0 0.500000 0.850446 0.214789 0.142857
26 0.084507 0.292411 0.169014 0.136161
41 0.399648 0.366071 0.179577 0.120536
8 0.644366 0.053571 0.035211 0.022321
5 0.799296 0.139509 0.160211 0.031250
8 0.080986 0.214286 0.026408 0.021205
7 0.857394 0.243304 0.095070 0.010045
8 0.797535 0.243304 0.031690 0.022321
7 0.646127 0.250000 0.063380 0.012277
12 0.080986 0.242188 0.033451 0.031250
8 0.603873 0.250000 0.031690 0.022321
12 0.625000 0.270089 0.056338 0.035714
8 0.207746 0.287946 0.038732 0.026786
7 0.422535 0.310268 0.066901 0.013393
8 0.380282 0.310268 0.026408 0.021205
12 0.820423 0.305804 0.075704 0.036830
9 0.080986 0.339286 0.038732 0.026786
8 0.827465 0.343750 0.026408 0.021205
12 0.846831 0.352679 0.042254 0.033482
9 0.625000 0.363839 0.038732 0.030134
8 0.147887 0.450893 0.026408 0.021205
8 0.774648 0.447545 0.038732 0.026786
9 0.846831 0.444196 0.063380 0.044643
8 0.272887 0.463170 0.042254 0.026786
7 0.825704 0.491071 0.063380 0.012277
8 0.779930 0.489955 0.035211 0.022321
8 0.519366 0.529018 0.035211 0.023438
8 0.683099 0.547991 0.033451 0.022321
12 0.519366 0.547991 0.052817 0.040179
12 0.802817 0.556920 0.044014 0.035714
8 0.573944 0.658482 0.035211 0.022321
9 0.521127 0.662946 0.036972 0.027902
5 0.797535 0.790179 0.137324 0.022321
4 0.808099 0.816964 0.126761 0.015625
8 0.771127 0.818080 0.038732 0.026786
8 0.628521 0.829241 0.042254 0.026786
6 0.500000 0.939732 0.244718 0.045759
