56 0.514085 0.504464 0.332746 0.166295
23 0.360915 0.111607 0.059859 0.055804
78 0.211268 0.157366 0.126761 0.082589
0 0.500000 0.125000 0.216549 0.152902
37 0.813380 0.327009 0.068662 0.064732
141 0.586268 0.313616 0.151408 0.093750
60 0.366197 0.357143 0.109155 0.058036
82 0.281690 0.328125 0.154930 0.122768
82 0.258803 0.406250 0.154930 0.122768
149 0.350352 0.421875 0.105634 0.102679
29 0.913732 0.526786 0.140845 0.066964
81 0.466549 0.565848 0.126761 0.084821
139 0.737676 0.575893 0.133803 0.069196
71 0.746479 0.594866 0.102113 0.078125
90 0.066901 0.643973 0.133803 0.060268
34 0.829225 0.675223 0.172535 0.040179
37 0.385563 0.685268 0.116197 0.080357
121 0.468310 0.739955 0.123239 0.082589
1 0.200704 0.761161 0.161972 0.109375
149 0.633803 0.767857 0.105634 0.102679
46 0.640845 0.818080 0.095070 0.093750
0 0.500000 0.847098 0.190141 0.149554
24 0.088028 0.405134 0.042254 0.033482
92 0.540493 0.412946 0.197183 0.075893
91 0.684859 0.671875 0.154930 0.095982
7 0.390845 0.082589 0.091549 0.012277
8 0.330986 0.082589 0.036972 0.029018
7 0.313380 0.267857 0.089789 0.012277
7 0.605634 0.267857 0.065141 0.012277
8 0.250000 0.266741 0.042254 0.026786
8 0.556338 0.267857 0.044014 0.034598
12 0.588028 0.296875 0.029930 0.025670
7 0.373239 0.322545 0.033451 0.013393
8 0.341549 0.322545 0.033451 0.022321
7 0.288732 0.348214 0.065141 0.014509
8 0.239437 0.347098 0.036972 0.029018
7 0.580986 0.375000 0.095070 0.010045
8 0.519366 0.375000 0.038732 0.026786
7 0.110915 0.382812 0.063380 0.013393
8 0.068662 0.382812 0.031690 0.022321
9 0.586268 0.397321 0.035211 0.025670
9 0.366197 0.406250 0.063380 0.047991
8 0.915493 0.491071 0.036972 0.023438
7 0.508803 0.522321 0.095070 0.010045
8 0.447183 0.521205 0.036972 0.029018
8 0.714789 0.542411 0.029930 0.021205
8 0.746479 0.549107 0.036972 0.029018
8 0.031690 0.613839 0.026408 0.021205
8 0.686620 0.618304 0.044014 0.034598
8 0.387324 0.633929 0.036972 0.023438
8 0.830986 0.656250 0.033451 0.022321
12 0.684859 0.657366 0.059859 0.033482
7 0.470070 0.696429 0.035211 0.012277
8 0.436620 0.697545 0.040493 0.026786
8 0.633803 0.703125 0.028169 0.022321
9 0.829225 0.719866 0.052817 0.040179
5 0.200704 0.770089 0.144366 0.023438
12 0.633803 0.765625 0.040493 0.035714
9 0.633803 0.848214 0.061620 0.043527
