0 0.500000 0.126116 0.183099 0.151786
133 0.517606 0.170759 0.130282 0.113839
1 0.200704 0.227679 0.158451 0.116071
2 0.797535 0.219866 0.183099 0.131696
22 0.364437 0.392857 0.084507 0.049107
45 0.239437 0.398438 0.088028 0.075893
145 0.535211 0.607143 0.077465 0.073661
66 0.529930 0.696429 0.105634 0.071429
1 0.200704 0.750000 0.170775 0.130580
0 0.500000 0.850446 0.190141 0.142857
6 0.500000 0.027902 0.221831 0.044643
7 0.528169 0.113839 0.033451 0.011161
8 0.500000 0.113839 0.033451 0.022321
5 0.799296 0.136161 0.139085 0.026786
5 0.200704 0.156250 0.160211 0.032366
7 0.269366 0.361607 0.091549 0.012277
8 0.209507 0.361607 0.038732 0.026786
8 0.535211 0.566964 0.040493 0.025670
8 0.529930 0.643973 0.042254 0.026786
12 0.529930 0.667411 0.031690 0.026786
9 0.529930 0.758929 0.052817 0.039062
5 0.200704 0.767857 0.161972 0.027902
6 0.500000 0.938616 0.260563 0.046875
