88 0.522887 0.191964 0.112676 0.060268
88 0.309859 0.233259 0.116197 0.082589
2 0.797535 0.219866 0.214789 0.131696
145 0.704225 0.371652 0.088028 0.060268
16 0.589789 0.387277 0.056338 0.044643
89 0.857394 0.427455 0.105634 0.104911
105 0.218310 0.452009 0.186620 0.107143
138 0.783451 0.508929 0.169014 0.109375
120 0.366197 0.562500 0.137324 0.095982
111 0.253521 0.558036 0.147887 0.113839
109 0.640845 0.614955 0.091549 0.055804
89 0.485915 0.592634 0.105634 0.102679
139 0.633803 0.660714 0.116197 0.069196
16 0.352113 0.699777 0.063380 0.044643
19 0.304577 0.736607 0.077465 0.040179
3 0.200704 0.763393 0.130282 0.104911
3 0.797535 0.743304 0.183099 0.145089
66 0.887324 0.797991 0.105634 0.071429
0 0.500000 0.841518 0.221831 0.160714
5 0.797535 0.140625 0.154930 0.031250
7 0.540493 0.156250 0.059859 0.012277
8 0.494718 0.157366 0.042254 0.026786
7 0.334507 0.189732 0.065141 0.013393
8 0.288732 0.189732 0.036972 0.023438
9 0.522887 0.252232 0.042254 0.031250
7 0.721831 0.337054 0.061620 0.014509
8 0.683099 0.337054 0.029930 0.021205
7 0.612676 0.360491 0.063380 0.013393
8 0.565141 0.360491 0.038732 0.026786
7 0.883803 0.379464 0.065141 0.012277
8 0.838028 0.379464 0.033451 0.022321
7 0.221831 0.392857 0.033451 0.011161
8 0.190141 0.392857 0.036972 0.029018
8 0.783451 0.453125 0.028169 0.020089
8 0.253521 0.486607 0.029930 0.021205
8 0.366197 0.513393 0.033451 0.022321
7 0.658451 0.582589 0.063380 0.012277
8 0.610915 0.582589 0.038732 0.026786
7 0.653169 0.620536 0.063380 0.013393
8 0.609155 0.620536 0.033451 0.021205
9 0.366197 0.645089 0.052817 0.034598
12 0.352113 0.654018 0.036972 0.025670
8 0.352113 0.665179 0.031690 0.022321
8 0.304577 0.705357 0.035211 0.023438
9 0.633803 0.736607 0.033451 0.023438
7 0.911972 0.761161 0.061620 0.012277
9 0.352113 0.754464 0.049296 0.034598
8 0.864437 0.762277 0.042254 0.026786
5 0.799296 0.770089 0.156690 0.021205
5 0.200704 0.781250 0.146127 0.023438
4 0.207746 0.811384 0.112676 0.013393
4 0.808099 0.816964 0.126761 0.015625
6 0.500000 0.939732 0.260563 0.046875
