23 0.427817 0.053571 0.077465 0.046875
0 0.500000 0.123884 0.197183 0.156250
19 0.047535 0.252232 0.073944 0.046875
1 0.200704 0.223214 0.151408 0.123884
123 0.852113 0.295759 0.221831 0.118304
108 0.241197 0.522321 0.091549 0.058036
104 0.501761 0.669643 0.066901 0.046875
1 0.200704 0.753348 0.147887 0.125000
2 0.797535 0.739955 0.197183 0.151786
120 0.691901 0.851562 0.147887 0.087054
0 0.500000 0.844866 0.202465 0.154018
7 0.452465 0.031250 0.063380 0.012277
8 0.408451 0.031250 0.036972 0.023438
5 0.200704 0.145089 0.142606 0.029018
8 0.049296 0.224330 0.036972 0.029018
7 0.869718 0.232143 0.063380 0.013393
8 0.823944 0.232143 0.036972 0.023438
12 0.852113 0.294643 0.061620 0.037946
9 0.047535 0.296875 0.059859 0.041295
9 0.852113 0.379464 0.051056 0.036830
7 0.260563 0.487723 0.063380 0.013393
8 0.218310 0.487723 0.033451 0.022321
8 0.503521 0.642857 0.029930 0.021205
5 0.200704 0.763393 0.146127 0.023438
5 0.797535 0.775670 0.137324 0.022321
8 0.691901 0.800223 0.028169 0.022321
