86 0.471831 0.334821 0.332746 0.166295
73 0.369718 0.044643 0.077465 0.062500
0 0.500000 0.126116 0.190141 0.151786
90 0.640845 0.194196 0.073944 0.053571
1 0.200704 0.223214 0.151408 0.123884
23 0.246479 0.410714 0.056338 0.073661
72 0.797535 0.492188 0.137324 0.098214
19 0.211268 0.562500 0.063380 0.051339
122 0.470070 0.563616 0.204225 0.111607
124 0.427817 0.589286 0.098592 0.062500
21 0.200704 0.597098 0.088028 0.053571
52 0.394366 0.651786 0.130282 0.058036
89 0.151408 0.671875 0.105634 0.104911
28 0.068662 0.688616 0.137324 0.080357
60 0.323944 0.696429 0.077465 0.066964
3 0.200704 0.743304 0.183099 0.145089
1 0.797535 0.752232 0.154930 0.128348
0 0.500000 0.834821 0.228873 0.174107
48 0.808099 0.709821 0.105634 0.078125
8 0.369718 0.011161 0.036972 0.022321
6 0.500000 0.027902 0.221831 0.044643
5 0.200704 0.146205 0.154930 0.031250
8 0.640845 0.156250 0.028169 0.020089
7 0.250000 0.379464 0.029930 0.012277
8 0.218310 0.379464 0.044014 0.034598
7 0.816901 0.438616 0.065141 0.013393
8 0.769366 0.438616 0.035211 0.022321
8 0.211268 0.531250 0.026408 0.021205
8 0.429577 0.541295 0.033451 0.022321
7 0.221831 0.566964 0.065141 0.014509
8 0.172535 0.566964 0.042254 0.026786
7 0.397887 0.616071 0.033451 0.012277
8 0.369718 0.617188 0.031690 0.022321
8 0.151408 0.621652 0.035211 0.022321
12 0.394366 0.627232 0.040493 0.025670
8 0.323944 0.652902 0.040493 0.026786
8 0.808099 0.652902 0.042254 0.026786
5 0.799296 0.770089 0.142606 0.023438
5 0.200704 0.787946 0.156690 0.021205
4 0.207746 0.816964 0.112676 0.013393
