0 0.500000 0.107143 0.278169 0.189732
85 0.406690 0.181920 0.119718 0.098214
20 0.566901 0.222098 0.073944 0.049107
2 0.200704 0.216518 0.188380 0.138393
2 0.797535 0.218750 0.179577 0.133929
46 0.473592 0.268973 0.140845 0.082589
71 0.642606 0.286830 0.073944 0.098214
16 0.778169 0.334821 0.054577 0.044643
74 0.135563 0.421875 0.084507 0.060268
34 0.698944 0.453125 0.214789 0.049107
149 0.790493 0.536830 0.095070 0.055804
111 0.454225 0.554688 0.154930 0.120536
124 0.575704 0.665179 0.123239 0.064732
42 0.846831 0.672991 0.077465 0.066964
23 0.269366 0.859375 0.059859 0.062500
0 0.500000 0.839286 0.227113 0.165179
110 0.359155 0.895089 0.119718 0.069196
129 0.102113 0.158482 0.204225 0.179688
84 0.855634 0.587054 0.133803 0.064732
41 0.536972 0.585938 0.119718 0.167411
79 0.660211 0.842634 0.165493 0.095982
6 0.500000 0.020089 0.246479 0.040179
8 0.408451 0.122768 0.036972 0.029018
5 0.200704 0.131696 0.151408 0.030134
5 0.797535 0.136161 0.144366 0.029018
7 0.596831 0.191964 0.091549 0.012277
8 0.536972 0.193080 0.038732 0.026786
8 0.473592 0.226562 0.028169 0.020089
7 0.665493 0.241071 0.063380 0.013393
8 0.619718 0.241071 0.040493 0.026786
12 0.642606 0.281250 0.038732 0.032366
9 0.642606 0.357143 0.063380 0.041295
7 0.151408 0.395089 0.061620 0.012277
8 0.103873 0.396205 0.042254 0.026786
12 0.135563 0.408482 0.035211 0.026786
8 0.700704 0.415179 0.044014 0.034598
8 0.454225 0.484375 0.040493 0.026786
8 0.536972 0.492188 0.028169 0.020089
8 0.764085 0.507812 0.031690 0.022321
12 0.792253 0.502232 0.044014 0.039062
9 0.700704 0.515625 0.044014 0.031250
12 0.454225 0.549107 0.035211 0.026786
12 0.855634 0.554688 0.066901 0.040179
9 0.790493 0.589286 0.056338 0.043527
8 0.577465 0.613839 0.036972 0.029018
8 0.848592 0.628348 0.033451 0.022321
9 0.848592 0.741071 0.051056 0.036830
8 0.661972 0.790179 0.036972 0.029018
7 0.292254 0.825893 0.063380 0.014509
8 0.251761 0.825893 0.028169 0.022321
8 0.359155 0.856027 0.028169 0.022321
6 0.500000 0.934152 0.253521 0.046875
9 0.359155 0.967634 0.049296 0.033482
