33 0.954225 0.551339 0.077465 0.063616
132 0.251761 0.119420 0.147887 0.100446
0 0.500000 0.125000 0.193662 0.154018
3 0.797535 0.219866 0.154930 0.131696
90 0.500000 0.274554 0.091549 0.060268
128 0.184859 0.250000 0.204225 0.122768
102 0.853873 0.247768 0.144366 0.127232
47 0.140845 0.267857 0.123239 0.095982
76 0.573944 0.276786 0.186620 0.118304
72 0.137324 0.372768 0.137324 0.095982
104 0.089789 0.393973 0.084507 0.064732
68 0.149648 0.409598 0.088028 0.051339
124 0.487676 0.437500 0.116197 0.071429
21 0.415493 0.462054 0.063380 0.041295
72 0.786972 0.441964 0.140845 0.104911
55 0.820423 0.500000 0.077465 0.066964
138 0.544014 0.510045 0.158451 0.098214
30 0.383803 0.590402 0.102113 0.058036
139 0.404930 0.707589 0.116197 0.080357
1 0.797535 0.752232 0.154930 0.128348
126 0.378521 0.809152 0.151408 0.109375
118 0.623239 0.869420 0.109155 0.104911
84 0.683099 0.757812 0.147887 0.087054
57 0.713028 0.647321 0.573944 0.311384
92 0.522887 0.856027 0.204225 0.080357
6 0.500000 0.026786 0.250000 0.042411
7 0.274648 0.064732 0.061620 0.013393
8 0.232394 0.064732 0.029930 0.021205
4 0.809859 0.111607 0.123239 0.015625
5 0.797535 0.136161 0.137324 0.026786
8 0.186620 0.183036 0.029930 0.021205
7 0.596831 0.213170 0.063380 0.011161
8 0.140845 0.212054 0.035211 0.022321
8 0.556338 0.213170 0.028169 0.020089
8 0.500000 0.234375 0.036972 0.023438
12 0.573944 0.267857 0.038732 0.027902
8 0.137324 0.323661 0.033451 0.022321
8 0.091549 0.350446 0.026408 0.021205
9 0.573944 0.366071 0.058099 0.041295
8 0.123239 0.381696 0.029930 0.021205
12 0.149648 0.377232 0.045775 0.039062
7 0.498239 0.395089 0.035211 0.012277
8 0.470070 0.396205 0.028169 0.020089
7 0.436620 0.445312 0.065141 0.013393
8 0.390845 0.444196 0.036972 0.023438
7 0.563380 0.462054 0.061620 0.012277
8 0.820423 0.454241 0.036972 0.029018
8 0.517606 0.462054 0.038732 0.026786
9 0.151408 0.475446 0.044014 0.032366
8 0.383803 0.562500 0.028169 0.022321
7 0.714789 0.717634 0.093310 0.013393
8 0.653169 0.717634 0.035211 0.022321
7 0.394366 0.752232 0.058099 0.013393
8 0.352113 0.752232 0.036972 0.029018
5 0.799296 0.777902 0.153169 0.024554
7 0.640845 0.812500 0.061620 0.014509
8 0.598592 0.812500 0.033451 0.022321
7 0.549296 0.816964 0.065141 0.013393
8 0.503521 0.816964 0.036972 0.023438
12 0.522887 0.854911 0.035211 0.025670
9 0.380282 0.886161 0.086268 0.063616
