86 0.258803 0.531250 0.334507 0.166295
21 0.619718 0.138393 0.088028 0.053571
123 0.834507 0.141741 0.216549 0.111607
0 0.500000 0.104911 0.257042 0.194196
66 0.904930 0.231027 0.112676 0.073661
2 0.200704 0.219866 0.190141 0.131696
2 0.797535 0.218750 0.179577 0.133929
72 0.244718 0.295759 0.137324 0.095982
28 0.142606 0.635045 0.102113 0.064732
47 0.864437 0.623884 0.123239 0.095982
88 0.801056 0.661830 0.109155 0.075893
47 0.477113 0.655134 0.123239 0.095982
1 0.200704 0.750000 0.181338 0.131696
0 0.500000 0.850446 0.214789 0.142857
125 0.528169 0.366071 0.149648 0.110491
79 0.309859 0.502232 0.158451 0.100446
57 0.431338 0.414062 0.602113 0.308036
6 0.500000 0.021205 0.250000 0.042411
7 0.841549 0.084821 0.033451 0.012277
8 0.811620 0.084821 0.035211 0.022321
7 0.644366 0.107143 0.061620 0.012277
12 0.619718 0.095982 0.049296 0.039062
8 0.603873 0.108259 0.028169 0.022321
147 0.572183 0.125000 0.042254 0.037946
5 0.200704 0.133929 0.137324 0.027902
5 0.797535 0.135045 0.144366 0.029018
7 0.910211 0.188616 0.035211 0.013393
8 0.883803 0.188616 0.028169 0.022321
9 0.619718 0.194196 0.047535 0.034598
12 0.904930 0.216518 0.044014 0.034598
7 0.274648 0.243304 0.065141 0.014509
8 0.228873 0.243304 0.029930 0.021205
9 0.904930 0.294643 0.058099 0.042411
8 0.309859 0.443080 0.028169 0.022321
7 0.890845 0.574777 0.065141 0.013393
8 0.852113 0.573661 0.026408 0.021205
8 0.144366 0.604911 0.026408 0.021205
7 0.501761 0.609375 0.063380 0.013393
8 0.457746 0.609375 0.036972 0.023438
7 0.834507 0.620536 0.093310 0.012277
8 0.771127 0.620536 0.044014 0.034598
153 0.466549 0.657366 0.049296 0.035714
9 0.142606 0.695312 0.045775 0.031250
9 0.478873 0.727679 0.058099 0.041295
5 0.200704 0.776786 0.146127 0.027902
