0 0.500000 0.123884 0.197183 0.156250
107 0.920775 0.135045 0.137324 0.142857
3 0.200704 0.219866 0.154930 0.131696
2 0.797535 0.219866 0.190141 0.131696
76 0.250000 0.236607 0.119718 0.133929
111 0.582747 0.277902 0.147887 0.113839
133 0.577465 0.315848 0.169014 0.102679
96 0.529930 0.399554 0.140845 0.069196
145 0.950704 0.417411 0.098592 0.062500
146 0.593310 0.426339 0.109155 0.095982
28 0.269366 0.523438 0.116197 0.075893
74 0.089789 0.641741 0.077465 0.055804
105 0.376761 0.655134 0.172535 0.125000
1 0.797535 0.752232 0.154930 0.128348
109 0.029930 0.808036 0.056338 0.058036
0 0.500000 0.850446 0.214789 0.142857
69 0.720070 0.655134 0.285211 0.147321
6 0.500000 0.025670 0.235915 0.037946
7 0.941901 0.064732 0.063380 0.012277
8 0.901408 0.064732 0.029930 0.021205
4 0.211268 0.111607 0.126761 0.015625
5 0.200704 0.139509 0.160211 0.031250
5 0.797535 0.138393 0.151408 0.032366
7 0.292254 0.167411 0.093310 0.012277
8 0.228873 0.167411 0.036972 0.023438
8 0.582747 0.218750 0.042254 0.026786
7 0.598592 0.267857 0.061620 0.013393
8 0.556338 0.267857 0.033451 0.022321
8 0.531690 0.359375 0.029930 0.021205
8 0.950704 0.369420 0.042254 0.026786
8 0.593310 0.373884 0.035211 0.022321
12 0.531690 0.377232 0.068662 0.043527
12 0.595070 0.419643 0.036972 0.025670
9 0.531690 0.470982 0.040493 0.029018
8 0.242958 0.489955 0.031690 0.022321
12 0.269366 0.497768 0.031690 0.023438
9 0.595070 0.493304 0.068662 0.045759
8 0.376761 0.588170 0.038732 0.026786
12 0.091549 0.600446 0.047535 0.035714
7 0.103873 0.618304 0.056338 0.011161
8 0.058099 0.618304 0.042254 0.026786
9 0.091549 0.696429 0.044014 0.032366
5 0.797535 0.770089 0.140845 0.018973
8 0.031690 0.772321 0.026408 0.021205
6 0.500000 0.930804 0.253521 0.046875
