2 0.799296 0.216518 0.188380 0.138393
44 0.681338 0.312500 0.176056 0.180804
105 0.248239 0.495536 0.186620 0.100446
83 0.853873 0.587054 0.088028 0.062500
81 0.244718 0.628348 0.154930 0.082589
108 0.961268 0.705357 0.077465 0.055804
61 0.644366 0.702009 0.088028 0.071429
3 0.200704 0.755580 0.137324 0.120536
0 0.500000 0.840402 0.218310 0.162946
36 0.190141 0.083705 0.378521 0.167411
57 0.225352 0.725446 0.450704 0.308036
5 0.799296 0.130580 0.146127 0.029018
8 0.681338 0.213170 0.042254 0.026786
7 0.264085 0.439732 0.063380 0.012277
8 0.223592 0.439732 0.028169 0.022321
12 0.855634 0.555804 0.054577 0.031250
8 0.823944 0.558036 0.044014 0.034598
7 0.267606 0.584821 0.061620 0.013393
8 0.221831 0.584821 0.036972 0.023438
7 0.661972 0.669643 0.063380 0.012277
8 0.612676 0.669643 0.044014 0.034598
7 0.975352 0.680804 0.047535 0.012277
8 0.934859 0.680804 0.042254 0.026786
5 0.200704 0.779018 0.140845 0.018973
4 0.207746 0.816964 0.126761 0.015625
6 0.500000 0.928571 0.253521 0.046875
