87 0.830986 0.376116 0.336268 0.198661
127 0.903169 0.065848 0.137324 0.091518
0 0.500000 0.123884 0.197183 0.156250
105 0.906690 0.170759 0.186620 0.107143
1 0.200704 0.229911 0.161972 0.111607
2 0.797535 0.219866 0.190141 0.131696
149 0.419014 0.254464 0.105634 0.102679
136 0.526408 0.311384 0.102113 0.091518
115 0.419014 0.360491 0.095070 0.078125
144 0.931338 0.377232 0.137324 0.089286
112 0.852113 0.406250 0.140845 0.093750
31 0.297535 0.587054 0.084507 0.056920
68 0.188380 0.702009 0.088028 0.044643
118 0.640845 0.715402 0.091549 0.082589
3 0.797535 0.763393 0.130282 0.104911
0 0.500000 0.834821 0.228873 0.174107
27 0.894366 0.700893 0.211268 0.135045
129 0.586268 0.876116 0.323944 0.151786
8 0.903169 0.013393 0.042254 0.026786
7 0.911972 0.117188 0.035211 0.013393
8 0.885563 0.117188 0.028169 0.022321
5 0.799296 0.136161 0.146127 0.029018
5 0.200704 0.160714 0.156690 0.031250
147 0.588028 0.233259 0.045775 0.040179
8 0.526408 0.261161 0.042254 0.026786
12 0.526408 0.294643 0.035211 0.023438
8 0.978873 0.315848 0.040493 0.026786
7 0.436620 0.323661 0.061620 0.012277
8 0.394366 0.323661 0.033451 0.022321
8 0.852113 0.350446 0.031690 0.022321
9 0.859155 0.504464 0.054577 0.040179
8 0.297535 0.541295 0.038732 0.026786
12 0.297535 0.551339 0.028169 0.024554
8 0.640845 0.674107 0.035211 0.022321
12 0.188380 0.667411 0.056338 0.042411
5 0.797535 0.763393 0.161972 0.027902
4 0.804577 0.822545 0.126761 0.015625
