119 0.757042 0.218750 0.450704 0.227679
0 0.500000 0.118304 0.218310 0.167411
111 0.577465 0.147321 0.126761 0.156250
68 0.082746 0.184152 0.109155 0.093750
3 0.200704 0.213170 0.207746 0.145089
3 0.797535 0.213170 0.207746 0.145089
15 0.795775 0.505580 0.052817 0.051339
53 0.204225 0.539062 0.056338 0.033482
138 0.899648 0.558036 0.158451 0.116071
71 0.860915 0.579241 0.056338 0.073661
1 0.200704 0.757812 0.147887 0.116071
2 0.797535 0.751116 0.179577 0.129464
0 0.500000 0.850446 0.190141 0.142857
7 0.602113 0.063616 0.065141 0.013393
8 0.552817 0.063616 0.038732 0.026786
4 0.211268 0.099330 0.112676 0.013393
4 0.809859 0.098214 0.123239 0.015625
5 0.797535 0.125000 0.140845 0.027902
5 0.200704 0.125000 0.156690 0.031250
8 0.054577 0.132812 0.035211 0.022321
8 0.795775 0.464286 0.036972 0.023438
7 0.225352 0.517857 0.065141 0.013393
8 0.183099 0.517857 0.028169 0.022321
7 0.876761 0.540179 0.063380 0.012277
8 0.832747 0.540179 0.035211 0.023438
9 0.860915 0.650670 0.042254 0.031250
5 0.799296 0.774554 0.146127 0.023438
5 0.200704 0.777902 0.151408 0.024554
6 0.500000 0.927455 0.253521 0.046875
