132 0.737676 0.084821 0.084507 0.131696
0 0.500000 0.112723 0.228873 0.178571
3 0.200704 0.213170 0.207746 0.145089
72 0.554577 0.419643 0.140845 0.104911
58 0.126761 0.550223 0.109155 0.078125
106 0.387324 0.670759 0.165493 0.100446
2 0.797535 0.748884 0.165493 0.133929
0 0.500000 0.851562 0.176056 0.140625
24 0.135563 0.842634 0.059859 0.035714
8 0.737676 0.010045 0.028169 0.020089
6 0.500000 0.021205 0.250000 0.042411
4 0.211268 0.098214 0.126761 0.015625
5 0.200704 0.125000 0.146127 0.029018
8 0.126761 0.496652 0.028169 0.020089
8 0.387324 0.607143 0.026408 0.021205
9 0.126761 0.631696 0.036972 0.026786
5 0.799296 0.776786 0.153169 0.029018
7 0.154930 0.820312 0.061620 0.013393
8 0.114437 0.820312 0.028169 0.022321
6 0.500000 0.940848 0.246479 0.044643
