151 0.827465 0.646205 0.345070 0.225446
18 0.281690 0.090402 0.056338 0.049107
75 0.955986 0.090402 0.088028 0.098214
0 0.500000 0.125000 0.216549 0.152902
28 0.943662 0.234375 0.112676 0.078125
3 0.200704 0.220982 0.144366 0.129464
85 0.910211 0.241071 0.119718 0.098214
32 0.125000 0.297991 0.084507 0.060268
117 0.906690 0.290179 0.119718 0.078125
83 0.360915 0.303571 0.091549 0.060268
149 0.420775 0.305804 0.119718 0.095982
71 0.327465 0.330357 0.059859 0.066964
74 0.218310 0.378348 0.084507 0.055804
58 0.862676 0.377232 0.123239 0.078125
96 0.566901 0.417411 0.123239 0.069196
66 0.093310 0.520089 0.109155 0.075893
120 0.244718 0.547991 0.151408 0.084821
106 0.360915 0.568080 0.179577 0.107143
76 0.464789 0.608259 0.193662 0.118304
101 0.876761 0.647321 0.154930 0.091518
90 0.211268 0.686384 0.123239 0.066964
1 0.200704 0.752232 0.154930 0.128348
1 0.797535 0.761161 0.161972 0.109375
16 0.954225 0.859375 0.044014 0.040179
0 0.500000 0.850446 0.214789 0.142857
36 0.301056 0.082589 0.443662 0.165179
41 0.934859 0.332589 0.130282 0.071429
84 0.764085 0.400670 0.144366 0.095982
26 0.408451 0.406250 0.278169 0.136161
69 0.295775 0.551339 0.073944 0.062500
7 0.989437 0.035714 0.021127 0.014509
8 0.968310 0.035714 0.026408 0.021205
6 0.500000 0.026786 0.250000 0.042411
8 0.281690 0.051339 0.038732 0.026786
4 0.211268 0.113839 0.123239 0.015625
5 0.200704 0.138393 0.140845 0.027902
9 0.281690 0.152902 0.047535 0.033482
8 0.910211 0.176339 0.031690 0.022321
8 0.906690 0.250000 0.028169 0.020089
7 0.426056 0.254464 0.033451 0.011161
8 0.401408 0.254464 0.026408 0.021205
7 0.151408 0.263393 0.065141 0.012277
8 0.102113 0.262277 0.038732 0.026786
7 0.376761 0.270089 0.061620 0.012277
8 0.332746 0.270089 0.035211 0.022321
7 0.968310 0.292411 0.061620 0.014509
12 0.422535 0.285714 0.040493 0.032366
8 0.922535 0.291295 0.040493 0.026786
7 0.880282 0.332589 0.059859 0.012277
8 0.838028 0.332589 0.033451 0.022321
7 0.783451 0.350446 0.063380 0.012277
8 0.218310 0.350446 0.036972 0.023438
8 0.735915 0.350446 0.044014 0.034598
7 0.584507 0.381696 0.065141 0.013393
8 0.540493 0.381696 0.028169 0.022321
9 0.420775 0.371652 0.084507 0.062500
9 0.941901 0.391741 0.052817 0.037946
12 0.764085 0.397321 0.047535 0.040179
9 0.764085 0.475446 0.045775 0.034598
8 0.093310 0.481027 0.042254 0.026786
8 0.244718 0.505580 0.028169 0.022321
12 0.244718 0.526786 0.045775 0.041295
8 0.464789 0.550223 0.028169 0.022321
14 0.876761 0.583705 0.070423 0.013393
8 0.876761 0.585938 0.038732 0.026786
9 0.093310 0.598214 0.038732 0.027902
9 0.244718 0.625000 0.045775 0.031250
8 0.211268 0.640625 0.031690 0.022321
9 0.464789 0.691964 0.052817 0.037946
5 0.200704 0.768973 0.137324 0.022321
5 0.797535 0.779018 0.154930 0.024554
6 0.500000 0.927455 0.253521 0.046875
