33 0.887324 0.680804 0.225352 0.181920
109 0.785211 0.113839 0.105634 0.051339
0 0.500000 0.104911 0.257042 0.194196
112 0.350352 0.186384 0.098592 0.093750
1 0.797535 0.223214 0.151408 0.123884
76 0.735915 0.303571 0.186620 0.118304
102 0.579225 0.328125 0.144366 0.127232
102 0.633803 0.331473 0.133803 0.140625
109 0.417254 0.422991 0.063380 0.066964
49 0.369718 0.522321 0.102113 0.069196
93 0.804577 0.588170 0.066901 0.053571
66 0.697183 0.662946 0.105634 0.071429
17 0.271127 0.693080 0.088028 0.046875
18 0.427817 0.700893 0.056338 0.035714
21 0.625000 0.754464 0.077465 0.046875
40 0.522887 0.770089 0.137324 0.084821
2 0.200704 0.742188 0.158451 0.147321
136 0.860915 0.791295 0.116197 0.093750
0 0.500000 0.842634 0.239437 0.158482
69 0.633803 0.496652 0.073944 0.073661
26 0.595070 0.595982 0.274648 0.137277
36 0.843310 0.533482 0.313380 0.272321
24 0.311620 0.743304 0.059859 0.035714
7 0.809859 0.090402 0.063380 0.013393
8 0.760563 0.090402 0.042254 0.026786
7 0.355634 0.142857 0.033451 0.012277
8 0.323944 0.143973 0.036972 0.029018
5 0.797535 0.147321 0.144366 0.029018
8 0.735915 0.245536 0.029930 0.021205
7 0.654930 0.261161 0.061620 0.014509
8 0.612676 0.261161 0.029930 0.021205
12 0.419014 0.383929 0.065141 0.045759
9 0.735915 0.388393 0.054577 0.037946
9 0.419014 0.481027 0.047535 0.035714
8 0.341549 0.489955 0.040493 0.026786
12 0.369718 0.504464 0.058099 0.036830
12 0.806338 0.549107 0.029930 0.027902
8 0.804577 0.560268 0.038732 0.026786
7 0.721831 0.621652 0.066901 0.011161
8 0.676056 0.622768 0.035211 0.023438
8 0.271127 0.659598 0.028169 0.020089
9 0.804577 0.654018 0.045775 0.034598
8 0.429577 0.683036 0.026408 0.021205
8 0.524648 0.708705 0.036972 0.029018
12 0.311620 0.716518 0.028169 0.022321
12 0.625000 0.718750 0.045775 0.035714
8 0.311620 0.727679 0.028169 0.022321
7 0.644366 0.735491 0.066901 0.011161
9 0.697183 0.731027 0.036972 0.026786
8 0.598592 0.734375 0.035211 0.023438
7 0.883803 0.747768 0.065141 0.012277
8 0.834507 0.746652 0.038732 0.026786
5 0.200704 0.781250 0.142606 0.026786
12 0.862676 0.781250 0.047535 0.030134
9 0.313380 0.783482 0.054577 0.040179
9 0.625000 0.806920 0.066901 0.044643
9 0.862676 0.877232 0.044014 0.032366
6 0.500000 0.935268 0.253521 0.046875
