102 0.850352 0.149554 0.218310 0.087054
0 0.500000 0.112723 0.228873 0.178571
63 0.570423 0.199777 0.084507 0.062500
122 0.320423 0.178571 0.169014 0.142857
133 0.521127 0.234375 0.147887 0.080357
3 0.200704 0.212054 0.176056 0.147321
2 0.797535 0.219866 0.214789 0.131696
105 0.146127 0.285714 0.186620 0.107143
124 0.866197 0.383929 0.077465 0.062500
137 0.313380 0.408482 0.056338 0.037946
20 0.410211 0.428571 0.070423 0.037946
49 0.130282 0.626116 0.102113 0.084821
89 0.646127 0.642857 0.105634 0.104911
80 0.533451 0.688616 0.105634 0.093750
140 0.408451 0.756696 0.103873 0.058036
133 0.482394 0.757812 0.137324 0.116071
3 0.200704 0.763393 0.130282 0.104911
1 0.799296 0.750000 0.181338 0.131696
0 0.500000 0.847098 0.200704 0.149554
27 0.466549 0.595982 0.151408 0.097098
8 0.850352 0.091518 0.028169 0.022321
10 0.271127 0.098214 0.167254 0.084821
5 0.200704 0.126116 0.153169 0.037946
5 0.799296 0.140625 0.153169 0.030134
7 0.591549 0.162946 0.065141 0.013393
8 0.545775 0.162946 0.036972 0.029018
8 0.521127 0.187500 0.026408 0.021205
10 0.934859 0.183036 0.084507 0.041295
8 0.146127 0.226562 0.035211 0.022321
12 0.146127 0.287946 0.038732 0.030134
8 0.866197 0.339286 0.040493 0.025670
12 0.313380 0.372768 0.040493 0.026786
7 0.338028 0.388393 0.061620 0.012277
8 0.295775 0.388393 0.033451 0.022321
8 0.411972 0.397321 0.036972 0.023438
9 0.866197 0.444196 0.049296 0.036830
9 0.313380 0.447545 0.079225 0.058036
10 0.063380 0.510045 0.091549 0.051339
8 0.647887 0.566964 0.044014 0.034598
7 0.153169 0.588170 0.063380 0.013393
8 0.105634 0.588170 0.040493 0.026786
10 0.934859 0.582589 0.105634 0.053571
10 0.936620 0.613839 0.107394 0.054688
7 0.507042 0.703125 0.063380 0.012277
8 0.468310 0.703125 0.026408 0.021205
7 0.436620 0.727679 0.065141 0.014509
8 0.387324 0.727679 0.036972 0.023438
5 0.799296 0.765625 0.149648 0.025670
5 0.200704 0.779018 0.146127 0.023438
4 0.205986 0.821429 0.126761 0.015625
10 0.063380 0.879464 0.103873 0.056920
10 0.735915 0.919643 0.147887 0.089286
