19 0.250000 0.160714 0.088028 0.033482
0 0.500000 0.125000 0.190141 0.154018
2 0.200704 0.218750 0.179577 0.133929
1 0.797535 0.223214 0.151408 0.123884
22 0.713028 0.276786 0.084507 0.058036
47 0.813380 0.260045 0.123239 0.095982
123 0.246479 0.254464 0.220070 0.109375
100 0.846831 0.287946 0.151408 0.080357
133 0.251761 0.296875 0.151408 0.084821
22 0.901408 0.362723 0.073944 0.051339
75 0.422535 0.431920 0.109155 0.095982
134 0.186620 0.460938 0.197183 0.138393
118 0.323944 0.598214 0.102113 0.084821
18 0.845070 0.622768 0.056338 0.049107
75 0.484155 0.635045 0.095070 0.091518
28 0.371479 0.662946 0.119718 0.078125
35 0.251761 0.705357 0.073944 0.049107
1 0.797535 0.752232 0.154930 0.128348
75 0.920775 0.791295 0.158451 0.091518
0 0.500000 0.845982 0.214789 0.152902
142 0.485915 0.920759 0.070423 0.058036
65 0.139085 0.175223 0.123239 0.091518
57 0.742958 0.526786 0.512324 0.309152
6 0.500000 0.025670 0.221831 0.044643
7 0.140845 0.123884 0.033451 0.013393
8 0.114437 0.123884 0.028169 0.022321
5 0.200704 0.136161 0.160211 0.032366
7 0.274648 0.147321 0.061620 0.012277
8 0.228873 0.147321 0.035211 0.023438
5 0.799296 0.145089 0.153169 0.030134
7 0.272887 0.194196 0.063380 0.011161
8 0.227113 0.194196 0.035211 0.022321
7 0.836268 0.209821 0.066901 0.013393
8 0.795775 0.209821 0.026408 0.021205
8 0.846831 0.232143 0.028169 0.022321
8 0.713028 0.234375 0.031690 0.022321
12 0.713028 0.243304 0.031690 0.025670
8 0.253521 0.243304 0.044014 0.034598
12 0.901408 0.321429 0.038732 0.032366
9 0.714789 0.339286 0.058099 0.039062
9 0.253521 0.370536 0.044014 0.030134
8 0.422535 0.379464 0.029930 0.021205
7 0.225352 0.388393 0.093310 0.012277
8 0.160211 0.389509 0.038732 0.026786
8 0.323944 0.546875 0.036972 0.023438
9 0.186620 0.560268 0.042254 0.031250
8 0.484155 0.578125 0.042254 0.026786
8 0.845070 0.592634 0.028169 0.022321
7 0.387324 0.622768 0.061620 0.014509
8 0.348592 0.622768 0.026408 0.021205
7 0.271127 0.684152 0.063380 0.013393
8 0.221831 0.683036 0.044014 0.034598
9 0.484155 0.715402 0.035211 0.024554
8 0.975352 0.732143 0.026408 0.021205
5 0.799296 0.765625 0.139085 0.023438
8 0.485915 0.871652 0.036972 0.029018
9 0.975352 0.873884 0.035211 0.024554
