0 0.500000 0.112723 0.228873 0.178571
3 0.200704 0.220982 0.144366 0.129464
2 0.799296 0.216518 0.188380 0.138393
23 0.364437 0.389509 0.091549 0.060268
137 0.429577 0.402902 0.052817 0.037946
111 0.758803 0.385045 0.147887 0.113839
45 0.801056 0.410714 0.084507 0.071429
38 0.802817 0.524554 0.079225 0.070312
15 0.244718 0.561384 0.052817 0.042411
93 0.470070 0.590402 0.070423 0.049107
76 0.526408 0.582589 0.119718 0.133929
28 0.250000 0.625000 0.116197 0.071429
102 0.628521 0.618304 0.123239 0.122768
113 0.077465 0.695312 0.123239 0.075893
145 0.536972 0.700893 0.070423 0.064732
66 0.353873 0.715402 0.112676 0.073661
67 0.683099 0.766741 0.112676 0.078125
2 0.200704 0.743304 0.176056 0.145089
0 0.500000 0.842634 0.239437 0.158482
129 0.750000 0.069196 0.292254 0.138393
65 0.742958 0.208705 0.095070 0.080357
129 0.580986 0.174107 0.390845 0.194196
84 0.750000 0.284598 0.130282 0.089286
25 0.250000 0.339286 0.052817 0.031250
91 0.742958 0.566964 0.144366 0.087054
116 0.640845 0.756696 0.098592 0.069196
65 0.302817 0.880580 0.133803 0.080357
6 0.500000 0.022321 0.250000 0.044643
4 0.211268 0.113839 0.126761 0.015625
5 0.797535 0.133929 0.151408 0.030134
5 0.200704 0.143973 0.163732 0.033482
8 0.742958 0.162946 0.035211 0.023438
7 0.769366 0.236607 0.059859 0.012277
8 0.721831 0.236607 0.042254 0.026786
9 0.742958 0.279018 0.070423 0.045759
8 0.250000 0.323661 0.038732 0.026786
7 0.760563 0.332589 0.029930 0.012277
8 0.734155 0.331473 0.031690 0.022321
7 0.390845 0.358259 0.065141 0.013393
8 0.345070 0.358259 0.033451 0.022321
7 0.830986 0.372768 0.091549 0.012277
8 0.429577 0.372768 0.029930 0.021205
8 0.771127 0.372768 0.038732 0.026786
12 0.801056 0.401786 0.021127 0.016741
9 0.802817 0.477679 0.036972 0.025670
7 0.845070 0.491071 0.093310 0.012277
8 0.779930 0.491071 0.042254 0.026786
8 0.528169 0.502232 0.029930 0.021205
7 0.767606 0.524554 0.063380 0.012277
8 0.725352 0.524554 0.033451 0.022321
12 0.246479 0.524554 0.051056 0.043527
7 0.267606 0.542411 0.065141 0.014509
8 0.628521 0.543527 0.031690 0.022321
8 0.218310 0.542411 0.040493 0.026786
7 0.485915 0.561384 0.058099 0.013393
8 0.441901 0.561384 0.035211 0.022321
7 0.274648 0.591518 0.063380 0.013393
12 0.250000 0.593750 0.042254 0.036830
9 0.742958 0.642857 0.036972 0.025670
8 0.077465 0.647321 0.029930 0.021205
7 0.547535 0.672991 0.035211 0.011161
8 0.519366 0.672991 0.028169 0.022321
8 0.353873 0.674107 0.038732 0.026786
12 0.353873 0.707589 0.035211 0.022321
8 0.683099 0.725446 0.031690 0.022321
5 0.200704 0.765625 0.139085 0.018973
9 0.355634 0.781250 0.065141 0.047991
6 0.500000 0.937500 0.253521 0.046875
