81 0.795775 0.056920 0.151408 0.100446
112 0.802817 0.106027 0.105634 0.122768
0 0.500000 0.125000 0.190141 0.154018
21 0.140845 0.179688 0.070423 0.049107
51 0.478873 0.210938 0.169014 0.095982
3 0.200704 0.219866 0.154930 0.131696
146 0.346831 0.306920 0.109155 0.100446
62 0.802817 0.318080 0.112676 0.080357
102 0.207746 0.334821 0.140845 0.122768
138 0.625000 0.368304 0.154930 0.109375
71 0.207746 0.454241 0.098592 0.071429
80 0.198944 0.565848 0.105634 0.095982
15 0.265845 0.623884 0.063380 0.037946
22 0.809859 0.637277 0.080986 0.051339
15 0.211268 0.658482 0.052817 0.037946
115 0.359155 0.687500 0.098592 0.082589
149 0.463028 0.746652 0.095070 0.055804
1 0.797535 0.750000 0.183099 0.132812
72 0.929577 0.814732 0.140845 0.104911
35 0.133803 0.875000 0.073944 0.049107
0 0.500000 0.847098 0.200704 0.149554
54 0.417254 0.083705 0.158451 0.102679
79 0.264085 0.241071 0.158451 0.095982
79 0.058099 0.468750 0.116197 0.100446
7 0.832747 0.004464 0.091549 0.008929
8 0.776408 0.011161 0.028169 0.022321
7 0.827465 0.037946 0.065141 0.012277
8 0.783451 0.039062 0.028169 0.022321
4 0.211268 0.111607 0.123239 0.015625
5 0.200704 0.135045 0.147887 0.029018
9 0.795775 0.146205 0.038732 0.026786
7 0.496479 0.160714 0.061620 0.012277
8 0.450704 0.161830 0.035211 0.022321
8 0.264085 0.189732 0.028169 0.020089
8 0.346831 0.251116 0.031690 0.022321
8 0.207746 0.261161 0.031690 0.022321
8 0.802817 0.275670 0.036972 0.029018
7 0.651408 0.311384 0.061620 0.013393
8 0.609155 0.312500 0.033451 0.021205
12 0.802817 0.308036 0.042254 0.031250
12 0.207746 0.350446 0.028169 0.024554
9 0.802817 0.388393 0.045775 0.032366
8 0.021127 0.402902 0.038732 0.026786
8 0.198944 0.506696 0.042254 0.026786
8 0.809859 0.597098 0.035211 0.022321
8 0.265845 0.601562 0.031690 0.022321
8 0.359155 0.631696 0.029930 0.021205
8 0.211268 0.631696 0.026408 0.021205
7 0.482394 0.714286 0.063380 0.012277
8 0.434859 0.715402 0.042254 0.026786
7 0.989437 0.756696 0.021127 0.014509
8 0.964789 0.756696 0.033451 0.021205
5 0.799296 0.783482 0.139085 0.023438
12 0.982394 0.810268 0.033451 0.027902
8 0.133803 0.841518 0.036972 0.029018
