50 0.517606 0.209821 0.394366 0.199777
0 0.500000 0.125000 0.186620 0.154018
81 0.369718 0.167411 0.149648 0.102679
1 0.200704 0.229911 0.161972 0.111607
1 0.797535 0.227679 0.151408 0.116071
106 0.524648 0.273438 0.179577 0.107143
43 0.246479 0.291295 0.095070 0.082589
61 0.565141 0.325893 0.109155 0.073661
80 0.158451 0.359375 0.105634 0.078125
55 0.415493 0.391741 0.073944 0.064732
71 0.889085 0.525670 0.098592 0.062500
72 0.455986 0.571429 0.140845 0.104911
75 0.399648 0.602679 0.158451 0.091518
3 0.200704 0.751116 0.184859 0.129464
1 0.797535 0.752232 0.154930 0.128348
0 0.500000 0.851562 0.176056 0.140625
92 0.102113 0.359375 0.204225 0.084821
150 0.211268 0.390625 0.095070 0.053571
6 0.500000 0.025670 0.221831 0.044643
7 0.390845 0.110491 0.063380 0.013393
8 0.341549 0.111607 0.044014 0.034598
5 0.799296 0.155134 0.142606 0.029018
5 0.200704 0.160714 0.139085 0.034598
7 0.542253 0.224330 0.061620 0.013393
8 0.498239 0.225446 0.035211 0.023438
7 0.262324 0.245536 0.063380 0.013393
8 0.214789 0.245536 0.044014 0.034598
12 0.524648 0.267857 0.040493 0.032366
7 0.591549 0.284598 0.063380 0.013393
8 0.544014 0.284598 0.038732 0.026786
12 0.246479 0.281250 0.049296 0.033482
7 0.123239 0.311384 0.061620 0.013393
8 0.080986 0.312500 0.029930 0.021205
8 0.158451 0.313616 0.028169 0.022321
7 0.434859 0.352679 0.059859 0.012277
8 0.394366 0.353795 0.028169 0.020089
9 0.524648 0.350446 0.065141 0.047991
9 0.246479 0.359375 0.065141 0.045759
8 0.455986 0.513393 0.028169 0.020089
8 0.401408 0.560268 0.026408 0.021205
5 0.200704 0.765625 0.144366 0.023438
5 0.797535 0.776786 0.161972 0.022321
4 0.209507 0.816964 0.126761 0.015625
6 0.500000 0.937500 0.250000 0.045759
