90 0.255282 0.171875 0.091549 0.060268
0 0.500000 0.117188 0.200704 0.169643
138 0.464789 0.170759 0.165493 0.111607
1 0.200704 0.218750 0.221831 0.132812
2 0.797535 0.219866 0.183099 0.131696
132 0.070423 0.261161 0.140845 0.102679
80 0.323944 0.430804 0.119718 0.073661
89 0.197183 0.457589 0.105634 0.102679
133 0.778169 0.492188 0.144366 0.089286
40 0.806338 0.513393 0.130282 0.078125
115 0.577465 0.604911 0.095070 0.078125
123 0.246479 0.591518 0.220070 0.109375
80 0.422535 0.690848 0.126761 0.087054
53 0.903169 0.760045 0.063380 0.033482
2 0.200704 0.743304 0.176056 0.145089
3 0.797535 0.755580 0.137324 0.120536
38 0.093310 0.808036 0.098592 0.054688
0 0.500000 0.842634 0.239437 0.158482
79 0.077465 0.098214 0.154930 0.098214
41 0.070423 0.325893 0.140845 0.127232
6 0.500000 0.022321 0.221831 0.044643
7 0.038732 0.053571 0.033451 0.011161
8 0.014085 0.053571 0.028169 0.022321
7 0.487676 0.112723 0.063380 0.011161
8 0.443662 0.112723 0.031690 0.022321
10 0.278169 0.095982 0.177817 0.090402
5 0.799296 0.133929 0.139085 0.027902
5 0.200704 0.138393 0.161972 0.032366
10 0.063380 0.190848 0.088028 0.044643
8 0.052817 0.203125 0.026408 0.021205
10 0.936620 0.189732 0.086268 0.052455
8 0.029930 0.252232 0.042254 0.026786
12 0.052817 0.260045 0.024648 0.020089
7 0.355634 0.390625 0.088028 0.012277
8 0.302817 0.389509 0.028169 0.022321
10 0.934859 0.391741 0.084507 0.042411
8 0.778169 0.430804 0.036972 0.023438
8 0.806338 0.473214 0.033451 0.021205
12 0.806338 0.506696 0.038732 0.023438
10 0.063380 0.502232 0.088028 0.047991
8 0.244718 0.532366 0.038732 0.026786
7 0.580986 0.562500 0.033451 0.012277
8 0.552817 0.563616 0.031690 0.022321
9 0.806338 0.580357 0.047535 0.034598
7 0.443662 0.650670 0.065141 0.013393
8 0.397887 0.650670 0.033451 0.022321
9 0.577465 0.680804 0.051056 0.035714
8 0.904930 0.727679 0.029930 0.021205
10 0.063380 0.717634 0.095070 0.046875
5 0.200704 0.765625 0.146127 0.023438
5 0.799296 0.773438 0.163732 0.026786
10 0.063380 0.766741 0.102113 0.051339
12 0.095070 0.783482 0.033451 0.022321
4 0.804577 0.810268 0.126761 0.015625
9 0.095070 0.864955 0.044014 0.029018
6 0.500000 0.939732 0.260563 0.046875
10 0.757042 0.915179 0.174296 0.098214
