56 0.593310 0.321429 0.334507 0.166295
75 0.727113 0.118304 0.084507 0.127232
105 0.269366 0.146205 0.165493 0.102679
0 0.500000 0.126116 0.183099 0.151786
142 0.579225 0.196429 0.095070 0.064732
98 0.422535 0.210938 0.105634 0.060268
3 0.797535 0.212054 0.176056 0.147321
52 0.515845 0.310268 0.126761 0.055804
75 0.158451 0.302455 0.080986 0.116071
40 0.327465 0.319196 0.137324 0.084821
135 0.630282 0.363839 0.183099 0.091518
138 0.804577 0.360491 0.147887 0.109375
100 0.139085 0.400670 0.151408 0.089286
143 0.049296 0.587054 0.070423 0.058036
44 0.577465 0.664062 0.144366 0.104911
71 0.475352 0.661830 0.066901 0.109375
127 0.153169 0.677455 0.137324 0.091518
16 0.919014 0.706473 0.054577 0.042411
98 0.679577 0.770089 0.098592 0.069196
2 0.797535 0.751116 0.179577 0.129464
0 0.500000 0.840402 0.218310 0.162946
65 0.410211 0.138393 0.144366 0.060268
129 0.214789 0.339286 0.181338 0.152902
26 0.424296 0.763393 0.278169 0.137277
116 0.698944 0.861607 0.095070 0.075893
4 0.809859 0.097098 0.126761 0.015625
8 0.271127 0.095982 0.026408 0.021205
8 0.410211 0.097098 0.038732 0.026786
5 0.799296 0.120536 0.139085 0.027902
7 0.616197 0.161830 0.091549 0.013393
8 0.556338 0.161830 0.036972 0.029018
7 0.426056 0.183036 0.033451 0.012277
8 0.394366 0.184152 0.040493 0.026786
9 0.411972 0.198661 0.058099 0.042411
8 0.158451 0.234375 0.042254 0.026786
7 0.334507 0.281250 0.033451 0.011161
7 0.535211 0.283482 0.065141 0.012277
8 0.309859 0.281250 0.026408 0.021205
8 0.492958 0.283482 0.028169 0.022321
7 0.654930 0.321429 0.061620 0.012277
8 0.609155 0.321429 0.036972 0.023438
8 0.140845 0.357143 0.029930 0.021205
9 0.327465 0.380580 0.065141 0.046875
8 0.049296 0.549107 0.040493 0.026786
7 0.491197 0.607143 0.063380 0.013393
8 0.450704 0.607143 0.026408 0.021205
7 0.598592 0.613839 0.061620 0.012277
8 0.552817 0.613839 0.035211 0.022321
7 0.181338 0.631696 0.088028 0.012277
8 0.123239 0.631696 0.040493 0.026786
9 0.049296 0.649554 0.056338 0.040179
12 0.919014 0.657366 0.058099 0.042411
8 0.919014 0.685268 0.033451 0.021205
8 0.679577 0.723214 0.031690 0.022321
9 0.475352 0.752232 0.044014 0.032366
9 0.919014 0.745536 0.068662 0.051339
5 0.799296 0.762277 0.149648 0.024554
