119 0.221831 0.392857 0.443662 0.227679
0 0.500000 0.107143 0.278169 0.189732
37 0.052817 0.187500 0.105634 0.056920
134 0.640845 0.212054 0.197183 0.138393
2 0.200704 0.219866 0.177817 0.131696
3 0.797535 0.222098 0.154930 0.127232
53 0.373239 0.293527 0.070423 0.031250
66 0.255282 0.322545 0.105634 0.071429
109 0.154930 0.443080 0.056338 0.071429
105 0.795775 0.530134 0.179577 0.111607
134 0.642606 0.706473 0.186620 0.142857
2 0.200704 0.742188 0.158451 0.147321
4 0.809859 0.116071 0.126761 0.015625
8 0.640845 0.127232 0.044014 0.034598
5 0.200704 0.137277 0.158451 0.031250
5 0.797535 0.145089 0.154930 0.031250
12 0.035211 0.151786 0.047535 0.035714
8 0.373239 0.261161 0.044014 0.034598
7 0.184859 0.409598 0.091549 0.013393
8 0.121479 0.409598 0.042254 0.026786
12 0.154930 0.411830 0.040493 0.033482
7 0.820423 0.470982 0.063380 0.013393
8 0.779930 0.470982 0.028169 0.020089
12 0.795775 0.530134 0.042254 0.033482
9 0.218310 0.523438 0.105634 0.078125
7 0.658451 0.638393 0.061620 0.014509
8 0.619718 0.638393 0.026408 0.021205
5 0.200704 0.781250 0.137324 0.025670
