151 0.728873 0.588170 0.447183 0.225446
0 0.500000 0.112723 0.225352 0.178571
1 0.200704 0.223214 0.151408 0.123884
3 0.797535 0.219866 0.154930 0.131696
95 0.809859 0.325893 0.102113 0.080357
77 0.204225 0.323661 0.149648 0.136161
45 0.735915 0.372768 0.109155 0.084821
101 0.728873 0.588170 0.200704 0.111607
75 0.139085 0.650670 0.158451 0.091518
122 0.244718 0.625000 0.169014 0.142857
74 0.917253 0.754464 0.088028 0.055804
0 0.500000 0.840402 0.218310 0.162946
95 0.582747 0.915179 0.130282 0.082589
91 0.927817 0.599330 0.144366 0.087054
26 0.100352 0.582589 0.200704 0.136161
4 0.809859 0.111607 0.123239 0.015625
5 0.797535 0.140625 0.151408 0.031250
5 0.200704 0.145089 0.139085 0.027902
7 0.214789 0.250000 0.033451 0.011161
8 0.186620 0.250000 0.033451 0.022321
8 0.809859 0.270089 0.026408 0.021205
7 0.765845 0.328125 0.091549 0.012277
8 0.711268 0.328125 0.026408 0.021205
12 0.204225 0.328125 0.044014 0.034598
9 0.204225 0.418527 0.049296 0.033482
14 0.728873 0.513393 0.070423 0.013393
8 0.728873 0.516741 0.031690 0.022321
8 0.246479 0.542411 0.036972 0.023438
7 0.987676 0.551339 0.024648 0.012277
8 0.961268 0.551339 0.036972 0.023438
8 0.139085 0.595982 0.028169 0.020089
9 0.980634 0.680804 0.038732 0.027902
8 0.917253 0.710938 0.031690 0.022321
7 0.598592 0.871652 0.061620 0.013393
8 0.552817 0.871652 0.036972 0.029018
6 0.500000 0.930804 0.260563 0.046875
