0 0.500000 0.118304 0.214789 0.167411
103 0.593310 0.178571 0.147887 0.087054
1 0.200704 0.229911 0.144366 0.111607
3 0.797535 0.213170 0.207746 0.145089
114 0.140845 0.622768 0.144366 0.098214
75 0.503521 0.665179 0.084507 0.084821
3 0.200704 0.748884 0.183099 0.133929
3 0.797535 0.748884 0.183099 0.133929
135 0.899648 0.791295 0.147887 0.091518
0 0.500000 0.840402 0.214789 0.162946
25 0.471831 0.845982 0.056338 0.029018
6 0.500000 0.022321 0.221831 0.044643
4 0.809859 0.098214 0.126761 0.015625
5 0.799296 0.125000 0.149648 0.030134
10 0.295775 0.098214 0.167254 0.084821
8 0.593310 0.133929 0.035211 0.022321
5 0.200704 0.156250 0.140845 0.027902
10 0.063380 0.258929 0.096831 0.054688
10 0.934859 0.466518 0.109155 0.063616
8 0.140845 0.563616 0.028169 0.022321
10 0.063380 0.577009 0.102113 0.049107
7 0.521127 0.619420 0.063380 0.013393
12 0.140845 0.618304 0.045775 0.025670
8 0.475352 0.619420 0.036972 0.029018
12 0.503521 0.640625 0.033451 0.027902
9 0.140845 0.697545 0.047535 0.035714
7 0.924296 0.739955 0.063380 0.013393
8 0.883803 0.738839 0.029930 0.021205
5 0.200704 0.766741 0.147887 0.024554
5 0.799296 0.768973 0.153169 0.026786
12 0.899648 0.784598 0.045775 0.029018
4 0.205986 0.818080 0.126761 0.015625
4 0.808099 0.818080 0.126761 0.015625
7 0.494718 0.827009 0.063380 0.013393
8 0.450704 0.825893 0.036972 0.023438
9 0.901408 0.861607 0.065141 0.043527
6 0.500000 0.930804 0.253521 0.046875
10 0.732394 0.928571 0.126761 0.071429
