135 0.214789 0.109375 0.169014 0.100446
0 0.500000 0.120536 0.197183 0.162946
80 0.471831 0.175223 0.102113 0.095982
124 0.302817 0.229911 0.102113 0.058036
28 0.058099 0.246652 0.116197 0.071429
2 0.200704 0.219866 0.177817 0.131696
3 0.797535 0.210938 0.165493 0.149554
75 0.146127 0.327009 0.084507 0.084821
102 0.725352 0.421875 0.211268 0.100446
122 0.792253 0.421875 0.193662 0.104911
126 0.359155 0.425223 0.151408 0.109375
145 0.153169 0.550223 0.109155 0.058036
136 0.260563 0.559152 0.130282 0.091518
82 0.360915 0.550223 0.158451 0.120536
131 0.406690 0.579241 0.144366 0.089286
68 0.487676 0.671875 0.091549 0.055804
138 0.353873 0.650670 0.151408 0.107143
1 0.200704 0.752232 0.172535 0.127232
1 0.799296 0.750000 0.170775 0.130580
103 0.850352 0.850446 0.095070 0.084821
120 0.922535 0.877232 0.154930 0.095982
79 0.705986 0.206473 0.169014 0.091518
26 0.813380 0.292411 0.278169 0.136161
27 0.070423 0.504464 0.139085 0.106027
24 0.850352 0.597098 0.056338 0.040179
24 0.616197 0.885045 0.042254 0.029018
8 0.214789 0.045759 0.028169 0.020089
4 0.809859 0.093750 0.126761 0.015625
5 0.799296 0.116071 0.139085 0.027902
7 0.492958 0.125000 0.059859 0.011161
8 0.447183 0.125000 0.040493 0.026786
5 0.200704 0.136161 0.144366 0.030134
8 0.707747 0.162946 0.029930 0.021205
8 0.302817 0.196429 0.040493 0.026786
8 0.038732 0.203125 0.038732 0.026786
8 0.147887 0.267857 0.040493 0.026786
7 0.760563 0.370536 0.089789 0.014509
7 0.383803 0.375000 0.059859 0.012277
8 0.707747 0.370536 0.026408 0.021205
8 0.341549 0.373884 0.036972 0.029018
8 0.360915 0.487723 0.035211 0.022321
7 0.278169 0.511161 0.065141 0.012277
8 0.235915 0.510045 0.028169 0.022321
7 0.176056 0.516741 0.065141 0.013393
8 0.132042 0.516741 0.028169 0.020089
8 0.408451 0.520089 0.033451 0.022321
12 0.406690 0.560268 0.045775 0.029018
12 0.260563 0.558036 0.049296 0.034598
8 0.850352 0.577009 0.031690 0.022321
8 0.355634 0.593750 0.029930 0.021205
9 0.153169 0.598214 0.073944 0.053571
7 0.517606 0.645089 0.093310 0.012277
8 0.454225 0.643973 0.042254 0.026786
9 0.260563 0.643973 0.044014 0.031250
9 0.408451 0.651786 0.065141 0.047991
5 0.200704 0.765625 0.146127 0.024554
5 0.797535 0.783482 0.158451 0.025670
7 0.855634 0.806920 0.033451 0.011161
8 0.827465 0.806920 0.033451 0.022321
8 0.975352 0.812500 0.026408 0.021205
12 0.850352 0.827009 0.049296 0.033482
7 0.619718 0.872768 0.033451 0.013393
8 0.586268 0.872768 0.038732 0.026786
9 0.616197 0.934152 0.045775 0.033482
