0 0.500000 0.117188 0.211268 0.169643
3 0.200704 0.212054 0.176056 0.147321
3 0.797535 0.219866 0.154930 0.131696
130 0.781690 0.243304 0.154930 0.122768
131 0.137324 0.281250 0.144366 0.089286
16 0.369718 0.618304 0.056338 0.046875
71 0.551056 0.741071 0.070423 0.084821
1 0.200704 0.750000 0.209507 0.130580
1 0.797535 0.752232 0.154930 0.128348
122 0.838028 0.799107 0.198944 0.116071
0 0.500000 0.852679 0.172535 0.137277
129 0.866197 0.456473 0.267606 0.194196
6 0.500000 0.022321 0.221831 0.044643
4 0.211268 0.098214 0.112676 0.013393
4 0.809859 0.111607 0.126761 0.015625
5 0.200704 0.122768 0.147887 0.030134
5 0.799296 0.138393 0.156690 0.031250
8 0.781690 0.178571 0.044014 0.034598
7 0.147887 0.233259 0.033451 0.013393
8 0.116197 0.233259 0.035211 0.022321
7 0.390845 0.589286 0.063380 0.012277
8 0.345070 0.589286 0.036972 0.023438
7 0.570423 0.691964 0.063380 0.014509
8 0.524648 0.693080 0.035211 0.022321
8 0.838028 0.723214 0.040493 0.026786
5 0.200704 0.758929 0.158451 0.030134
5 0.799296 0.779018 0.153169 0.025670
6 0.500000 0.934152 0.253521 0.046875
