0 0.500000 0.125000 0.186620 0.154018
3 0.200704 0.213170 0.207746 0.145089
60 0.353873 0.274554 0.091549 0.058036
82 0.079225 0.277902 0.158451 0.120536
138 0.359155 0.339286 0.190141 0.093750
80 0.728873 0.348214 0.119718 0.089286
117 0.522887 0.373884 0.119718 0.078125
66 0.841549 0.406250 0.105634 0.071429
76 0.801056 0.476562 0.190141 0.122768
72 0.260563 0.506696 0.140845 0.104911
71 0.829225 0.544643 0.070423 0.084821
72 0.139085 0.556920 0.140845 0.104911
126 0.582747 0.595982 0.151408 0.109375
138 0.466549 0.622768 0.154930 0.109375
73 0.654930 0.664062 0.102113 0.064732
113 0.869718 0.679688 0.126761 0.069196
28 0.408451 0.710938 0.133803 0.078125
3 0.200704 0.748884 0.169014 0.133929
2 0.797535 0.748884 0.165493 0.133929
0 0.500000 0.847098 0.190141 0.149554
36 0.841549 0.111607 0.316901 0.223214
57 0.721831 0.145089 0.554577 0.289062
69 0.394366 0.361607 0.109155 0.102679
129 0.843310 0.502232 0.186620 0.103795
36 0.521127 0.629464 0.445423 0.312500
10 0.257042 0.093750 0.181338 0.092634
5 0.200704 0.127232 0.153169 0.032366
8 0.021127 0.214286 0.042254 0.026786
7 0.394366 0.250000 0.093310 0.013393
8 0.334507 0.250000 0.031690 0.022321
10 0.063380 0.238839 0.107394 0.054688
10 0.936620 0.254464 0.107394 0.059152
8 0.359155 0.289062 0.033451 0.022321
8 0.728873 0.293527 0.042254 0.026786
8 0.524648 0.318080 0.033451 0.022321
12 0.359155 0.333705 0.038732 0.024554
12 0.524648 0.341518 0.068662 0.035714
8 0.841549 0.352679 0.040493 0.025670
7 0.830986 0.417411 0.091549 0.012277
8 0.778169 0.417411 0.026408 0.021205
9 0.359155 0.405134 0.066901 0.051339
10 0.934859 0.412946 0.084507 0.042411
10 0.063380 0.435268 0.095070 0.045759
7 0.262324 0.457589 0.031690 0.013393
8 0.234155 0.457589 0.031690 0.022321
7 0.169014 0.502232 0.091549 0.014509
8 0.109155 0.502232 0.035211 0.023438
8 0.830986 0.500000 0.036972 0.029018
12 0.260563 0.508929 0.051056 0.037946
8 0.584507 0.529018 0.033451 0.022321
7 0.491197 0.569196 0.063380 0.012277
10 0.934859 0.550223 0.102113 0.051339
8 0.445423 0.569196 0.035211 0.023438
9 0.260563 0.595982 0.052817 0.036830
12 0.654930 0.633929 0.036972 0.027902
7 0.885563 0.649554 0.066901 0.013393
8 0.841549 0.649554 0.031690 0.022321
8 0.408451 0.656250 0.040493 0.025670
12 0.869718 0.654018 0.035211 0.032366
10 0.063380 0.645089 0.105634 0.053571
12 0.408451 0.683036 0.049296 0.039062
5 0.799296 0.779018 0.160211 0.030134
5 0.200704 0.783482 0.154930 0.024554
10 0.063380 0.781250 0.093310 0.052455
4 0.207746 0.814732 0.126761 0.015625
6 0.500000 0.928571 0.253521 0.046875
10 0.764085 0.925223 0.140845 0.078125
