90 0.952465 0.141741 0.095070 0.058036
71 0.318662 0.131696 0.102113 0.078125
0 0.500000 0.125000 0.193662 0.154018
124 0.408451 0.203125 0.098592 0.060268
15 0.248239 0.296875 0.045775 0.032366
85 0.056338 0.316964 0.112676 0.092634
73 0.468310 0.338170 0.105634 0.064732
124 0.200704 0.398438 0.095070 0.058036
99 0.360915 0.516741 0.059859 0.064732
47 0.251761 0.571429 0.123239 0.095982
68 0.044014 0.595982 0.084507 0.046875
118 0.786972 0.599330 0.073944 0.091518
117 0.466549 0.635045 0.102113 0.078125
120 0.350352 0.744420 0.126761 0.082589
3 0.200704 0.739955 0.193662 0.151786
1 0.797535 0.752232 0.154930 0.128348
72 0.790493 0.844866 0.137324 0.098214
24 0.061620 0.095982 0.059859 0.031250
65 0.415493 0.324777 0.123239 0.091518
39 0.963028 0.524554 0.073944 0.053571
48 0.623239 0.517857 0.109155 0.087054
26 0.850352 0.558036 0.278169 0.136161
36 0.470070 0.587054 0.464789 0.400670
26 0.436620 0.830357 0.279930 0.136161
6 0.500000 0.026786 0.244718 0.041295
12 0.063380 0.054688 0.051056 0.037946
7 0.086268 0.078125 0.063380 0.012277
8 0.320423 0.075893 0.026408 0.021205
8 0.042254 0.078125 0.033451 0.022321
7 0.971831 0.111607 0.056338 0.012277
8 0.931338 0.111607 0.031690 0.022321
8 0.408451 0.160714 0.033451 0.021205
12 0.250000 0.256696 0.026408 0.022321
7 0.436620 0.274554 0.065141 0.014509
8 0.397887 0.274554 0.026408 0.021205
7 0.267606 0.283482 0.065141 0.013393
8 0.218310 0.283482 0.040493 0.026786
8 0.468310 0.297991 0.042254 0.026786
9 0.248239 0.349330 0.049296 0.035714
7 0.221831 0.367188 0.063380 0.011161
8 0.176056 0.367188 0.040493 0.026786
8 0.623239 0.475446 0.028169 0.020089
8 0.360915 0.479911 0.028169 0.022321
12 0.957747 0.495536 0.082746 0.040179
8 0.253521 0.511161 0.040493 0.026786
8 0.788732 0.553571 0.029930 0.021205
7 0.065141 0.575893 0.063380 0.013393
8 0.021127 0.575893 0.042254 0.026786
8 0.468310 0.593750 0.033451 0.022321
9 0.045775 0.660714 0.036972 0.027902
8 0.352113 0.687500 0.026408 0.021205
12 0.350352 0.718750 0.052817 0.025670
5 0.797535 0.761161 0.154930 0.026786
5 0.200704 0.780134 0.139085 0.022321
8 0.792253 0.779018 0.040493 0.026786
4 0.209507 0.815848 0.126761 0.015625
12 0.792253 0.845982 0.036972 0.025670
9 0.792253 0.924107 0.044014 0.030134
