0 0.500000 0.118304 0.218310 0.167411
2 0.200704 0.219866 0.190141 0.131696
2 0.797535 0.219866 0.214789 0.131696
75 0.584507 0.283482 0.144366 0.093750
66 0.804577 0.362723 0.105634 0.071429
59 0.154930 0.550223 0.066901 0.055804
63 0.739437 0.689732 0.095070 0.060268
112 0.251761 0.683036 0.140845 0.093750
1 0.200704 0.752232 0.154930 0.128348
75 0.366197 0.835938 0.084507 0.127232
0 0.500000 0.850446 0.214789 0.142857
5 0.797535 0.136161 0.144366 0.029018
5 0.200704 0.136161 0.154930 0.031250
8 0.584507 0.223214 0.029930 0.021205
12 0.806338 0.328125 0.036972 0.027902
8 0.251761 0.629464 0.031690 0.022321
8 0.739437 0.641741 0.036972 0.029018
7 0.397887 0.771205 0.089789 0.011161
5 0.200704 0.767857 0.149648 0.024554
8 0.334507 0.771205 0.042254 0.026786
12 0.366197 0.834821 0.038732 0.031250
9 0.366197 0.930804 0.033451 0.023438
