151 0.746479 0.502232 0.447183 0.225446
0 0.500000 0.112723 0.225352 0.178571
143 0.336268 0.247768 0.070423 0.058036
3 0.200704 0.220982 0.144366 0.129464
2 0.797535 0.219866 0.190141 0.131696
127 0.068662 0.340402 0.137324 0.091518
83 0.804577 0.523438 0.080986 0.058036
101 0.746479 0.503348 0.158451 0.100446
131 0.521127 0.559152 0.154930 0.091518
138 0.468310 0.570312 0.186620 0.093750
82 0.380282 0.556920 0.154930 0.122768
141 0.843310 0.584821 0.119718 0.106027
75 0.735915 0.582589 0.080986 0.116071
75 0.927817 0.600446 0.144366 0.093750
136 0.362676 0.677455 0.102113 0.091518
85 0.654930 0.714286 0.116197 0.080357
0 0.500000 0.844866 0.202465 0.154018
79 0.093310 0.574777 0.137324 0.125000
6 0.500000 0.018973 0.235915 0.037946
4 0.211268 0.113839 0.126761 0.015625
5 0.799296 0.136161 0.149648 0.030134
5 0.200704 0.140625 0.140845 0.030134
8 0.336268 0.212054 0.028169 0.020089
8 0.056338 0.283482 0.026408 0.021205
14 0.746479 0.434152 0.070423 0.011161
7 0.769366 0.453125 0.063380 0.011161
8 0.728873 0.453125 0.026408 0.021205
8 0.806338 0.491071 0.026408 0.021205
7 0.401408 0.494420 0.061620 0.013393
8 0.355634 0.494420 0.040493 0.026786
8 0.521127 0.501116 0.031690 0.022321
8 0.093310 0.504464 0.038732 0.026786
8 0.468310 0.513393 0.029930 0.021205
7 0.760563 0.522321 0.061620 0.012277
8 0.714789 0.522321 0.035211 0.023438
8 0.843310 0.529018 0.031690 0.022321
8 0.971831 0.547991 0.038732 0.026786
12 0.735915 0.590402 0.036972 0.031250
8 0.362676 0.616071 0.036972 0.023438
8 0.654930 0.662946 0.042254 0.026786
9 0.735915 0.676339 0.036972 0.027902
