66 0.378521 0.082589 0.112676 0.073661
0 0.500000 0.117188 0.200704 0.169643
134 0.401408 0.156250 0.186620 0.136161
67 0.698944 0.197545 0.112676 0.078125
2 0.200704 0.219866 0.176056 0.131696
1 0.797535 0.224330 0.176056 0.122768
132 0.626761 0.253348 0.151408 0.102679
149 0.911972 0.274554 0.105634 0.102679
89 0.274648 0.304688 0.105634 0.102679
21 0.702465 0.332589 0.070423 0.058036
72 0.808099 0.371652 0.137324 0.095982
29 0.385563 0.449777 0.147887 0.069196
19 0.179577 0.531250 0.077465 0.055804
114 0.427817 0.534598 0.144366 0.093750
16 0.186620 0.588170 0.035211 0.055804
106 0.531690 0.590402 0.179577 0.107143
83 0.799296 0.640625 0.077465 0.055804
80 0.170775 0.683036 0.130282 0.071429
3 0.200704 0.748884 0.183099 0.133929
1 0.797535 0.752232 0.190141 0.127232
145 0.688380 0.800223 0.098592 0.062500
21 0.515845 0.924107 0.080986 0.062500
26 0.656690 0.512277 0.278169 0.136161
91 0.350352 0.562500 0.144366 0.104911
6 0.500000 0.021205 0.250000 0.042411
8 0.378521 0.029018 0.042254 0.026786
7 0.422535 0.087054 0.065141 0.012277
8 0.375000 0.087054 0.038732 0.026786
5 0.200704 0.140625 0.153169 0.031250
5 0.797535 0.143973 0.137324 0.029018
7 0.716549 0.154018 0.066901 0.013393
8 0.676056 0.154018 0.026408 0.021205
12 0.698944 0.171875 0.038732 0.034598
8 0.626761 0.189732 0.026408 0.021205
12 0.626761 0.241071 0.035211 0.026786
9 0.700704 0.261161 0.065141 0.046875
8 0.809859 0.322545 0.040493 0.026786
9 0.626761 0.330357 0.054577 0.039062
12 0.809859 0.354911 0.026408 0.023438
9 0.911972 0.351562 0.068662 0.049107
8 0.385563 0.405134 0.035211 0.022321
9 0.808099 0.456473 0.038732 0.029018
7 0.436620 0.491071 0.033451 0.012277
8 0.404930 0.491071 0.038732 0.026786
7 0.195423 0.504464 0.059859 0.012277
8 0.350352 0.501116 0.028169 0.022321
8 0.154930 0.503348 0.028169 0.022321
7 0.566901 0.535714 0.091549 0.014509
8 0.512324 0.534598 0.028169 0.020089
7 0.218310 0.558036 0.091549 0.014509
8 0.154930 0.559152 0.042254 0.026786
12 0.352113 0.564732 0.075704 0.039062
7 0.827465 0.616071 0.065141 0.012277
8 0.785211 0.616071 0.026408 0.021205
9 0.186620 0.654018 0.040493 0.030134
8 0.688380 0.752232 0.035211 0.022321
5 0.200704 0.770089 0.144366 0.024554
5 0.797535 0.772321 0.161972 0.030134
4 0.209507 0.812500 0.126761 0.015625
