0 0.500000 0.116071 0.232394 0.171875
3 0.200704 0.222098 0.209507 0.127232
3 0.797535 0.222098 0.207746 0.127232
110 0.690141 0.273438 0.112676 0.073661
21 0.195423 0.395089 0.070423 0.044643
63 0.540493 0.561384 0.088028 0.060268
120 0.718310 0.684152 0.137324 0.095982
3 0.797535 0.743304 0.183099 0.145089
74 0.864437 0.857143 0.126761 0.075893
0 0.500000 0.842634 0.246479 0.158482
6 0.500000 0.022321 0.221831 0.044643
4 0.211268 0.116071 0.126761 0.015625
4 0.809859 0.116071 0.123239 0.015625
5 0.797535 0.143973 0.151408 0.031250
5 0.200704 0.145089 0.161972 0.032366
7 0.721831 0.234375 0.095070 0.012277
8 0.660211 0.233259 0.038732 0.026786
8 0.195423 0.366071 0.042254 0.026786
7 0.563380 0.526786 0.065141 0.012277
12 0.542253 0.526786 0.033451 0.025670
8 0.517606 0.527902 0.036972 0.029018
7 0.739437 0.637277 0.063380 0.013393
8 0.697183 0.637277 0.033451 0.022321
12 0.718310 0.678571 0.028169 0.024554
9 0.718310 0.758929 0.066901 0.046875
5 0.797535 0.784598 0.144366 0.024554
7 0.887324 0.814732 0.065141 0.013393
8 0.841549 0.814732 0.029930 0.021205
4 0.808099 0.820312 0.126761 0.015625
6 0.500000 0.935268 0.253521 0.046875
