136 0.697183 0.131696 0.165493 0.078125
0 0.500000 0.125000 0.186620 0.154018
130 0.413732 0.194196 0.147887 0.125000
61 0.248239 0.406250 0.109155 0.080357
126 0.419014 0.397321 0.151408 0.109375
112 0.352113 0.525670 0.105634 0.122768
100 0.853873 0.564732 0.147887 0.061384
133 0.535211 0.578125 0.147887 0.082589
22 0.792253 0.593750 0.070423 0.051339
135 0.894366 0.610491 0.211268 0.113839
67 0.353873 0.713170 0.112676 0.078125
143 0.042254 0.780134 0.070423 0.058036
2 0.200704 0.748884 0.165493 0.133929
103 0.360915 0.850446 0.154930 0.084821
0 0.500000 0.844866 0.202465 0.154018
84 0.528169 0.361607 0.080986 0.058036
6 0.500000 0.025670 0.250000 0.044643
7 0.707747 0.087054 0.033451 0.012277
8 0.672535 0.087054 0.044014 0.034598
7 0.454225 0.129464 0.093310 0.013393
8 0.390845 0.129464 0.040493 0.026786
8 0.528169 0.321429 0.044014 0.034598
8 0.419014 0.340402 0.042254 0.026786
7 0.283451 0.368304 0.095070 0.012277
8 0.220070 0.367188 0.038732 0.026786
12 0.250000 0.392857 0.033451 0.027902
8 0.352113 0.454241 0.031690 0.022321
7 0.573944 0.535714 0.091549 0.012277
7 0.876761 0.537946 0.063380 0.013393
8 0.521127 0.535714 0.026408 0.021205
8 0.908451 0.537946 0.028169 0.020089
8 0.834507 0.537946 0.029930 0.021205
7 0.809859 0.564732 0.061620 0.012277
8 0.762324 0.563616 0.038732 0.026786
12 0.908451 0.608259 0.035211 0.029018
8 0.353873 0.672991 0.038732 0.026786
9 0.908451 0.698661 0.038732 0.029018
8 0.021127 0.752232 0.042254 0.026786
12 0.042254 0.758929 0.072183 0.037946
5 0.200704 0.786830 0.149648 0.024554
8 0.360915 0.800223 0.028169 0.020089
9 0.042254 0.825893 0.077465 0.056920
