50 0.570423 0.399554 0.394366 0.199777
119 0.651408 0.438616 0.450704 0.227679
0 0.500000 0.118304 0.218310 0.167411
1 0.200704 0.224330 0.176056 0.122768
15 0.422535 0.314732 0.045775 0.037946
80 0.742958 0.300223 0.119718 0.080357
29 0.070423 0.311384 0.140845 0.066964
38 0.521127 0.328125 0.086268 0.064732
16 0.302817 0.407366 0.047535 0.037946
45 0.047535 0.439732 0.095070 0.075893
60 0.357394 0.446429 0.088028 0.062500
106 0.894366 0.425223 0.179577 0.107143
21 0.153169 0.536830 0.077465 0.046875
22 0.737676 0.584821 0.070423 0.064732
15 0.464789 0.696429 0.059859 0.046875
66 0.422535 0.689732 0.105634 0.071429
43 0.042254 0.704241 0.084507 0.089286
3 0.200704 0.748884 0.183099 0.133929
3 0.797535 0.739955 0.193662 0.151786
0 0.500000 0.850446 0.214789 0.142857
80 0.628521 0.917411 0.091549 0.080357
79 0.322183 0.121652 0.207746 0.095982
94 0.919014 0.155134 0.161972 0.084821
26 0.366197 0.214286 0.382042 0.193080
150 0.735915 0.439732 0.095070 0.069196
125 0.404930 0.867188 0.172535 0.111607
6 0.500000 0.022321 0.250000 0.044643
8 0.323944 0.060268 0.033451 0.022321
7 0.968310 0.117188 0.061620 0.013393
8 0.922535 0.117188 0.036972 0.029018
5 0.200704 0.146205 0.135563 0.026786
9 0.322183 0.200893 0.045775 0.032366
8 0.742958 0.257812 0.028169 0.022321
8 0.059859 0.270089 0.029930 0.021205
8 0.422535 0.294643 0.029930 0.021205
7 0.538732 0.300223 0.061620 0.013393
8 0.494718 0.300223 0.031690 0.022321
8 0.031690 0.396205 0.038732 0.026786
7 0.380282 0.408482 0.065141 0.012277
8 0.338028 0.408482 0.029930 0.021205
8 0.017606 0.651786 0.033451 0.022321
8 0.464789 0.655134 0.042254 0.026786
153 0.096831 0.757812 0.049296 0.037946
5 0.200704 0.765625 0.160211 0.025670
5 0.797535 0.774554 0.147887 0.023438
4 0.808099 0.813616 0.126761 0.015625
4 0.209507 0.814732 0.112676 0.013393
