49 0.811620 0.085938 0.098592 0.071429
112 0.904930 0.150670 0.140845 0.102679
0 0.500000 0.125000 0.193662 0.154018
102 0.375000 0.208705 0.123239 0.122768
1 0.200704 0.224330 0.176056 0.122768
3 0.797535 0.213170 0.207746 0.145089
104 0.862676 0.275670 0.084507 0.064732
38 0.147887 0.370536 0.073944 0.047991
28 0.496479 0.400670 0.140845 0.091518
105 0.470070 0.626116 0.140845 0.098214
107 0.565141 0.658482 0.137324 0.142857
2 0.200704 0.751116 0.176056 0.129464
3 0.797535 0.739955 0.193662 0.151786
0 0.500000 0.845982 0.221831 0.151786
8 0.811620 0.035714 0.028169 0.020089
8 0.904930 0.092634 0.033451 0.022321
4 0.809859 0.098214 0.126761 0.015625
5 0.797535 0.127232 0.147887 0.036830
7 0.406690 0.145089 0.091549 0.013393
8 0.352113 0.145089 0.028169 0.020089
5 0.200704 0.142857 0.140845 0.027902
9 0.904930 0.229911 0.044014 0.031250
8 0.862676 0.234375 0.035211 0.022321
8 0.147887 0.330357 0.028169 0.022321
12 0.147887 0.356027 0.031690 0.020089
9 0.147887 0.417411 0.063380 0.046875
8 0.471831 0.566964 0.033451 0.021205
8 0.566901 0.581473 0.040493 0.026786
12 0.471831 0.621652 0.036972 0.033482
12 0.565141 0.671875 0.035211 0.033482
5 0.200704 0.763393 0.139085 0.022321
5 0.799296 0.774554 0.142606 0.023438
4 0.808099 0.821429 0.126761 0.015625
