35 0.707747 0.123884 0.084507 0.051339
0 0.500000 0.119420 0.204225 0.165179
89 0.845070 0.151786 0.105634 0.104911
74 0.487676 0.197545 0.084507 0.051339
1 0.200704 0.228795 0.169014 0.113839
3 0.797535 0.222098 0.154930 0.127232
109 0.420775 0.312500 0.056338 0.066964
29 0.250000 0.393973 0.140845 0.060268
49 0.853873 0.583705 0.102113 0.073661
82 0.098592 0.584821 0.154930 0.122768
19 0.954225 0.667411 0.077465 0.055804
51 0.271127 0.678571 0.176056 0.093750
108 0.896127 0.775670 0.084507 0.058036
104 0.963028 0.786830 0.073944 0.055804
2 0.200704 0.748884 0.161972 0.133929
3 0.799296 0.751116 0.184859 0.129464
0 0.500000 0.842634 0.239437 0.158482
94 0.214789 0.429688 0.161972 0.082589
6 0.500000 0.018973 0.235915 0.037946
8 0.707747 0.097098 0.028169 0.022321
8 0.845070 0.095982 0.036972 0.029018
4 0.809859 0.116071 0.123239 0.015625
5 0.799296 0.138393 0.139085 0.027902
5 0.200704 0.156250 0.161972 0.032366
7 0.503521 0.175223 0.061620 0.013393
8 0.461268 0.175223 0.033451 0.022321
8 0.420775 0.264509 0.031690 0.022321
8 0.250000 0.358259 0.036972 0.029018
8 0.214789 0.370536 0.042254 0.026786
12 0.214789 0.407366 0.035211 0.029018
8 0.098592 0.511161 0.033451 0.022321
8 0.853873 0.540179 0.042254 0.026786
7 0.294014 0.627232 0.063380 0.012277
8 0.250000 0.627232 0.036972 0.023438
7 0.973592 0.635045 0.052817 0.011161
8 0.933099 0.635045 0.036972 0.029018
9 0.853873 0.645089 0.052817 0.041295
9 0.098592 0.674107 0.035211 0.025670
8 0.897887 0.739955 0.033451 0.022321
7 0.975352 0.761161 0.033451 0.012277
8 0.948944 0.761161 0.028169 0.022321
9 0.271127 0.758929 0.056338 0.041295
5 0.200704 0.772321 0.160211 0.025670
5 0.799296 0.776786 0.142606 0.023438
4 0.809859 0.820312 0.123239 0.015625
6 0.500000 0.936384 0.246479 0.044643
