0 0.500000 0.104911 0.257042 0.194196
18 0.466549 0.214286 0.056338 0.053571
3 0.799296 0.222098 0.209507 0.127232
74 0.841549 0.276786 0.066901 0.058036
85 0.297535 0.280134 0.105634 0.104911
97 0.521127 0.376116 0.109155 0.080357
124 0.524648 0.517857 0.089789 0.073661
105 0.903169 0.505580 0.179577 0.109375
35 0.883803 0.559152 0.070423 0.058036
80 0.482394 0.666295 0.119718 0.080357
1 0.200704 0.752232 0.154930 0.128348
3 0.797535 0.743304 0.183099 0.145089
15 0.244718 0.881696 0.063380 0.042411
4 0.809859 0.116071 0.126761 0.015625
5 0.797535 0.140625 0.140845 0.027902
7 0.485915 0.188616 0.065141 0.013393
8 0.436620 0.188616 0.036972 0.029018
8 0.297535 0.213170 0.028169 0.022321
12 0.299296 0.286830 0.044014 0.031250
7 0.542253 0.330357 0.063380 0.012277
8 0.496479 0.330357 0.038732 0.026786
9 0.297535 0.366071 0.056338 0.041295
7 0.919014 0.452009 0.063380 0.011161
8 0.873239 0.452009 0.035211 0.022321
9 0.521127 0.446429 0.056338 0.041295
8 0.524648 0.479911 0.042254 0.026786
7 0.908451 0.526786 0.061620 0.013393
8 0.859155 0.526786 0.040493 0.026786
7 0.500000 0.622768 0.065141 0.014509
8 0.455986 0.622768 0.028169 0.022321
9 0.883803 0.620536 0.059859 0.041295
12 0.482394 0.649554 0.040493 0.034598
9 0.482394 0.725446 0.068662 0.052455
5 0.200704 0.783482 0.160211 0.025670
5 0.797535 0.787946 0.154930 0.025670
4 0.806338 0.820312 0.126761 0.015625
8 0.244718 0.858259 0.035211 0.022321
