0 0.500000 0.123884 0.197183 0.156250
1 0.200704 0.232143 0.142606 0.108259
2 0.797535 0.219866 0.190141 0.131696
132 0.906690 0.236607 0.147887 0.100446
22 0.255282 0.310268 0.084507 0.053571
30 0.589789 0.607143 0.077465 0.061384
124 0.246479 0.662946 0.091549 0.053571
90 0.352113 0.664062 0.123239 0.066964
2 0.797535 0.748884 0.151408 0.133929
53 0.156690 0.816964 0.056338 0.033482
0 0.500000 0.852679 0.172535 0.137277
5 0.799296 0.140625 0.153169 0.031250
5 0.200704 0.158482 0.149648 0.030134
8 0.906690 0.179688 0.031690 0.022321
12 0.906690 0.236607 0.045775 0.025670
8 0.255282 0.284598 0.035211 0.022321
9 0.908451 0.312500 0.051056 0.037946
8 0.589789 0.577009 0.028169 0.020089
8 0.352113 0.616071 0.029930 0.021205
8 0.246479 0.621652 0.028169 0.022321
9 0.352113 0.726562 0.040493 0.029018
5 0.797535 0.781250 0.144366 0.023438
8 0.156690 0.790179 0.028169 0.022321
