1 0.200704 0.227679 0.158451 0.116071
3 0.797535 0.222098 0.207746 0.127232
141 0.220070 0.476562 0.130282 0.133929
28 0.859155 0.522321 0.116197 0.071429
145 0.242958 0.536830 0.091549 0.062500
63 0.366197 0.556920 0.088028 0.064732
139 0.457746 0.630580 0.133803 0.069196
71 0.533451 0.645089 0.080986 0.066964
102 0.348592 0.657366 0.140845 0.133929
2 0.200704 0.742188 0.158451 0.147321
1 0.797535 0.744420 0.186620 0.142857
42 0.795775 0.808036 0.084507 0.055804
0 0.500000 0.850446 0.190141 0.142857
125 0.133803 0.159598 0.139085 0.116071
69 0.852113 0.483259 0.080986 0.053571
4 0.809859 0.116071 0.126761 0.015625
10 0.257042 0.093750 0.161972 0.093750
5 0.797535 0.138393 0.140845 0.027902
5 0.200704 0.154018 0.154930 0.032366
10 0.063380 0.372768 0.103873 0.050223
7 0.239437 0.412946 0.061620 0.012277
8 0.197183 0.412946 0.029930 0.021205
8 0.859155 0.488839 0.026408 0.021205
8 0.366197 0.516741 0.035211 0.022321
7 0.369718 0.590402 0.061620 0.013393
7 0.482394 0.593750 0.063380 0.013393
8 0.327465 0.591518 0.029930 0.021205
8 0.438380 0.593750 0.035211 0.022321
8 0.533451 0.595982 0.028169 0.022321
10 0.936620 0.638393 0.096831 0.044643
5 0.797535 0.776786 0.144366 0.024554
8 0.765845 0.777902 0.038732 0.026786
5 0.200704 0.780134 0.149648 0.024554
10 0.741197 0.928571 0.126761 0.071429
