33 0.676056 0.808036 0.364437 0.181920
102 0.839789 0.102679 0.197183 0.078125
0 0.500000 0.117188 0.211268 0.169643
2 0.200704 0.219866 0.214789 0.131696
3 0.797535 0.216518 0.218310 0.138393
29 0.471831 0.276786 0.140845 0.066964
136 0.318662 0.272321 0.116197 0.089286
15 0.264085 0.340402 0.072183 0.049107
44 0.734155 0.324777 0.158451 0.174107
76 0.904930 0.410714 0.190141 0.122768
141 0.785211 0.440848 0.147887 0.131696
97 0.420775 0.546875 0.102113 0.078125
32 0.952465 0.585938 0.095070 0.058036
49 0.357394 0.623884 0.102113 0.087054
135 0.193662 0.635045 0.165493 0.107143
2 0.200704 0.742188 0.158451 0.147321
2 0.797535 0.738839 0.172535 0.154018
0 0.500000 0.845982 0.221831 0.151786
69 0.089789 0.187500 0.073944 0.062500
65 0.411972 0.206473 0.133803 0.089286
7 0.855634 0.060268 0.063380 0.013393
8 0.806338 0.060268 0.042254 0.026786
4 0.809859 0.104911 0.123239 0.015625
5 0.799296 0.132812 0.146127 0.029018
5 0.200704 0.140625 0.161972 0.032366
8 0.411972 0.145089 0.040493 0.025670
12 0.411972 0.191964 0.036972 0.027902
8 0.318662 0.223214 0.028169 0.022321
8 0.734155 0.237723 0.031690 0.022321
7 0.496479 0.245536 0.061620 0.014509
8 0.450704 0.245536 0.035211 0.022321
12 0.471831 0.250000 0.040493 0.034598
12 0.318662 0.270089 0.035211 0.030134
8 0.262324 0.314732 0.028169 0.022321
7 0.975352 0.348214 0.047535 0.012277
9 0.318662 0.329241 0.084507 0.062500
9 0.471831 0.348214 0.036972 0.027902
8 0.938380 0.349330 0.038732 0.026786
12 0.735915 0.359375 0.040493 0.032366
7 0.815141 0.370536 0.091549 0.013393
8 0.755282 0.370536 0.035211 0.022321
12 0.968310 0.417411 0.029930 0.023438
9 0.735915 0.450893 0.040493 0.030134
8 0.422535 0.497768 0.033451 0.022321
9 0.968310 0.513393 0.036972 0.025670
8 0.964789 0.537946 0.036972 0.029018
8 0.193662 0.572545 0.031690 0.022321
7 0.376761 0.578125 0.061620 0.013393
8 0.330986 0.578125 0.036972 0.029018
9 0.359155 0.700893 0.040493 0.030134
5 0.797535 0.772321 0.144366 0.023438
5 0.200704 0.774554 0.140845 0.023438
