145 0.843310 0.169643 0.084507 0.060268
0 0.500000 0.120536 0.197183 0.162946
133 0.380282 0.172991 0.126761 0.104911
3 0.200704 0.213170 0.207746 0.145089
2 0.797535 0.218750 0.179577 0.133929
96 0.244718 0.299107 0.119718 0.069196
90 0.413732 0.337054 0.091549 0.060268
42 0.413732 0.391741 0.073944 0.064732
98 0.730634 0.652902 0.098592 0.064732
67 0.640845 0.681920 0.112676 0.078125
2 0.200704 0.743304 0.176056 0.145089
3 0.797535 0.763393 0.130282 0.104911
82 0.799296 0.854911 0.158451 0.120536
0 0.500000 0.850446 0.214789 0.142857
91 0.750000 0.369420 0.197183 0.107143
54 0.091549 0.404018 0.123239 0.084821
27 0.926056 0.866071 0.147887 0.097098
6 0.500000 0.021205 0.250000 0.042411
4 0.211268 0.098214 0.126761 0.015625
8 0.380282 0.110491 0.028169 0.020089
5 0.200704 0.121652 0.139085 0.029018
5 0.797535 0.135045 0.154930 0.031250
8 0.823944 0.142857 0.028169 0.020089
7 0.260563 0.262277 0.061620 0.013393
8 0.214789 0.262277 0.038732 0.026786
8 0.415493 0.287946 0.044014 0.034598
7 0.774648 0.319196 0.065141 0.013393
8 0.732394 0.319196 0.026408 0.021205
8 0.413732 0.352679 0.028169 0.022321
9 0.246479 0.368304 0.036972 0.029018
12 0.413732 0.385045 0.028169 0.017857
8 0.730634 0.620536 0.031690 0.022321
7 0.661972 0.646205 0.063380 0.011161
8 0.619718 0.646205 0.028169 0.022321
5 0.799296 0.776786 0.153169 0.027902
8 0.799296 0.781250 0.026408 0.021205
5 0.200704 0.784598 0.149648 0.024554
4 0.808099 0.812500 0.126761 0.015625
6 0.500000 0.926339 0.244718 0.045759
9 0.799296 0.950893 0.040493 0.029018
