74 0.091549 0.151786 0.095070 0.066964
0 0.500000 0.123884 0.190141 0.156250
2 0.200704 0.219866 0.183099 0.131696
3 0.797535 0.210938 0.165493 0.149554
142 0.580986 0.327009 0.088028 0.062500
102 0.593310 0.406250 0.151408 0.122768
149 0.306338 0.733259 0.105634 0.107143
102 0.873239 0.797991 0.218310 0.087054
136 0.146127 0.799107 0.161972 0.089286
0 0.500000 0.845982 0.221831 0.151786
25 0.264085 0.395089 0.105634 0.042411
4 0.809859 0.093750 0.126761 0.015625
7 0.121479 0.116071 0.088028 0.012277
8 0.059859 0.116071 0.042254 0.026786
5 0.799296 0.122768 0.153169 0.031250
5 0.200704 0.140625 0.151408 0.031250
8 0.580986 0.285714 0.042254 0.026786
7 0.632042 0.341518 0.095070 0.010045
8 0.570423 0.341518 0.036972 0.023438
7 0.286972 0.370536 0.066901 0.013393
8 0.242958 0.370536 0.031690 0.022321
8 0.306338 0.669643 0.042254 0.026786
12 0.306338 0.723214 0.029930 0.020089
8 0.146127 0.741071 0.038732 0.026786
7 0.904930 0.756696 0.091549 0.014509
8 0.850352 0.756696 0.028169 0.022321
9 0.306338 0.814732 0.036972 0.026786
