88 0.559859 0.040179 0.105634 0.080357
0 0.500000 0.126116 0.186620 0.151786
85 0.647887 0.204241 0.105634 0.107143
145 0.584507 0.313616 0.084507 0.060268
61 0.352113 0.321429 0.109155 0.073661
61 0.197183 0.379464 0.088028 0.082589
96 0.765845 0.436384 0.112676 0.078125
23 0.478873 0.651786 0.063380 0.058036
121 0.753521 0.658482 0.098592 0.082589
88 0.843310 0.683036 0.109155 0.080357
89 0.322183 0.761161 0.105634 0.104911
3 0.200704 0.743304 0.183099 0.145089
2 0.797535 0.738839 0.172535 0.154018
47 0.875000 0.783482 0.123239 0.095982
89 0.688380 0.783482 0.105634 0.102679
0 0.500000 0.845982 0.214789 0.152902
8 0.528169 0.013393 0.040493 0.026786
7 0.376761 0.282366 0.063380 0.013393
8 0.584507 0.280134 0.042254 0.026786
8 0.327465 0.283482 0.044014 0.034598
8 0.197183 0.321429 0.026408 0.021205
7 0.788732 0.397321 0.063380 0.014509
9 0.352113 0.386161 0.049296 0.034598
8 0.744718 0.397321 0.031690 0.022321
8 0.753521 0.601562 0.040493 0.026786
7 0.503521 0.620536 0.065141 0.013393
8 0.454225 0.620536 0.035211 0.022321
7 0.876761 0.638393 0.096831 0.014509
8 0.815141 0.638393 0.035211 0.022321
12 0.753521 0.642857 0.061620 0.039062
8 0.322183 0.704241 0.042254 0.026786
8 0.875000 0.728795 0.038732 0.026786
9 0.753521 0.737723 0.038732 0.029018
5 0.200704 0.767857 0.146127 0.023438
5 0.797535 0.787946 0.137324 0.025670
4 0.209507 0.820312 0.123239 0.015625
9 0.322183 0.837054 0.066901 0.047991
6 0.500000 0.930804 0.253521 0.046875
