0 0.500000 0.118304 0.218310 0.167411
146 0.934859 0.228795 0.130282 0.098214
2 0.799296 0.216518 0.188380 0.138393
98 0.119718 0.521205 0.095070 0.066964
74 0.957747 0.531250 0.084507 0.069196
28 0.529930 0.570312 0.116197 0.082589
17 0.804577 0.669643 0.080986 0.049107
3 0.200704 0.763393 0.130282 0.104911
2 0.797535 0.748884 0.161972 0.133929
0 0.500000 0.850446 0.214789 0.142857
6 0.500000 0.022321 0.250000 0.044643
5 0.799296 0.129464 0.146127 0.030134
7 0.963028 0.177455 0.066901 0.013393
8 0.919014 0.177455 0.031690 0.022321
8 0.119718 0.479911 0.026408 0.021205
7 0.980634 0.501116 0.038732 0.013393
8 0.943662 0.501116 0.042254 0.026786
7 0.554577 0.529018 0.066901 0.011161
8 0.512324 0.529018 0.028169 0.022321
7 0.830986 0.647321 0.061620 0.013393
8 0.788732 0.647321 0.026408 0.021205
9 0.529930 0.636161 0.063380 0.045759
5 0.799296 0.775670 0.142606 0.024554
5 0.200704 0.787946 0.151408 0.024554
4 0.205986 0.814732 0.126761 0.015625
