58 0.290493 0.093750 0.091549 0.058036
40 0.355634 0.094866 0.126761 0.082589
0 0.500000 0.125000 0.186620 0.154018
3 0.200704 0.219866 0.154930 0.131696
115 0.205986 0.296875 0.116197 0.073661
74 0.806338 0.304688 0.095070 0.066964
40 0.403169 0.332589 0.126761 0.082589
16 0.197183 0.621652 0.054577 0.040179
49 0.575704 0.606027 0.102113 0.078125
89 0.521127 0.735491 0.105634 0.104911
1 0.200704 0.757812 0.147887 0.116071
1 0.797535 0.752232 0.154930 0.128348
121 0.063380 0.825893 0.126761 0.084821
0 0.500000 0.839286 0.227113 0.165179
116 0.595070 0.267857 0.098592 0.060268
92 0.561620 0.513393 0.204225 0.084821
150 0.163732 0.771205 0.088028 0.066964
8 0.355634 0.051339 0.036972 0.029018
8 0.290493 0.061384 0.028169 0.020089
4 0.211268 0.111607 0.126761 0.015625
5 0.200704 0.139509 0.144366 0.029018
8 0.205986 0.254464 0.035211 0.022321
8 0.806338 0.253348 0.036972 0.029018
8 0.404930 0.280134 0.040493 0.026786
12 0.806338 0.279018 0.036972 0.029018
9 0.806338 0.370536 0.049296 0.035714
8 0.561620 0.464286 0.042254 0.026786
7 0.596831 0.562500 0.063380 0.012277
8 0.552817 0.562500 0.036972 0.023438
12 0.575704 0.592634 0.045775 0.033482
9 0.575704 0.667411 0.056338 0.041295
7 0.538732 0.687500 0.063380 0.014509
8 0.492958 0.686384 0.036972 0.029018
12 0.521127 0.738839 0.021127 0.021205
5 0.200704 0.770089 0.160211 0.025670
8 0.031690 0.772321 0.040493 0.026786
5 0.797535 0.781250 0.161972 0.027902
12 0.031690 0.808036 0.024648 0.020089
9 0.031690 0.898438 0.051056 0.035714
6 0.500000 0.933036 0.253521 0.046875
