3 0.200704 0.222098 0.154930 0.127232
95 0.195423 0.306920 0.126761 0.066964
31 0.848592 0.446429 0.103873 0.063616
28 0.209507 0.572545 0.116197 0.075893
88 0.799296 0.579241 0.116197 0.069196
22 0.424296 0.589286 0.070423 0.060268
3 0.797535 0.743304 0.183099 0.145089
77 0.852113 0.764509 0.149648 0.138393
0 0.500000 0.845982 0.221831 0.151786
4 0.211268 0.116071 0.126761 0.015625
5 0.200704 0.140625 0.163732 0.031250
7 0.218310 0.268973 0.063380 0.013393
8 0.176056 0.268973 0.033451 0.022321
7 0.875000 0.412946 0.063380 0.013393
8 0.830986 0.412946 0.033451 0.022321
7 0.225352 0.531250 0.063380 0.013393
8 0.186620 0.531250 0.026408 0.021205
8 0.771127 0.545759 0.036972 0.029018
12 0.799296 0.540179 0.056338 0.041295
8 0.426056 0.560268 0.029930 0.021205
12 0.426056 0.573661 0.036972 0.023438
9 0.799296 0.647321 0.052817 0.036830
9 0.426056 0.645089 0.068662 0.050223
7 0.883803 0.694196 0.089789 0.012277
8 0.827465 0.694196 0.029930 0.021205
5 0.799296 0.787946 0.156690 0.025670
4 0.808099 0.812500 0.126761 0.015625
