0 0.500000 0.125000 0.190141 0.154018
3 0.200704 0.222098 0.207746 0.127232
3 0.797535 0.213170 0.207746 0.145089
110 0.684859 0.258929 0.112676 0.078125
133 0.848592 0.300223 0.147887 0.080357
106 0.406690 0.340402 0.165493 0.100446
144 0.211268 0.383929 0.142606 0.072545
16 0.647887 0.593750 0.042254 0.049107
1 0.200704 0.750000 0.183099 0.132812
2 0.797535 0.739955 0.169014 0.151786
0 0.500000 0.844866 0.202465 0.154018
6 0.500000 0.025670 0.221831 0.044643
4 0.809859 0.098214 0.126761 0.015625
4 0.211268 0.116071 0.123239 0.015625
5 0.797535 0.122768 0.147887 0.030134
5 0.200704 0.139509 0.144366 0.029018
8 0.684859 0.216518 0.028169 0.020089
7 0.864437 0.256696 0.063380 0.013393
8 0.820423 0.256696 0.035211 0.022321
7 0.413732 0.292411 0.035211 0.013393
8 0.387324 0.292411 0.028169 0.022321
12 0.848592 0.292411 0.038732 0.032366
7 0.228873 0.343750 0.065141 0.014509
8 0.183099 0.343750 0.036972 0.029018
9 0.406690 0.424107 0.052817 0.039062
8 0.647887 0.564732 0.026408 0.021205
5 0.200704 0.763393 0.156690 0.025670
5 0.797535 0.776786 0.161972 0.026786
6 0.500000 0.934152 0.253521 0.046875
