132 0.204225 0.085938 0.151408 0.100446
133 0.795775 0.117188 0.133803 0.107143
0 0.500000 0.118304 0.218310 0.167411
113 0.061620 0.183036 0.123239 0.071429
2 0.200704 0.218750 0.179577 0.133929
1 0.797535 0.223214 0.151408 0.123884
142 0.047535 0.305804 0.095070 0.061384
105 0.911972 0.391741 0.154930 0.109375
74 0.205986 0.455357 0.080986 0.055804
138 0.346831 0.563616 0.151408 0.107143
146 0.413732 0.583705 0.109155 0.102679
51 0.623239 0.629464 0.197183 0.080357
1 0.200704 0.757812 0.161972 0.116071
3 0.797535 0.748884 0.183099 0.133929
0 0.500000 0.850446 0.214789 0.142857
6 0.500000 0.018973 0.235915 0.037946
8 0.204225 0.023438 0.033451 0.022321
7 0.827465 0.058036 0.089789 0.012277
8 0.771127 0.058036 0.036972 0.029018
8 0.038732 0.130580 0.040493 0.026786
5 0.200704 0.133929 0.142606 0.027902
5 0.799296 0.145089 0.156690 0.031250
8 0.028169 0.270089 0.026408 0.021205
7 0.936620 0.337054 0.061620 0.014509
8 0.889085 0.337054 0.038732 0.026786
8 0.205986 0.421875 0.042254 0.026786
8 0.346831 0.505580 0.028169 0.022321
9 0.207746 0.504464 0.054577 0.041295
8 0.415493 0.529018 0.036972 0.023438
147 0.695423 0.558036 0.045775 0.037946
12 0.413732 0.569196 0.049296 0.041295
8 0.623239 0.583705 0.042254 0.026786
5 0.200704 0.768973 0.154930 0.024554
5 0.797535 0.785714 0.147887 0.025670
4 0.808099 0.820312 0.123239 0.015625
6 0.500000 0.931920 0.253521 0.046875
