136 0.734155 0.059152 0.151408 0.095982
21 0.799296 0.148438 0.077465 0.046875
29 0.241197 0.141741 0.147887 0.069196
0 0.500000 0.117188 0.211268 0.169643
3 0.797535 0.213170 0.207746 0.145089
118 0.139085 0.320312 0.105634 0.084821
32 0.198944 0.408482 0.098592 0.064732
131 0.197183 0.515625 0.154930 0.091518
128 0.632042 0.544643 0.207746 0.127232
142 0.140845 0.588170 0.095070 0.069196
3 0.200704 0.755580 0.137324 0.120536
0 0.500000 0.847098 0.228873 0.149554
25 0.218310 0.084821 0.080986 0.042411
54 0.808099 0.202009 0.126761 0.100446
41 0.477113 0.445312 0.116197 0.116071
65 0.632042 0.802455 0.137324 0.075893
7 0.774648 0.008929 0.093310 0.012277
8 0.711268 0.013393 0.040493 0.026786
6 0.500000 0.022321 0.221831 0.044643
12 0.735915 0.046875 0.044014 0.033482
12 0.218310 0.051339 0.054577 0.037946
8 0.218310 0.063616 0.031690 0.022321
4 0.809859 0.098214 0.126761 0.015625
7 0.281690 0.109375 0.093310 0.012277
5 0.799296 0.122768 0.146127 0.030134
9 0.218310 0.126116 0.058099 0.044643
7 0.140845 0.273438 0.033451 0.013393
8 0.105634 0.272321 0.044014 0.034598
8 0.198944 0.373884 0.031690 0.022321
7 0.503521 0.381696 0.065141 0.012277
8 0.455986 0.382812 0.035211 0.022321
8 0.197183 0.463170 0.028169 0.020089
8 0.632042 0.482143 0.035211 0.022321
8 0.116197 0.558036 0.031690 0.022321
12 0.140845 0.552455 0.054577 0.042411
147 0.075704 0.750000 0.045775 0.040179
8 0.633803 0.763393 0.033451 0.022321
5 0.200704 0.781250 0.149648 0.025670
4 0.209507 0.823661 0.112676 0.014509
