50 0.691901 0.189732 0.394366 0.199777
0 0.500000 0.125000 0.186620 0.154018
105 0.301056 0.228795 0.190141 0.111607
2 0.200704 0.219866 0.214789 0.131696
3 0.799296 0.222098 0.209507 0.127232
132 0.757042 0.310268 0.151408 0.100446
37 0.640845 0.334821 0.086268 0.068080
107 0.299296 0.345982 0.137324 0.140625
146 0.801056 0.431920 0.130282 0.098214
136 0.211268 0.456473 0.151408 0.095982
72 0.417254 0.561384 0.137324 0.098214
89 0.656690 0.562500 0.105634 0.102679
113 0.369718 0.603795 0.098592 0.082589
128 0.257042 0.616071 0.218310 0.138393
138 0.315141 0.647321 0.147887 0.102679
115 0.693662 0.710938 0.109155 0.087054
80 0.533451 0.706473 0.109155 0.125000
1 0.200704 0.752232 0.172535 0.127232
3 0.797535 0.748884 0.183099 0.133929
114 0.158451 0.875000 0.154930 0.089286
0 0.500000 0.850446 0.214789 0.142857
48 0.100352 0.185268 0.147887 0.087054
48 0.864437 0.218750 0.112676 0.064732
48 0.318662 0.305804 0.116197 0.066964
26 0.827465 0.604911 0.343310 0.191964
147 0.880282 0.083705 0.056338 0.040179
4 0.809859 0.116071 0.112676 0.014509
7 0.116197 0.140625 0.063380 0.014509
5 0.200704 0.136161 0.149648 0.030134
8 0.068662 0.140625 0.042254 0.026786
5 0.797535 0.140625 0.137324 0.027902
7 0.327465 0.167411 0.065141 0.013393
8 0.278169 0.167411 0.040493 0.026786
7 0.883803 0.183036 0.056338 0.011161
8 0.841549 0.183036 0.036972 0.023438
7 0.778169 0.254464 0.061620 0.014509
8 0.732394 0.254464 0.036972 0.023438
8 0.318662 0.263393 0.028169 0.020089
7 0.320423 0.270089 0.066901 0.013393
9 0.102113 0.254464 0.061620 0.046875
8 0.274648 0.270089 0.036972 0.023438
8 0.640845 0.296875 0.040493 0.026786
12 0.757042 0.309152 0.073944 0.035714
7 0.825704 0.379464 0.063380 0.013393
8 0.781690 0.379464 0.033451 0.022321
8 0.211268 0.399554 0.042254 0.026786
7 0.661972 0.506696 0.033451 0.012277
8 0.633803 0.506696 0.026408 0.021205
8 0.419014 0.506696 0.044014 0.034598
8 0.257042 0.539062 0.040493 0.026786
8 0.369718 0.553571 0.036972 0.023438
12 0.658451 0.558036 0.026408 0.023438
8 0.315141 0.591518 0.031690 0.022321
7 0.566901 0.647321 0.088028 0.012277
8 0.507042 0.648438 0.040493 0.026786
9 0.658451 0.645089 0.061620 0.046875
8 0.693662 0.669643 0.029930 0.021205
12 0.693662 0.704241 0.047535 0.037946
5 0.200704 0.776786 0.156690 0.025670
5 0.797535 0.781250 0.137324 0.022321
9 0.693662 0.776786 0.068662 0.047991
4 0.808099 0.812500 0.126761 0.015625
7 0.188380 0.834821 0.088028 0.012277
8 0.130282 0.833705 0.036972 0.029018
6 0.500000 0.935268 0.253521 0.046875
