119 0.607394 0.642857 0.450704 0.227679
78 0.362676 0.101562 0.077465 0.046875
88 0.049296 0.094866 0.098592 0.091518
0 0.500000 0.126116 0.190141 0.151786
2 0.200704 0.219866 0.183099 0.131696
3 0.797535 0.222098 0.154930 0.127232
40 0.795775 0.258929 0.125000 0.084821
93 0.660211 0.277902 0.070423 0.049107
128 0.757042 0.333705 0.204225 0.127232
70 0.744718 0.395089 0.105634 0.053571
75 0.205986 0.414062 0.084507 0.127232
42 0.797535 0.520089 0.073944 0.064732
18 0.959507 0.534598 0.056338 0.053571
100 0.140845 0.504464 0.147887 0.116071
144 0.521127 0.609375 0.109155 0.071429
134 0.193662 0.626116 0.186620 0.142857
102 0.901408 0.687500 0.197183 0.078125
35 0.415493 0.776786 0.080986 0.051339
2 0.200704 0.739955 0.197183 0.151786
0 0.500000 0.845982 0.221831 0.151786
16 0.128521 0.902902 0.045775 0.040179
36 0.211268 0.291295 0.422535 0.272321
48 0.151408 0.457589 0.109155 0.087054
6 0.500000 0.027902 0.221831 0.044643
7 0.059859 0.044643 0.061620 0.014509
8 0.017606 0.043527 0.035211 0.022321
4 0.809859 0.116071 0.126761 0.015625
5 0.200704 0.133929 0.142606 0.027902
5 0.797535 0.140625 0.144366 0.029018
9 0.040493 0.169643 0.063380 0.045759
8 0.795775 0.203125 0.028169 0.022321
8 0.660211 0.238839 0.038732 0.026786
8 0.757042 0.266741 0.040493 0.026786
8 0.744718 0.363839 0.028169 0.020089
12 0.744718 0.375000 0.031690 0.031250
7 0.190141 0.414062 0.093310 0.013393
8 0.126761 0.414062 0.040493 0.026786
8 0.140845 0.435268 0.042254 0.026786
9 0.744718 0.448661 0.066901 0.049107
7 0.975352 0.504464 0.047535 0.013393
8 0.936620 0.504464 0.044014 0.034598
7 0.218310 0.556920 0.065141 0.013393
8 0.172535 0.555804 0.036972 0.023438
7 0.552817 0.569196 0.093310 0.012277
8 0.496479 0.569196 0.029930 0.021205
9 0.193662 0.723214 0.065141 0.047991
8 0.415493 0.734375 0.042254 0.026786
5 0.200704 0.765625 0.153169 0.024554
7 0.151408 0.880580 0.065141 0.013393
8 0.105634 0.880580 0.035211 0.022321
153 0.278169 0.898438 0.049296 0.037946
6 0.500000 0.930804 0.246479 0.044643
