35 0.033451 0.084821 0.059859 0.051339
28 0.058099 0.158482 0.116197 0.071429
0 0.500000 0.116071 0.232394 0.171875
30 0.665493 0.229911 0.088028 0.049107
3 0.200704 0.212054 0.176056 0.147321
2 0.797535 0.219866 0.183099 0.131696
63 0.473592 0.301339 0.091549 0.058036
112 0.568662 0.289062 0.186620 0.093750
141 0.880282 0.286830 0.161972 0.104911
15 0.408451 0.322545 0.049296 0.037946
71 0.688380 0.351562 0.112676 0.073661
17 0.630282 0.389509 0.091549 0.049107
89 0.311620 0.364955 0.105634 0.102679
37 0.801056 0.525670 0.109155 0.058036
78 0.373239 0.558036 0.091549 0.069196
143 0.454225 0.625000 0.070423 0.055804
52 0.526408 0.664062 0.109155 0.066964
142 0.639085 0.670759 0.091549 0.058036
28 0.737676 0.674107 0.123239 0.058036
51 0.901408 0.695312 0.197183 0.073661
53 0.964789 0.746652 0.063380 0.033482
100 0.411972 0.745536 0.161972 0.084821
1 0.200704 0.742188 0.184859 0.147321
149 0.572183 0.767857 0.105634 0.107143
102 0.750000 0.837054 0.197183 0.109375
0 0.500000 0.834821 0.228873 0.174107
36 0.183099 0.058036 0.364437 0.114955
65 0.375000 0.602679 0.133803 0.080357
6 0.500000 0.021205 0.250000 0.042411
8 0.033451 0.058036 0.042254 0.026786
4 0.211268 0.097098 0.126761 0.015625
8 0.031690 0.108259 0.028169 0.020089
5 0.200704 0.122768 0.147887 0.030134
5 0.797535 0.136161 0.147887 0.029018
12 0.031690 0.143973 0.033451 0.031250
7 0.683099 0.204241 0.063380 0.013393
8 0.637324 0.204241 0.033451 0.022321
8 0.880282 0.232143 0.029930 0.021205
7 0.591549 0.246652 0.066901 0.013393
8 0.549296 0.247768 0.029930 0.021205
8 0.475352 0.255580 0.040493 0.026786
12 0.570423 0.281250 0.040493 0.039062
8 0.408451 0.289062 0.038732 0.026786
8 0.690141 0.308036 0.036972 0.023438
8 0.630282 0.360491 0.033451 0.022321
9 0.630282 0.445312 0.040493 0.029018
8 0.801056 0.484375 0.028169 0.022321
12 0.801056 0.497768 0.035211 0.029018
8 0.376761 0.562500 0.026408 0.021205
7 0.471831 0.591518 0.063380 0.013393
8 0.429577 0.591518 0.029930 0.021205
8 0.528169 0.629464 0.036972 0.023438
7 0.654930 0.645089 0.061620 0.013393
8 0.739437 0.636161 0.044014 0.034598
8 0.612676 0.645089 0.028169 0.020089
8 0.948944 0.655134 0.038732 0.026786
7 0.411972 0.707589 0.029930 0.012277
8 0.380282 0.707589 0.044014 0.034598
8 0.572183 0.714286 0.031690 0.022321
8 0.964789 0.715402 0.036972 0.029018
9 0.639085 0.729911 0.056338 0.043527
8 0.750000 0.768973 0.035211 0.022321
5 0.200704 0.767857 0.163732 0.027902
9 0.750000 0.931920 0.038732 0.026786
