0 0.500000 0.118304 0.214789 0.167411
40 0.936620 0.183036 0.126761 0.082589
3 0.200704 0.220982 0.144366 0.129464
2 0.797535 0.219866 0.214789 0.131696
130 0.741197 0.246652 0.140845 0.109375
145 0.482394 0.354911 0.147887 0.078125
22 0.232394 0.392857 0.084507 0.049107
42 0.190141 0.433036 0.080986 0.069196
127 0.262324 0.652902 0.137324 0.091518
78 0.422535 0.678571 0.077465 0.046875
43 0.477113 0.687500 0.105634 0.089286
2 0.200704 0.743304 0.176056 0.145089
3 0.797535 0.748884 0.183099 0.133929
131 0.801056 0.820312 0.154930 0.091518
0 0.500000 0.850446 0.214789 0.142857
150 0.353873 0.207589 0.105634 0.084821
6 0.500000 0.022321 0.250000 0.044643
4 0.211268 0.113839 0.126761 0.015625
8 0.964789 0.127232 0.038732 0.026786
5 0.200704 0.138393 0.154930 0.032366
5 0.799296 0.140625 0.153169 0.031250
8 0.741197 0.185268 0.038732 0.026786
7 0.485915 0.312500 0.033451 0.012277
8 0.454225 0.313616 0.040493 0.026786
7 0.227113 0.399554 0.088028 0.012277
8 0.169014 0.399554 0.036972 0.029018
8 0.264085 0.598214 0.044014 0.034598
7 0.510563 0.642857 0.091549 0.012277
8 0.454225 0.643973 0.033451 0.022321
5 0.200704 0.767857 0.160211 0.029018
5 0.799296 0.772321 0.142606 0.024554
8 0.774648 0.774554 0.044014 0.034598
4 0.808099 0.812500 0.112676 0.014509
12 0.802817 0.819196 0.033451 0.027902
