87 0.829225 0.649554 0.341549 0.198661
87 0.161972 0.794643 0.323944 0.199777
93 0.029930 0.087054 0.059859 0.042411
44 0.315141 0.077009 0.147887 0.154018
0 0.500000 0.107143 0.278169 0.189732
31 0.147887 0.270089 0.100352 0.054688
60 0.750000 0.276786 0.091549 0.064732
68 0.739437 0.310268 0.084507 0.049107
137 0.271127 0.340402 0.045775 0.031250
61 0.535211 0.361607 0.102113 0.071429
120 0.593310 0.388393 0.151408 0.095982
111 0.151408 0.386161 0.154930 0.120536
143 0.848592 0.425223 0.077465 0.060268
64 0.804577 0.485491 0.126761 0.066964
82 0.771127 0.496652 0.158451 0.120536
136 0.132042 0.524554 0.183099 0.071429
133 0.464789 0.590402 0.147887 0.082589
73 0.500000 0.639509 0.109155 0.062500
32 0.191901 0.642857 0.077465 0.064732
105 0.350352 0.639509 0.190141 0.102679
29 0.095070 0.741071 0.133803 0.055804
3 0.200704 0.763393 0.130282 0.104911
0 0.500000 0.840402 0.218310 0.162946
71 0.485915 0.915179 0.112676 0.073661
69 0.413732 0.210938 0.274648 0.120536
125 0.139085 0.345982 0.151408 0.091518
65 0.427817 0.400670 0.109155 0.091518
6 0.500000 0.021205 0.250000 0.042411
8 0.288732 0.014509 0.036972 0.029018
8 0.014085 0.066964 0.028169 0.022321
8 0.750000 0.227679 0.028169 0.022321
8 0.147887 0.234375 0.036972 0.029018
8 0.739437 0.283482 0.036972 0.029018
12 0.271127 0.287946 0.045775 0.034598
7 0.176056 0.320312 0.065141 0.013393
8 0.133803 0.320312 0.028169 0.020089
7 0.294014 0.325893 0.063380 0.012277
8 0.253521 0.324777 0.028169 0.022321
8 0.507042 0.330357 0.036972 0.029018
7 0.616197 0.339286 0.061620 0.013393
8 0.570423 0.339286 0.036972 0.023438
12 0.535211 0.331473 0.052817 0.042411
8 0.427817 0.350446 0.035211 0.023438
9 0.739437 0.364955 0.058099 0.040179
7 0.866197 0.397321 0.061620 0.014509
9 0.271127 0.390625 0.045775 0.034598
8 0.827465 0.397321 0.029930 0.021205
12 0.429577 0.401786 0.036972 0.031250
9 0.535211 0.411830 0.079225 0.058036
7 0.774648 0.440848 0.033451 0.013393
8 0.746479 0.440848 0.028169 0.022321
8 0.804577 0.446429 0.042254 0.026786
9 0.427817 0.473214 0.045775 0.034598
8 0.133803 0.487723 0.036972 0.029018
8 0.464789 0.547991 0.031690 0.022321
7 0.366197 0.592634 0.061620 0.013393
8 0.323944 0.591518 0.026408 0.021205
8 0.500000 0.604911 0.029930 0.021205
8 0.191901 0.604911 0.042254 0.026786
7 0.132042 0.714286 0.091549 0.012277
8 0.072183 0.714286 0.035211 0.022321
5 0.200704 0.779018 0.140845 0.022321
4 0.205986 0.816964 0.126761 0.015625
8 0.485915 0.872768 0.036972 0.029018
9 0.130282 0.934152 0.038732 0.029018
6 0.500000 0.931920 0.253521 0.046875
