50 0.295775 0.203125 0.392606 0.199777
151 0.815141 0.428571 0.369718 0.229911
30 0.845070 0.145089 0.095070 0.051339
0 0.500000 0.123884 0.197183 0.156250
133 0.091549 0.147321 0.130282 0.113839
139 0.526408 0.187500 0.133803 0.075893
1 0.200704 0.223214 0.151408 0.123884
51 0.308099 0.335938 0.151408 0.095982
37 0.056338 0.395089 0.110915 0.053571
106 0.366197 0.375000 0.179577 0.107143
101 0.853873 0.428571 0.140845 0.093750
134 0.170775 0.483259 0.190141 0.149554
105 0.850352 0.565848 0.172535 0.113839
134 0.154930 0.592634 0.186620 0.142857
93 0.607394 0.709821 0.070423 0.049107
103 0.561620 0.770089 0.147887 0.084821
3 0.200704 0.748884 0.169014 0.133929
1 0.799296 0.750000 0.181338 0.131696
0 0.500000 0.834821 0.272887 0.175223
27 0.357394 0.073661 0.278169 0.136161
125 0.056338 0.123884 0.112676 0.087054
36 0.811620 0.195312 0.376761 0.272321
65 0.302817 0.763393 0.112676 0.084821
7 0.112676 0.091518 0.061620 0.013393
8 0.070423 0.091518 0.036972 0.029018
7 0.866197 0.119420 0.061620 0.013393
8 0.823944 0.119420 0.031690 0.022321
10 0.274648 0.100446 0.163732 0.081473
8 0.526408 0.131696 0.042254 0.026786
12 0.091549 0.129464 0.051056 0.039062
5 0.200704 0.148438 0.154930 0.031250
8 0.309859 0.284598 0.036972 0.029018
14 0.853873 0.363839 0.070423 0.013393
7 0.049296 0.371652 0.061620 0.013393
8 0.014085 0.372768 0.026408 0.021205
7 0.873239 0.386161 0.063380 0.012277
8 0.827465 0.385045 0.038732 0.026786
8 0.170775 0.392857 0.038732 0.026786
7 0.869718 0.504464 0.063380 0.013393
8 0.822183 0.504464 0.038732 0.026786
7 0.179577 0.520089 0.065141 0.012277
8 0.130282 0.520089 0.036972 0.023438
8 0.609155 0.681920 0.033451 0.022321
9 0.154930 0.697545 0.036972 0.026786
10 0.934859 0.696429 0.095070 0.053571
8 0.561620 0.710938 0.038732 0.026786
7 0.323944 0.725446 0.061620 0.012277
8 0.278169 0.725446 0.033451 0.021205
10 0.063380 0.741071 0.084507 0.042411
5 0.797535 0.779018 0.144366 0.023438
5 0.200704 0.781250 0.147887 0.023438
10 0.934859 0.776786 0.088028 0.050223
4 0.209507 0.822545 0.126761 0.015625
10 0.063380 0.825893 0.082746 0.045759
10 0.936620 0.837054 0.089789 0.045759
6 0.500000 0.939732 0.253521 0.046875
10 0.764085 0.926339 0.147887 0.077009
