0 0.500000 0.112723 0.228873 0.178571
122 0.366197 0.314732 0.204225 0.111607
29 0.794014 0.354911 0.140845 0.060268
35 0.156690 0.405134 0.052817 0.071429
42 0.464789 0.585938 0.079225 0.055804
75 0.512324 0.763393 0.084507 0.089286
3 0.200704 0.763393 0.130282 0.104911
0 0.500000 0.845982 0.221831 0.151786
129 0.133803 0.149554 0.181338 0.152902
69 0.151408 0.869420 0.105634 0.078125
6 0.500000 0.022321 0.250000 0.044643
8 0.795775 0.323661 0.029930 0.021205
7 0.197183 0.363839 0.089789 0.012277
8 0.139085 0.363839 0.031690 0.022321
8 0.463028 0.546875 0.042254 0.026786
7 0.528169 0.720982 0.059859 0.012277
8 0.482394 0.720982 0.044014 0.034598
5 0.200704 0.762277 0.153169 0.024554
4 0.205986 0.819196 0.126761 0.015625
