33 0.683099 0.070312 0.364437 0.140625
121 0.718310 0.158482 0.133803 0.084821
18 0.964789 0.188616 0.049296 0.035714
103 0.514085 0.167411 0.095070 0.087054
52 0.639085 0.223214 0.123239 0.064732
1 0.797535 0.218750 0.221831 0.132812
51 0.191901 0.256696 0.179577 0.093750
139 0.575704 0.281250 0.123239 0.075893
144 0.746479 0.360491 0.112676 0.062500
126 0.292254 0.529018 0.151408 0.109375
29 0.623239 0.640625 0.140845 0.066964
3 0.200704 0.739955 0.193662 0.151786
2 0.797535 0.743304 0.176056 0.145089
0 0.500000 0.850446 0.214789 0.142857
125 0.315141 0.405134 0.151408 0.107143
69 0.042254 0.560268 0.080986 0.053571
7 0.721831 0.110491 0.033451 0.013393
8 0.686620 0.110491 0.042254 0.026786
7 0.536972 0.120536 0.063380 0.011161
8 0.491197 0.120536 0.038732 0.026786
5 0.799296 0.136161 0.146127 0.027902
8 0.964789 0.151786 0.038732 0.026786
12 0.514085 0.149554 0.066901 0.032366
8 0.639085 0.188616 0.038732 0.026786
7 0.218310 0.214286 0.061620 0.013393
8 0.170775 0.214286 0.038732 0.026786
8 0.575704 0.234375 0.028169 0.022321
7 0.765845 0.323661 0.056338 0.011161
8 0.725352 0.323661 0.033451 0.022321
8 0.292254 0.459821 0.028169 0.020089
7 0.647887 0.601562 0.063380 0.011161
147 0.353873 0.593750 0.045775 0.037946
8 0.598592 0.600446 0.044014 0.034598
5 0.799296 0.765625 0.160211 0.025670
5 0.200704 0.776786 0.144366 0.023438
4 0.205986 0.814732 0.112676 0.014509
6 0.500000 0.939732 0.253521 0.046875
