33 0.757042 0.580357 0.364437 0.181920
0 0.500000 0.119420 0.204225 0.165179
3 0.797535 0.219866 0.154930 0.131696
22 0.869718 0.426339 0.080986 0.053571
83 0.223592 0.526786 0.091549 0.060268
49 0.267606 0.553571 0.105634 0.084821
114 0.727113 0.595982 0.154930 0.089286
77 0.475352 0.614955 0.149648 0.136161
1 0.200704 0.750000 0.181338 0.131696
2 0.797535 0.739955 0.197183 0.151786
121 0.621479 0.843750 0.123239 0.082589
0 0.500000 0.849330 0.165493 0.145089
41 0.859155 0.184152 0.179577 0.120536
6 0.500000 0.021205 0.250000 0.042411
4 0.809859 0.111607 0.112676 0.014509
8 0.859155 0.119420 0.035211 0.022321
5 0.797535 0.135045 0.144366 0.029018
8 0.869718 0.395089 0.036972 0.029018
7 0.242958 0.493304 0.063380 0.013393
8 0.195423 0.493304 0.038732 0.026786
7 0.302817 0.511161 0.091549 0.012277
8 0.242958 0.511161 0.038732 0.026786
8 0.475352 0.537946 0.026408 0.021205
8 0.728873 0.546875 0.044014 0.034598
9 0.475352 0.720982 0.040493 0.029018
5 0.200704 0.765625 0.156690 0.026786
5 0.799296 0.787946 0.146127 0.024554
7 0.661972 0.801339 0.093310 0.012277
8 0.605634 0.801339 0.026408 0.021205
