86 0.588028 0.727679 0.341549 0.168527
0 0.500000 0.122768 0.183099 0.158482
70 0.367958 0.215402 0.063380 0.060268
75 0.438380 0.260045 0.084507 0.084821
23 0.364437 0.311384 0.063380 0.058036
89 0.737676 0.290179 0.105634 0.102679
105 0.429577 0.313616 0.172535 0.113839
89 0.802817 0.367188 0.105634 0.102679
110 0.528169 0.383929 0.112676 0.073661
83 0.311620 0.419643 0.091549 0.060268
105 0.843310 0.425223 0.165493 0.111607
124 0.371479 0.583705 0.098592 0.062500
40 0.751761 0.636161 0.137324 0.084821
42 0.737676 0.659598 0.073944 0.064732
16 0.637324 0.728795 0.054577 0.044643
89 0.382042 0.750000 0.116197 0.109375
3 0.200704 0.755580 0.137324 0.120536
2 0.797535 0.751116 0.179577 0.129464
132 0.364437 0.835938 0.144366 0.100446
145 0.258803 0.872768 0.098592 0.062500
0 0.500000 0.838170 0.197183 0.167411
69 0.794014 0.478795 0.077465 0.051339
24 0.616197 0.647321 0.056338 0.033482
7 0.387324 0.181920 0.063380 0.013393
8 0.346831 0.181920 0.028169 0.022321
7 0.455986 0.212054 0.056338 0.011161
8 0.417254 0.212054 0.031690 0.022321
7 0.757042 0.234375 0.063380 0.013393
8 0.718310 0.234375 0.026408 0.021205
8 0.429577 0.243304 0.038732 0.026786
8 0.366197 0.268973 0.033451 0.022321
8 0.802817 0.316964 0.033451 0.021205
8 0.528169 0.345982 0.040493 0.026786
8 0.843310 0.359375 0.031690 0.022321
9 0.739437 0.377232 0.047535 0.034598
8 0.313380 0.390625 0.029930 0.021205
9 0.528169 0.450893 0.045775 0.033482
8 0.371479 0.540179 0.028169 0.022321
12 0.371479 0.558036 0.049296 0.037946
7 0.769366 0.591518 0.063380 0.013393
8 0.727113 0.591518 0.028169 0.022321
8 0.739437 0.611607 0.033451 0.021205
7 0.637324 0.631696 0.065141 0.012277
8 0.591549 0.632812 0.031690 0.022321
8 0.383803 0.689732 0.029930 0.021205
8 0.637324 0.694196 0.033451 0.021205
12 0.383803 0.733259 0.033451 0.031250
5 0.200704 0.767857 0.142606 0.023438
8 0.366197 0.781250 0.033451 0.022321
5 0.797535 0.783482 0.154930 0.025670
9 0.637324 0.781250 0.054577 0.039062
4 0.207746 0.810268 0.123239 0.015625
8 0.258803 0.834821 0.038732 0.026786
6 0.500000 0.931920 0.253521 0.046875
