85 0.051056 0.059152 0.102113 0.111607
67 0.580986 0.213170 0.112676 0.078125
1 0.200704 0.223214 0.151408 0.123884
32 0.348592 0.303571 0.088028 0.060268
135 0.153169 0.289062 0.161972 0.100446
28 0.809859 0.348214 0.144366 0.073661
2 0.200704 0.743304 0.176056 0.145089
93 0.311620 0.863839 0.070423 0.049107
0 0.500000 0.850446 0.190141 0.142857
5 0.200704 0.147321 0.139085 0.029018
7 0.598592 0.168527 0.063380 0.013393
8 0.552817 0.168527 0.040493 0.026786
7 0.170775 0.234375 0.063380 0.012277
8 0.123239 0.235491 0.040493 0.026786
7 0.373239 0.271205 0.063380 0.013393
8 0.323944 0.272321 0.044014 0.034598
9 0.153169 0.359375 0.070423 0.049107
5 0.200704 0.774554 0.161972 0.022321
8 0.311620 0.830357 0.035211 0.022321
