0 0.500000 0.118304 0.214789 0.167411
3 0.200704 0.222098 0.209507 0.127232
2 0.797535 0.219866 0.176056 0.131696
145 0.901408 0.305804 0.091549 0.060268
98 0.139085 0.316964 0.112676 0.069196
52 0.348592 0.416295 0.123239 0.064732
43 0.823944 0.573661 0.098592 0.102679
72 0.367958 0.591518 0.140845 0.104911
2 0.797535 0.748884 0.161972 0.133929
0 0.500000 0.847098 0.190141 0.149554
6 0.500000 0.021205 0.250000 0.042411
4 0.211268 0.116071 0.126761 0.015625
5 0.797535 0.138393 0.151408 0.030134
5 0.200704 0.142857 0.149648 0.030134
7 0.943662 0.274554 0.093310 0.012277
8 0.882042 0.274554 0.035211 0.022321
7 0.144366 0.281250 0.033451 0.012277
8 0.109155 0.281250 0.044014 0.034598
8 0.348592 0.364955 0.036972 0.029018
9 0.901408 0.363839 0.049296 0.037946
7 0.866197 0.517857 0.093310 0.013393
8 0.802817 0.517857 0.044014 0.034598
5 0.797535 0.775670 0.158451 0.026786
