86 0.750000 0.254464 0.336268 0.166295
0 0.500000 0.116071 0.214789 0.171875
44 0.593310 0.184152 0.147887 0.154018
1 0.200704 0.228795 0.151408 0.113839
3 0.797535 0.222098 0.154930 0.127232
64 0.140845 0.402902 0.126761 0.091518
89 0.367958 0.416295 0.105634 0.104911
80 0.257042 0.430804 0.119718 0.082589
110 0.200704 0.522321 0.133803 0.082589
21 0.672535 0.541295 0.070423 0.044643
72 0.896127 0.590402 0.140845 0.104911
106 0.825704 0.651786 0.179577 0.107143
46 0.570423 0.766741 0.091549 0.091518
3 0.200704 0.763393 0.130282 0.104911
2 0.797535 0.739955 0.169014 0.151786
0 0.500000 0.840402 0.218310 0.162946
71 0.841549 0.880580 0.073944 0.082589
6 0.500000 0.021205 0.250000 0.042411
8 0.595070 0.088170 0.040493 0.026786
4 0.809859 0.116071 0.123239 0.015625
5 0.799296 0.141741 0.142606 0.029018
5 0.200704 0.156250 0.149648 0.030134
12 0.593310 0.209821 0.024648 0.020089
9 0.593310 0.292411 0.066901 0.049107
7 0.170775 0.352679 0.091549 0.012277
8 0.369718 0.348214 0.044014 0.034598
8 0.109155 0.352679 0.044014 0.034598
7 0.292254 0.392857 0.095070 0.012277
12 0.140845 0.386161 0.051056 0.039062
8 0.227113 0.393973 0.042254 0.026786
7 0.225352 0.477679 0.061620 0.013393
8 0.183099 0.477679 0.028169 0.022321
9 0.367958 0.497768 0.063380 0.044643
7 0.707747 0.522321 0.089789 0.012277
12 0.200704 0.513393 0.051056 0.035714
8 0.653169 0.523438 0.028169 0.022321
7 0.929577 0.535714 0.091549 0.013393
8 0.869718 0.535714 0.040493 0.025670
8 0.825704 0.583705 0.042254 0.026786
9 0.200704 0.595982 0.054577 0.039062
8 0.570423 0.710938 0.036972 0.029018
5 0.200704 0.772321 0.151408 0.021205
5 0.799296 0.776786 0.142606 0.023438
4 0.207746 0.813616 0.126761 0.015625
7 0.866197 0.842634 0.065141 0.013393
8 0.816901 0.843750 0.044014 0.034598
6 0.500000 0.926339 0.253521 0.046875
