140 0.866197 0.075893 0.093310 0.058036
0 0.500000 0.119420 0.204225 0.165179
124 0.309859 0.188616 0.077465 0.062500
44 0.563380 0.142857 0.160211 0.176339
3 0.200704 0.220982 0.144366 0.129464
3 0.797535 0.220982 0.144366 0.129464
126 0.475352 0.313616 0.151408 0.109375
47 0.132042 0.341518 0.123239 0.095982
149 0.852113 0.539062 0.105634 0.102679
2 0.200704 0.738839 0.172535 0.154018
3 0.797535 0.739955 0.193662 0.151786
0 0.500000 0.852679 0.172535 0.137277
8 0.864437 0.035714 0.031690 0.022321
8 0.563380 0.052455 0.038732 0.026786
4 0.211268 0.113839 0.126761 0.015625
4 0.809859 0.113839 0.126761 0.015625
9 0.864437 0.131696 0.056338 0.041295
5 0.200704 0.138393 0.158451 0.031250
5 0.799296 0.141741 0.160211 0.031250
7 0.348592 0.160714 0.093310 0.013393
8 0.290493 0.160714 0.028169 0.020089
7 0.485915 0.254464 0.033451 0.012277
8 0.457746 0.255580 0.028169 0.020089
7 0.153169 0.292411 0.063380 0.014509
8 0.107394 0.292411 0.035211 0.022321
12 0.133803 0.328125 0.036972 0.032366
7 0.869718 0.488839 0.061620 0.012277
8 0.820423 0.488839 0.040493 0.025670
5 0.797535 0.770089 0.144366 0.023438
5 0.200704 0.770089 0.154930 0.026786
4 0.804577 0.820312 0.123239 0.015625
6 0.500000 0.939732 0.253521 0.046875
