0 0.500000 0.120536 0.188380 0.164062
63 0.429577 0.179688 0.084507 0.062500
1 0.200704 0.229911 0.183099 0.111607
34 0.757042 0.292411 0.188380 0.040179
123 0.801056 0.251116 0.225352 0.127232
85 0.419014 0.285714 0.109155 0.098214
112 0.096831 0.378348 0.193662 0.084821
139 0.521127 0.404018 0.109155 0.084821
107 0.860915 0.521205 0.137324 0.142857
114 0.186620 0.594866 0.158451 0.087054
51 0.633803 0.732143 0.190141 0.091518
2 0.200704 0.748884 0.151408 0.133929
0 0.500000 0.849330 0.165493 0.145089
8 0.429577 0.142857 0.044014 0.034598
5 0.200704 0.158482 0.144366 0.029018
7 0.827465 0.187500 0.061620 0.013393
8 0.781690 0.187500 0.036972 0.023438
7 0.454225 0.238839 0.091549 0.014509
8 0.394366 0.238839 0.035211 0.023438
7 0.792253 0.276786 0.091549 0.012277
8 0.734155 0.276786 0.031690 0.022321
7 0.056338 0.337054 0.065141 0.013393
8 0.019366 0.337054 0.038732 0.026786
9 0.419014 0.372768 0.049296 0.035714
8 0.862676 0.450893 0.026408 0.021205
8 0.186620 0.539062 0.036972 0.029018
7 0.647887 0.683036 0.059859 0.012277
8 0.602113 0.683036 0.044014 0.034598
5 0.200704 0.772321 0.149648 0.027902
6 0.500000 0.928571 0.253521 0.046875
