145 0.635563 0.106027 0.088028 0.060268
0 0.500000 0.125000 0.186620 0.154018
3 0.200704 0.220982 0.144366 0.129464
3 0.797535 0.210938 0.165493 0.149554
70 0.806338 0.304688 0.073944 0.060268
112 0.755282 0.368304 0.105634 0.111607
40 0.478873 0.622768 0.137324 0.084821
102 0.216549 0.679688 0.218310 0.087054
2 0.797535 0.738839 0.172535 0.154018
149 0.355634 0.781250 0.105634 0.102679
0 0.500000 0.838170 0.197183 0.167411
25 0.308099 0.580357 0.077465 0.033482
65 0.406690 0.904018 0.130282 0.071429
6 0.500000 0.029018 0.235915 0.037946
8 0.635563 0.063616 0.028169 0.020089
4 0.809859 0.093750 0.126761 0.015625
4 0.211268 0.113839 0.126761 0.015625
5 0.797535 0.120536 0.144366 0.030134
5 0.200704 0.140625 0.154930 0.032366
8 0.806338 0.264509 0.035211 0.022321
8 0.757042 0.312500 0.036972 0.023438
12 0.757042 0.356027 0.029930 0.026786
9 0.806338 0.357143 0.065141 0.047991
7 0.323944 0.566964 0.061620 0.013393
8 0.478873 0.561384 0.040493 0.026786
8 0.274648 0.566964 0.044014 0.034598
7 0.251761 0.640625 0.091549 0.013393
8 0.193662 0.640625 0.031690 0.022321
7 0.380282 0.733259 0.061620 0.013393
8 0.338028 0.733259 0.028169 0.020089
5 0.797535 0.772321 0.154930 0.025670
7 0.433099 0.868304 0.061620 0.012277
9 0.355634 0.854911 0.058099 0.041295
8 0.390845 0.868304 0.028169 0.020089
