124 0.954225 0.154018 0.089789 0.073661
3 0.797535 0.219866 0.154930 0.131696
111 0.860915 0.309152 0.147887 0.113839
106 0.573944 0.588170 0.165493 0.100446
80 0.376761 0.601562 0.102113 0.078125
60 0.473592 0.616071 0.077465 0.066964
139 0.808099 0.617188 0.130282 0.091518
63 0.369718 0.640625 0.077465 0.062500
31 0.570423 0.695312 0.084507 0.051339
44 0.073944 0.710938 0.147887 0.091518
3 0.200704 0.746652 0.190141 0.138393
1 0.797535 0.752232 0.190141 0.127232
0 0.500000 0.845982 0.221831 0.151786
57 0.686620 0.200893 0.607394 0.309152
25 0.630282 0.436384 0.116197 0.035714
4 0.809859 0.111607 0.126761 0.015625
5 0.799296 0.137277 0.142606 0.029018
8 0.862676 0.245536 0.044014 0.034598
8 0.630282 0.402902 0.028169 0.020089
7 0.598592 0.540179 0.065141 0.012277
8 0.556338 0.540179 0.026408 0.021205
7 0.406690 0.564732 0.091549 0.014509
8 0.345070 0.564732 0.042254 0.026786
7 0.489437 0.584821 0.063380 0.012277
8 0.447183 0.585938 0.033451 0.022321
12 0.376761 0.595982 0.035211 0.027902
7 0.376761 0.612723 0.033451 0.013393
8 0.348592 0.612723 0.028169 0.020089
8 0.051056 0.648438 0.038732 0.026786
9 0.573944 0.666295 0.066901 0.049107
9 0.376761 0.667411 0.073944 0.051339
5 0.797535 0.762277 0.151408 0.024554
5 0.200704 0.782366 0.154930 0.026786
4 0.205986 0.819196 0.126761 0.015625
6 0.500000 0.936384 0.253521 0.046875
