0 0.500000 0.119420 0.204225 0.165179
108 0.522887 0.187500 0.088028 0.058036
3 0.200704 0.210938 0.165493 0.149554
3 0.797535 0.219866 0.154930 0.131696
133 0.452465 0.251116 0.137324 0.116071
58 0.123239 0.323661 0.109155 0.078125
75 0.461268 0.321429 0.144366 0.093750
18 0.195423 0.372768 0.049296 0.033482
123 0.623239 0.356027 0.213028 0.118304
78 0.154930 0.430804 0.077465 0.046875
51 0.919014 0.408482 0.161972 0.100446
133 0.808099 0.465402 0.158451 0.084821
139 0.190141 0.497768 0.133803 0.087054
75 0.088028 0.555804 0.088028 0.091518
115 0.140845 0.580357 0.112676 0.066964
114 0.579225 0.574777 0.154930 0.084821
111 0.838028 0.640625 0.154930 0.120536
122 0.533451 0.662946 0.204225 0.111607
1 0.200704 0.744420 0.186620 0.142857
2 0.797535 0.751116 0.176056 0.129464
128 0.114437 0.795759 0.176056 0.125000
85 0.933099 0.820312 0.133803 0.095982
143 0.755282 0.848214 0.088028 0.042411
110 0.808099 0.857143 0.112676 0.073661
0 0.500000 0.847098 0.200704 0.149554
65 0.919014 0.128348 0.102113 0.093750
27 0.440141 0.439732 0.272887 0.135045
84 0.943662 0.577009 0.112676 0.066964
6 0.500000 0.021205 0.250000 0.042411
8 0.919014 0.066964 0.026408 0.021205
4 0.211268 0.093750 0.126761 0.015625
4 0.809859 0.111607 0.126761 0.015625
12 0.919014 0.107143 0.058099 0.039062
5 0.200704 0.120536 0.140845 0.027902
5 0.797535 0.137277 0.147887 0.029018
8 0.524648 0.147321 0.044014 0.034598
7 0.492958 0.189732 0.093310 0.013393
8 0.434859 0.189732 0.031690 0.022321
9 0.919014 0.198661 0.065141 0.043527
8 0.461268 0.273438 0.042254 0.026786
8 0.123239 0.279018 0.026408 0.021205
7 0.639085 0.296875 0.063380 0.013393
8 0.591549 0.296875 0.040493 0.026786
12 0.621479 0.350446 0.035211 0.027902
7 0.225352 0.359375 0.089789 0.012277
7 0.968310 0.361607 0.063380 0.012277
8 0.167254 0.359375 0.035211 0.022321
8 0.924296 0.361607 0.031690 0.022321
8 0.808099 0.412946 0.028169 0.022321
8 0.190141 0.445312 0.028169 0.020089
12 0.809859 0.465402 0.022887 0.020089
8 0.088028 0.498884 0.031690 0.022321
7 0.602113 0.527902 0.061620 0.013393
8 0.563380 0.526786 0.026408 0.021205
8 0.964789 0.533482 0.028169 0.022321
8 0.140845 0.540179 0.026408 0.021205
9 0.809859 0.537946 0.051056 0.036830
8 0.838028 0.561384 0.042254 0.026786
9 0.190141 0.575893 0.045775 0.033482
8 0.535211 0.595982 0.033451 0.021205
9 0.964789 0.636161 0.049296 0.034598
7 0.151408 0.732143 0.093310 0.012277
8 0.088028 0.732143 0.042254 0.026786
5 0.200704 0.763393 0.144366 0.024554
8 0.941901 0.771205 0.028169 0.020089
5 0.799296 0.785714 0.156690 0.026786
12 0.114437 0.790179 0.077465 0.040179
8 0.808099 0.810268 0.038732 0.026786
6 0.500000 0.927455 0.260563 0.046875
