50 0.859155 0.573661 0.281690 0.199777
0 0.500000 0.126116 0.186620 0.151786
139 0.885563 0.212054 0.133803 0.087054
3 0.200704 0.213170 0.207746 0.145089
80 0.360915 0.352679 0.119718 0.080357
28 0.424296 0.353795 0.105634 0.080357
122 0.146127 0.371652 0.204225 0.111607
40 0.686620 0.389509 0.126761 0.082589
140 0.742958 0.421875 0.077465 0.075893
117 0.776408 0.488839 0.119718 0.078125
95 0.661972 0.525670 0.116197 0.073661
59 0.135563 0.539062 0.066901 0.051339
62 0.801056 0.552455 0.098592 0.073661
106 0.244718 0.568080 0.179577 0.107143
107 0.836268 0.614955 0.140845 0.142857
46 0.419014 0.654018 0.098592 0.095982
1 0.200704 0.755580 0.144366 0.120536
2 0.797535 0.731027 0.179577 0.169643
40 0.352113 0.842634 0.126761 0.082589
110 0.644366 0.851562 0.112676 0.073661
0 0.500000 0.840402 0.214789 0.162946
115 0.415493 0.914062 0.116197 0.087054
129 0.362676 0.218750 0.346831 0.179688
69 0.688380 0.295759 0.088028 0.073661
57 0.589789 0.229911 0.609155 0.311384
25 0.419014 0.589286 0.102113 0.037946
69 0.510563 0.827009 0.084507 0.069196
4 0.211268 0.098214 0.126761 0.015625
5 0.200704 0.125000 0.161972 0.032366
7 0.908451 0.174107 0.061620 0.012277
8 0.866197 0.172991 0.028169 0.022321
7 0.454225 0.311384 0.091549 0.013393
8 0.146127 0.310268 0.028169 0.022321
8 0.330986 0.309152 0.036972 0.029018
8 0.392606 0.311384 0.042254 0.026786
12 0.426056 0.325893 0.058099 0.039062
7 0.707747 0.351562 0.065141 0.013393
8 0.665493 0.350446 0.029930 0.021205
8 0.742958 0.368304 0.026408 0.021205
12 0.147887 0.385045 0.033451 0.024554
7 0.809859 0.444196 0.091549 0.013393
8 0.748239 0.444196 0.042254 0.026786
9 0.146127 0.464286 0.035211 0.024554
8 0.661972 0.477679 0.042254 0.026786
8 0.244718 0.501116 0.031690 0.022321
8 0.801056 0.516741 0.035211 0.022321
8 0.838028 0.530134 0.040493 0.026786
7 0.454225 0.569196 0.089789 0.014509
8 0.397887 0.569196 0.026408 0.021205
7 0.440141 0.606027 0.056338 0.011161
9 0.661972 0.593750 0.054577 0.037946
8 0.397887 0.606027 0.038732 0.026786
9 0.246479 0.649554 0.061620 0.044643
9 0.836268 0.714286 0.049296 0.036830
5 0.797535 0.772321 0.137324 0.023438
5 0.200704 0.779018 0.153169 0.021205
8 0.352113 0.783482 0.036972 0.023438
8 0.644366 0.803571 0.044014 0.034598
12 0.644366 0.823661 0.028169 0.024554
7 0.450704 0.867188 0.091549 0.013393
8 0.390845 0.867188 0.036972 0.029018
6 0.500000 0.936384 0.253521 0.046875
9 0.415493 0.984375 0.044014 0.031250
