0 0.500000 0.107143 0.278169 0.189732
3 0.200704 0.212054 0.176056 0.147321
38 0.052817 0.404018 0.103873 0.074777
149 0.698944 0.543527 0.119718 0.095982
104 0.871479 0.581473 0.070423 0.049107
106 0.797535 0.600446 0.165493 0.100446
19 0.845070 0.662946 0.080986 0.035714
63 0.507042 0.777902 0.091549 0.058036
1 0.200704 0.752232 0.154930 0.128348
2 0.797535 0.743304 0.176056 0.145089
4 0.211268 0.097098 0.126761 0.015625
5 0.200704 0.122768 0.151408 0.032366
8 0.035211 0.354911 0.038732 0.026786
7 0.720070 0.497768 0.063380 0.012277
8 0.674296 0.498884 0.038732 0.026786
7 0.823944 0.550223 0.065141 0.013393
8 0.785211 0.549107 0.026408 0.021205
8 0.873239 0.547991 0.036972 0.029018
8 0.507042 0.739955 0.042254 0.026786
5 0.799296 0.780134 0.153169 0.024554
5 0.200704 0.789062 0.142606 0.024554
9 0.507042 0.843750 0.036972 0.026786
