28 0.860915 0.070312 0.116197 0.071429
131 0.170775 0.064732 0.154930 0.091518
72 0.628521 0.061384 0.140845 0.104911
53 0.183099 0.125000 0.056338 0.033482
113 0.753521 0.152902 0.102113 0.084821
0 0.500000 0.104911 0.257042 0.194196
59 0.580986 0.251116 0.061620 0.058036
1 0.200704 0.223214 0.151408 0.123884
1 0.797535 0.231027 0.144366 0.109375
103 0.427817 0.268973 0.158451 0.078125
136 0.154930 0.290179 0.130282 0.091518
115 0.808099 0.339286 0.119718 0.087054
51 0.417254 0.349330 0.169014 0.095982
90 0.301056 0.438616 0.095070 0.058036
71 0.281690 0.546875 0.098592 0.069196
64 0.091549 0.549107 0.140845 0.082589
120 0.383803 0.572545 0.151408 0.095982
16 0.040493 0.606027 0.045775 0.040179
83 0.904930 0.609375 0.091549 0.060268
133 0.515845 0.603795 0.151408 0.084821
103 0.802817 0.659598 0.137324 0.075893
144 0.154930 0.684152 0.109155 0.069196
2 0.200704 0.751116 0.179577 0.129464
3 0.797535 0.746652 0.190141 0.138393
0 0.500000 0.847098 0.228873 0.149554
41 0.628521 0.741071 0.144366 0.118304
8 0.630282 0.011161 0.033451 0.021205
7 0.190141 0.020089 0.065141 0.012277
8 0.144366 0.021205 0.033451 0.022321
8 0.862676 0.031250 0.026408 0.021205
12 0.630282 0.063616 0.036972 0.031250
7 0.186620 0.102679 0.033451 0.012277
8 0.753521 0.098214 0.029930 0.021205
8 0.158451 0.102679 0.028169 0.022321
5 0.200704 0.143973 0.156690 0.031250
9 0.628521 0.139509 0.066901 0.046875
5 0.799296 0.160714 0.160211 0.032366
7 0.450704 0.228795 0.061620 0.013393
8 0.408451 0.228795 0.031690 0.022321
8 0.154930 0.233259 0.035211 0.022321
7 0.830986 0.295759 0.063380 0.011161
7 0.440141 0.299107 0.065141 0.012277
8 0.397887 0.299107 0.028169 0.020089
8 0.785211 0.295759 0.040493 0.026786
9 0.429577 0.335938 0.047535 0.033482
7 0.323944 0.408482 0.061620 0.013393
8 0.276408 0.408482 0.038732 0.026786
7 0.116197 0.504464 0.063380 0.012277
8 0.073944 0.505580 0.033451 0.022321
7 0.304577 0.513393 0.063380 0.013393
8 0.262324 0.513393 0.028169 0.022321
7 0.410211 0.524554 0.063380 0.012277
8 0.362676 0.523438 0.038732 0.026786
12 0.281690 0.525670 0.056338 0.033482
8 0.517606 0.544643 0.029930 0.021205
7 0.922535 0.578125 0.063380 0.013393
7 0.072183 0.582589 0.095070 0.012277
8 0.880282 0.578125 0.028169 0.020089
8 0.015845 0.581473 0.028169 0.022321
7 0.838028 0.625000 0.095070 0.010045
8 0.781690 0.625000 0.026408 0.021205
8 0.154930 0.637277 0.035211 0.022321
9 0.383803 0.652902 0.042254 0.029018
9 0.042254 0.649554 0.061620 0.044643
8 0.630282 0.662946 0.036972 0.029018
5 0.797535 0.787946 0.137324 0.022321
5 0.200704 0.787946 0.149648 0.024554
4 0.806338 0.823661 0.126761 0.015625
6 0.500000 0.930804 0.253521 0.046875
