151 0.151408 0.704241 0.302817 0.225446
0 0.500000 0.123884 0.190141 0.156250
81 0.311620 0.180804 0.151408 0.100446
1 0.797535 0.229911 0.161972 0.111607
38 0.147887 0.276786 0.086268 0.060268
82 0.572183 0.250000 0.154930 0.122768
80 0.804577 0.289062 0.116197 0.084821
127 0.404930 0.339286 0.137324 0.091518
105 0.795775 0.351562 0.190141 0.102679
106 0.133803 0.390625 0.165493 0.100446
74 0.556338 0.618304 0.084507 0.055804
68 0.359155 0.646205 0.084507 0.046875
22 0.786972 0.654018 0.073944 0.042411
101 0.084507 0.704241 0.169014 0.093750
122 0.674296 0.733259 0.193662 0.104911
1 0.200704 0.755580 0.144366 0.120536
3 0.797535 0.755580 0.137324 0.120536
0 0.500000 0.838170 0.197183 0.167411
65 0.086268 0.085938 0.126761 0.089286
6 0.500000 0.022321 0.221831 0.044643
8 0.088028 0.037946 0.040493 0.025670
8 0.311620 0.118304 0.042254 0.026786
5 0.799296 0.158482 0.153169 0.032366
9 0.086268 0.167411 0.049296 0.036830
7 0.584507 0.184152 0.033451 0.013393
8 0.549296 0.184152 0.040493 0.026786
8 0.147887 0.225446 0.044014 0.034598
8 0.806338 0.248884 0.033451 0.022321
7 0.426056 0.292411 0.061620 0.011161
8 0.376761 0.292411 0.044014 0.034598
7 0.820423 0.303571 0.063380 0.014509
8 0.774648 0.304688 0.038732 0.026786
8 0.133803 0.328125 0.040493 0.026786
9 0.804577 0.349330 0.066901 0.049107
9 0.133803 0.479911 0.040493 0.029018
7 0.595070 0.593750 0.091549 0.012277
8 0.540493 0.593750 0.028169 0.020089
12 0.359155 0.602679 0.042254 0.031250
7 0.383803 0.622768 0.063380 0.011161
8 0.788732 0.622768 0.026408 0.021205
8 0.338028 0.622768 0.040493 0.026786
14 0.080986 0.639509 0.070423 0.011161
7 0.096831 0.656250 0.059859 0.011161
8 0.052817 0.656250 0.035211 0.022321
5 0.200704 0.764509 0.151408 0.024554
5 0.797535 0.787946 0.137324 0.025670
4 0.808099 0.812500 0.126761 0.015625
