33 0.693662 0.391741 0.364437 0.183036
0 0.500000 0.125000 0.216549 0.152902
1 0.200704 0.223214 0.151408 0.123884
3 0.797535 0.210938 0.165493 0.149554
103 0.415493 0.363839 0.147887 0.075893
18 0.255282 0.430804 0.077465 0.051339
128 0.109155 0.555804 0.218310 0.125000
62 0.463028 0.589286 0.123239 0.064732
76 0.237676 0.572545 0.109155 0.127232
139 0.471831 0.745536 0.126761 0.080357
1 0.200704 0.750000 0.183099 0.132812
1 0.797535 0.757812 0.147887 0.116071
0 0.500000 0.845982 0.221831 0.151786
92 0.852113 0.242188 0.225352 0.080357
125 0.637324 0.441964 0.142606 0.070312
39 0.035211 0.639509 0.070423 0.049107
24 0.857394 0.832589 0.042254 0.031250
4 0.809859 0.093750 0.126761 0.015625
5 0.797535 0.117188 0.144366 0.029018
5 0.200704 0.146205 0.158451 0.031250
8 0.852113 0.194196 0.031690 0.022321
7 0.285211 0.404018 0.093310 0.013393
12 0.257042 0.392857 0.047535 0.039062
8 0.225352 0.404018 0.036972 0.029018
7 0.058099 0.491071 0.063380 0.013393
8 0.015845 0.491071 0.031690 0.022321
9 0.257042 0.501116 0.029930 0.022321
7 0.239437 0.508929 0.033451 0.012277
8 0.211268 0.508929 0.029930 0.021205
8 0.463028 0.539062 0.038732 0.026786
12 0.038732 0.566964 0.028169 0.024554
7 0.035211 0.616071 0.033451 0.012277
8 0.015845 0.616071 0.031690 0.022321
9 0.038732 0.651786 0.052817 0.037946
8 0.471831 0.700893 0.036972 0.029018
5 0.200704 0.770089 0.144366 0.023438
5 0.797535 0.776786 0.144366 0.020089
12 0.857394 0.787946 0.052817 0.041295
8 0.859155 0.816964 0.026408 0.021205
6 0.500000 0.938616 0.253521 0.046875
