151 0.866197 0.431920 0.265845 0.225446
0 0.500000 0.120536 0.197183 0.162946
63 0.299296 0.185268 0.088028 0.062500
37 0.404930 0.205357 0.109155 0.058036
126 0.508803 0.254464 0.151408 0.109375
30 0.750000 0.315848 0.095070 0.051339
38 0.952465 0.343750 0.095070 0.070312
107 0.582747 0.324777 0.137324 0.140625
63 0.521127 0.368304 0.088028 0.064732
101 0.894366 0.431920 0.211268 0.087054
75 0.154930 0.541295 0.172535 0.091518
74 0.857394 0.562500 0.088028 0.053571
32 0.570423 0.637277 0.088028 0.049107
49 0.635563 0.660714 0.105634 0.075893
31 0.630282 0.699777 0.073944 0.051339
3 0.797535 0.763393 0.130282 0.104911
70 0.964789 0.861607 0.070423 0.058036
0 0.500000 0.852679 0.172535 0.137277
7 0.306338 0.155134 0.033451 0.013393
8 0.271127 0.156250 0.044014 0.034598
8 0.404930 0.162946 0.031690 0.022321
7 0.526408 0.203125 0.063380 0.012277
8 0.484155 0.203125 0.028169 0.020089
153 0.563380 0.251116 0.049296 0.037946
12 0.510563 0.267857 0.029930 0.020089
8 0.750000 0.285714 0.031690 0.022321
7 0.982394 0.310268 0.035211 0.012277
8 0.947183 0.310268 0.044014 0.034598
7 0.545775 0.332589 0.061620 0.014509
12 0.971831 0.327009 0.056338 0.035714
12 0.584507 0.341518 0.029930 0.023438
9 0.510563 0.337054 0.058099 0.042411
14 0.957747 0.373884 0.070423 0.011161
7 0.971831 0.388393 0.056338 0.014509
8 0.936620 0.388393 0.026408 0.021205
9 0.971831 0.415179 0.052817 0.037946
9 0.521127 0.429688 0.044014 0.033482
9 0.584507 0.428571 0.051056 0.036830
7 0.174296 0.497768 0.063380 0.011161
8 0.126761 0.497768 0.040493 0.026786
12 0.859155 0.524554 0.068662 0.033482
7 0.892606 0.535714 0.091549 0.012277
12 0.154930 0.531250 0.040493 0.027902
8 0.832747 0.535714 0.038732 0.026786
7 0.580986 0.611607 0.033451 0.012277
8 0.547535 0.610491 0.042254 0.026786
7 0.658451 0.618304 0.063380 0.013393
8 0.612676 0.618304 0.036972 0.029018
12 0.637324 0.636161 0.058099 0.035714
8 0.630282 0.659598 0.036972 0.029018
9 0.637324 0.728795 0.058099 0.040179
5 0.799296 0.764509 0.142606 0.024554
4 0.806338 0.818080 0.126761 0.015625
7 0.971831 0.837054 0.033451 0.013393
8 0.938380 0.837054 0.038732 0.026786
6 0.500000 0.927455 0.253521 0.046875
