0 0.500000 0.113839 0.228873 0.176339
106 0.315141 0.169643 0.165493 0.100446
90 0.457746 0.197545 0.088028 0.058036
111 0.080986 0.167411 0.126761 0.156250
90 0.315141 0.246652 0.080986 0.066964
58 0.683099 0.266741 0.119718 0.087054
80 0.746479 0.292411 0.109155 0.071429
80 0.382042 0.349330 0.116197 0.080357
75 0.582747 0.332589 0.084507 0.127232
137 0.308099 0.378348 0.056338 0.037946
40 0.911972 0.372768 0.126761 0.093750
67 0.588028 0.415179 0.112676 0.078125
68 0.811620 0.452009 0.119718 0.095982
70 0.577465 0.560268 0.105634 0.055804
105 0.235915 0.562500 0.186620 0.107143
53 0.482394 0.627232 0.070423 0.031250
35 0.681338 0.729911 0.052817 0.049107
2 0.797535 0.751116 0.179577 0.129464
114 0.299296 0.857143 0.151408 0.093750
0 0.500000 0.834821 0.228873 0.174107
79 0.903169 0.093750 0.169014 0.100446
57 0.264085 0.430804 0.528169 0.309152
54 0.633803 0.870536 0.151408 0.091518
7 0.922535 0.046875 0.065141 0.012277
8 0.876761 0.046875 0.036972 0.023438
7 0.100352 0.084821 0.063380 0.012277
8 0.058099 0.085938 0.028169 0.022321
8 0.315141 0.107143 0.038732 0.026786
7 0.485915 0.162946 0.065141 0.013393
8 0.443662 0.162946 0.029930 0.021205
8 0.316901 0.205357 0.036972 0.023438
8 0.683099 0.212054 0.044014 0.034598
12 0.315141 0.232143 0.021127 0.016741
9 0.080986 0.284598 0.042254 0.031250
7 0.390845 0.312500 0.029930 0.012277
8 0.366197 0.312500 0.026408 0.021205
12 0.382042 0.330357 0.042254 0.025670
7 0.325704 0.358259 0.063380 0.013393
8 0.278169 0.357143 0.044014 0.034598
8 0.588028 0.364955 0.036972 0.029018
7 0.830986 0.406250 0.061620 0.012277
8 0.788732 0.405134 0.031690 0.022321
9 0.383803 0.425223 0.051056 0.037946
8 0.235915 0.507812 0.040493 0.026786
7 0.595070 0.530134 0.061620 0.013393
8 0.551056 0.530134 0.035211 0.022321
12 0.577465 0.542411 0.054577 0.034598
12 0.235915 0.564732 0.045775 0.037946
12 0.482394 0.571429 0.047535 0.036830
7 0.503521 0.611607 0.063380 0.011161
8 0.461268 0.611607 0.029930 0.021205
9 0.577465 0.625000 0.051056 0.037946
9 0.235915 0.649554 0.036972 0.026786
9 0.482394 0.659598 0.088028 0.064732
8 0.683099 0.703125 0.026408 0.021205
5 0.799296 0.763393 0.149648 0.024554
7 0.316901 0.804688 0.065141 0.013393
8 0.272887 0.804688 0.031690 0.022321
6 0.500000 0.930804 0.253521 0.046875
