106 0.415493 0.050223 0.165493 0.100446
0 0.500000 0.117188 0.200704 0.169643
103 0.387324 0.184152 0.169014 0.084821
106 0.684859 0.178571 0.165493 0.100446
103 0.080986 0.220982 0.161972 0.069196
37 0.524648 0.250000 0.079225 0.072545
1 0.200704 0.214286 0.193662 0.142857
1 0.797535 0.228795 0.158451 0.113839
60 0.213028 0.279018 0.109155 0.058036
62 0.588028 0.332589 0.098592 0.073661
85 0.376761 0.340402 0.119718 0.098214
75 0.739437 0.393973 0.084507 0.127232
2 0.200704 0.739955 0.197183 0.151786
15 0.172535 0.825893 0.049296 0.037946
0 0.500000 0.847098 0.190141 0.149554
7 0.436620 0.003348 0.061620 0.006696
6 0.500000 0.021205 0.250000 0.042411
8 0.686620 0.127232 0.033451 0.022321
10 0.255282 0.098214 0.176056 0.084821
7 0.403169 0.141741 0.063380 0.011161
8 0.357394 0.141741 0.035211 0.022321
5 0.797535 0.156250 0.161972 0.032366
10 0.063380 0.147321 0.095070 0.053571
8 0.080986 0.181920 0.042254 0.026786
7 0.214789 0.250000 0.033451 0.011161
8 0.186620 0.250000 0.031690 0.022321
9 0.387324 0.252232 0.049296 0.037946
9 0.686620 0.257812 0.058099 0.042411
7 0.403169 0.285714 0.063380 0.012277
7 0.605634 0.291295 0.061620 0.013393
8 0.355634 0.286830 0.040493 0.026786
8 0.565141 0.291295 0.028169 0.022321
10 0.934859 0.334821 0.102113 0.054688
10 0.063380 0.462054 0.095070 0.047991
10 0.063380 0.517857 0.089789 0.047991
5 0.200704 0.783482 0.146127 0.023438
12 0.172535 0.794643 0.024648 0.021205
7 0.197183 0.806920 0.065141 0.013393
8 0.151408 0.806920 0.036972 0.029018
10 0.934859 0.827009 0.105634 0.051339
9 0.172535 0.879464 0.040493 0.027902
6 0.500000 0.933036 0.246479 0.045759
10 0.767606 0.926339 0.156690 0.075893
