56 0.464789 0.082589 0.334507 0.165179
0 0.500000 0.126116 0.190141 0.151786
1 0.200704 0.227679 0.165493 0.116071
3 0.799296 0.222098 0.209507 0.127232
139 0.753521 0.361607 0.116197 0.069196
96 0.464789 0.377232 0.112676 0.078125
75 0.765845 0.401786 0.080986 0.093750
23 0.771127 0.552455 0.063380 0.058036
35 0.369718 0.603795 0.095070 0.049107
82 0.077465 0.632812 0.154930 0.122768
3 0.200704 0.755580 0.137324 0.120536
2 0.797535 0.743304 0.176056 0.145089
0 0.500000 0.845982 0.221831 0.151786
116 0.084507 0.166295 0.098592 0.064732
41 0.940141 0.361607 0.119718 0.167411
57 0.253521 0.508929 0.507042 0.308036
6 0.500000 0.027902 0.250000 0.044643
4 0.809859 0.116071 0.126761 0.015625
5 0.799296 0.141741 0.146127 0.029018
5 0.200704 0.152902 0.160211 0.031250
7 0.971831 0.279018 0.033451 0.012277
8 0.938380 0.277902 0.038732 0.026786
7 0.769366 0.331473 0.063380 0.013393
8 0.727113 0.331473 0.028169 0.022321
8 0.440141 0.333705 0.036972 0.029018
8 0.767606 0.339286 0.026408 0.021205
8 0.771127 0.520089 0.035211 0.022321
8 0.026408 0.562500 0.038732 0.026786
8 0.369718 0.573661 0.040493 0.026786
5 0.797535 0.765625 0.137324 0.025670
5 0.200704 0.787946 0.142606 0.023438
4 0.205986 0.823661 0.126761 0.015625
6 0.500000 0.929688 0.253521 0.046875
