50 0.355634 0.651786 0.392606 0.199777
124 0.316901 0.165179 0.072183 0.062500
108 0.739437 0.171875 0.063380 0.051339
0 0.500000 0.117188 0.200704 0.169643
2 0.200704 0.219866 0.214789 0.131696
34 0.200704 0.283482 0.221831 0.055804
29 0.899648 0.335938 0.133803 0.055804
64 0.362676 0.349330 0.158451 0.075893
98 0.471831 0.375000 0.073944 0.073661
55 0.790493 0.412946 0.080986 0.064732
102 0.230634 0.389509 0.140845 0.122768
128 0.406690 0.399554 0.200704 0.120536
40 0.589789 0.560268 0.126761 0.082589
134 0.309859 0.654018 0.186620 0.142857
89 0.084507 0.726562 0.105634 0.104911
100 0.850352 0.805804 0.133803 0.107143
149 0.306338 0.816964 0.119718 0.095982
0 0.500000 0.842634 0.246479 0.158482
54 0.193662 0.098214 0.137324 0.087054
8 0.739437 0.125000 0.044014 0.034598
12 0.315141 0.127232 0.052817 0.039062
5 0.200704 0.141741 0.156690 0.033482
9 0.739437 0.229911 0.040493 0.029018
9 0.316901 0.232143 0.047535 0.034598
7 0.924296 0.306920 0.063380 0.011161
8 0.362676 0.308036 0.031690 0.022321
8 0.876761 0.305804 0.044014 0.034598
8 0.232394 0.318080 0.040493 0.026786
8 0.471831 0.328125 0.042254 0.026786
7 0.440141 0.339286 0.091549 0.012277
8 0.376761 0.339286 0.042254 0.026786
7 0.813380 0.376116 0.063380 0.013393
8 0.771127 0.376116 0.033451 0.022321
12 0.230634 0.379464 0.038732 0.031250
9 0.230634 0.483259 0.049296 0.035714
7 0.616197 0.524554 0.065141 0.012277
8 0.568662 0.523438 0.038732 0.026786
8 0.309859 0.578125 0.044014 0.034598
7 0.109155 0.671875 0.061620 0.013393
8 0.065141 0.671875 0.031690 0.022321
8 0.852113 0.741071 0.044014 0.034598
7 0.325704 0.768973 0.063380 0.013393
8 0.285211 0.767857 0.026408 0.021205
