56 0.651408 0.136161 0.332746 0.166295
33 0.244718 0.334821 0.077465 0.063616
87 0.309859 0.660714 0.392606 0.205357
33 0.672535 0.774554 0.364437 0.181920
3 0.200704 0.210938 0.165493 0.149554
3 0.797535 0.222098 0.207746 0.127232
145 0.378521 0.258929 0.063380 0.104911
28 0.790493 0.320312 0.144366 0.080357
85 0.383803 0.320312 0.109155 0.102679
112 0.637324 0.373884 0.109155 0.087054
31 0.362676 0.408482 0.095070 0.073661
146 0.255282 0.542411 0.119718 0.095982
99 0.258803 0.581473 0.056338 0.055804
145 0.433099 0.580357 0.091549 0.062500
53 0.487676 0.693080 0.070423 0.031250
105 0.160211 0.679688 0.190141 0.102679
81 0.679577 0.763393 0.151408 0.084821
3 0.200704 0.755580 0.137324 0.120536
2 0.797535 0.748884 0.161972 0.133929
102 0.801056 0.858259 0.144366 0.127232
0 0.500000 0.851562 0.176056 0.140625
41 0.910211 0.060268 0.179577 0.120536
25 0.573944 0.156250 0.102113 0.029018
84 0.897887 0.334821 0.144366 0.060268
39 0.794014 0.440848 0.080986 0.051339
94 0.466549 0.588170 0.144366 0.055804
7 0.966549 0.004464 0.066901 0.008929
8 0.922535 0.010045 0.028169 0.020089
4 0.211268 0.093750 0.126761 0.015625
4 0.809859 0.116071 0.123239 0.015625
5 0.200704 0.119420 0.137324 0.026786
8 0.573944 0.127232 0.029930 0.021205
5 0.797535 0.145089 0.161972 0.034598
7 0.397887 0.205357 0.061620 0.012277
8 0.357394 0.206473 0.028169 0.022321
7 0.406690 0.267857 0.063380 0.011161
8 0.790493 0.270089 0.028169 0.020089
8 0.362676 0.267857 0.036972 0.029018
7 0.927817 0.308036 0.091549 0.012277
8 0.866197 0.306920 0.038732 0.026786
8 0.637324 0.316964 0.029930 0.021205
12 0.383803 0.322545 0.052817 0.033482
8 0.362676 0.357143 0.033451 0.022321
12 0.362676 0.379464 0.073944 0.039062
9 0.790493 0.385045 0.056338 0.042411
9 0.383803 0.396205 0.070423 0.046875
8 0.795775 0.414062 0.040493 0.026786
8 0.257042 0.484375 0.029930 0.021205
8 0.433099 0.535714 0.042254 0.026786
8 0.260563 0.549107 0.036972 0.029018
8 0.468310 0.553571 0.033451 0.022321
7 0.177817 0.630580 0.063380 0.013393
8 0.133803 0.630580 0.031690 0.022321
8 0.487676 0.672991 0.038732 0.026786
7 0.702465 0.720982 0.059859 0.012277
8 0.661972 0.722098 0.028169 0.022321
5 0.200704 0.764509 0.161972 0.026786
5 0.797535 0.785714 0.144366 0.023438
8 0.801056 0.794643 0.028169 0.020089
4 0.205986 0.815848 0.126761 0.015625
6 0.500000 0.931920 0.260563 0.046875
