86 0.250000 0.294643 0.341549 0.168527
119 0.322183 0.296875 0.450704 0.227679
138 0.792253 0.059152 0.158451 0.113839
74 0.899648 0.126116 0.126761 0.075893
102 0.647887 0.128348 0.221831 0.087054
0 0.500000 0.118304 0.218310 0.167411
3 0.797535 0.220982 0.144366 0.129464
21 0.355634 0.265625 0.066901 0.044643
106 0.628521 0.330357 0.179577 0.107143
95 0.526408 0.351562 0.116197 0.073661
47 0.853873 0.351562 0.123239 0.095982
75 0.742958 0.352679 0.084507 0.127232
66 0.167254 0.606027 0.112676 0.073661
22 0.485915 0.757812 0.088028 0.049107
2 0.200704 0.738839 0.172535 0.154018
2 0.797535 0.739955 0.169014 0.151786
0 0.500000 0.852679 0.225352 0.139509
41 0.633803 0.236607 0.116197 0.116071
26 0.862676 0.272321 0.272887 0.193080
24 0.468310 0.536830 0.059859 0.031250
24 0.639085 0.579241 0.056338 0.037946
84 0.297535 0.694196 0.144366 0.073661
125 0.619718 0.737723 0.146127 0.089286
129 0.369718 0.789062 0.382042 0.162946
57 0.809859 0.745536 0.380282 0.312500
7 0.816901 0.005580 0.063380 0.011161
8 0.771127 0.013393 0.040493 0.026786
6 0.500000 0.022321 0.250000 0.044643
8 0.647887 0.073661 0.036972 0.023438
7 0.922535 0.085938 0.063380 0.011161
8 0.876761 0.085938 0.036972 0.029018
4 0.809859 0.113839 0.126761 0.015625
5 0.799296 0.140625 0.139085 0.027902
8 0.633803 0.166295 0.040493 0.026786
9 0.901408 0.197545 0.051056 0.035714
7 0.380282 0.243304 0.061620 0.013393
8 0.332746 0.243304 0.038732 0.026786
8 0.628521 0.271205 0.031690 0.022321
7 0.869718 0.305804 0.061620 0.014509
8 0.827465 0.305804 0.033451 0.022321
8 0.528169 0.305804 0.036972 0.023438
9 0.633803 0.325893 0.044014 0.034598
12 0.628521 0.334821 0.035211 0.031250
8 0.468310 0.514509 0.040493 0.026786
12 0.639085 0.530134 0.035211 0.026786
7 0.654930 0.558036 0.061620 0.014509
8 0.609155 0.558036 0.036972 0.029018
8 0.167254 0.570312 0.035211 0.022321
8 0.297535 0.656250 0.028169 0.022321
9 0.169014 0.679688 0.051056 0.035714
7 0.494718 0.733259 0.035211 0.011161
8 0.459507 0.733259 0.042254 0.026786
5 0.797535 0.767857 0.154930 0.024554
5 0.200704 0.770089 0.142606 0.025670
6 0.500000 0.931920 0.253521 0.046875
