151 0.264085 0.094866 0.447183 0.189732
119 0.153169 0.216518 0.306338 0.227679
151 0.154930 0.787946 0.308099 0.229911
101 0.264085 0.078125 0.186620 0.122768
0 0.500000 0.116071 0.232394 0.171875
85 0.679577 0.180804 0.098592 0.089286
106 0.917253 0.224330 0.165493 0.100446
2 0.200704 0.219866 0.183099 0.131696
2 0.797535 0.218750 0.179577 0.133929
28 0.061620 0.397321 0.123239 0.058036
59 0.260563 0.592634 0.066901 0.051339
49 0.394366 0.658482 0.102113 0.075893
124 0.568662 0.756696 0.095070 0.058036
2 0.797535 0.748884 0.161972 0.133929
101 0.084507 0.789062 0.169014 0.093750
0 0.500000 0.845982 0.214789 0.152902
69 0.489437 0.581473 0.084507 0.062500
14 0.264085 0.006696 0.070423 0.013393
8 0.264085 0.011161 0.031690 0.022321
7 0.704225 0.136161 0.065141 0.013393
8 0.656690 0.136161 0.035211 0.023438
5 0.200704 0.138393 0.137324 0.026786
5 0.797535 0.136161 0.158451 0.031250
7 0.971831 0.169643 0.056338 0.012277
8 0.929577 0.169643 0.036972 0.029018
12 0.679577 0.174107 0.029930 0.025670
12 0.948944 0.207589 0.035211 0.023438
7 0.077465 0.370536 0.096831 0.014509
8 0.021127 0.371652 0.040493 0.026786
8 0.373239 0.614955 0.028169 0.022321
14 0.084507 0.722098 0.070423 0.013393
8 0.568662 0.726562 0.028169 0.022321
8 0.084507 0.727679 0.038732 0.026786
9 0.394366 0.723214 0.072183 0.052455
5 0.799296 0.781250 0.139085 0.022321
6 0.500000 0.931920 0.253521 0.046875
