0 0.500000 0.113839 0.228873 0.176339
139 0.651408 0.245536 0.116197 0.073661
2 0.797535 0.219866 0.183099 0.131696
134 0.237676 0.227679 0.183099 0.165179
35 0.626761 0.306920 0.066901 0.053571
28 0.191901 0.308036 0.123239 0.058036
108 0.352113 0.319196 0.091549 0.053571
139 0.128521 0.600446 0.126761 0.078125
139 0.941901 0.687500 0.116197 0.073661
73 0.304577 0.724330 0.105634 0.060268
3 0.797535 0.755580 0.137324 0.120536
51 0.626761 0.878348 0.193662 0.082589
0 0.500000 0.845982 0.221831 0.151786
27 0.205986 0.194196 0.267606 0.136161
5 0.799296 0.138393 0.149648 0.030134
7 0.674296 0.207589 0.063380 0.013393
8 0.630282 0.207589 0.036972 0.023438
7 0.218310 0.279018 0.061620 0.012277
8 0.176056 0.279018 0.026408 0.021205
7 0.646127 0.283482 0.063380 0.013393
8 0.598592 0.283482 0.044014 0.034598
7 0.369718 0.295759 0.063380 0.013393
8 0.330986 0.294643 0.026408 0.021205
9 0.352113 0.381696 0.042254 0.030134
8 0.128521 0.561384 0.028169 0.022321
7 0.975352 0.648438 0.049296 0.013393
8 0.938380 0.648438 0.028169 0.022321
12 0.306338 0.689732 0.033451 0.025670
5 0.799296 0.789062 0.135563 0.022321
9 0.306338 0.785714 0.051056 0.037946
4 0.806338 0.822545 0.126761 0.015625
7 0.644366 0.839286 0.061620 0.012277
8 0.598592 0.839286 0.040493 0.026786
