47 0.732394 0.141741 0.123239 0.095982
0 0.500000 0.125000 0.216549 0.152902
1 0.200704 0.223214 0.151408 0.123884
3 0.797535 0.222098 0.154930 0.127232
72 0.672535 0.236607 0.137324 0.098214
18 0.301056 0.273438 0.049296 0.031250
98 0.468310 0.276786 0.102113 0.062500
97 0.147887 0.350446 0.102113 0.080357
98 0.052817 0.364955 0.105634 0.058036
124 0.228873 0.376116 0.089789 0.073661
96 0.762324 0.522321 0.102113 0.080357
110 0.091549 0.569196 0.112676 0.098214
2 0.797535 0.743304 0.176056 0.145089
0 0.500000 0.839286 0.227113 0.165179
71 0.528169 0.916295 0.070423 0.064732
125 0.693662 0.437500 0.142606 0.070312
8 0.732394 0.088170 0.040493 0.026786
4 0.809859 0.116071 0.126761 0.015625
5 0.797535 0.140625 0.154930 0.031250
5 0.200704 0.147321 0.140845 0.027902
7 0.697183 0.191964 0.065141 0.012277
8 0.651408 0.191964 0.031690 0.022321
12 0.468310 0.245536 0.035211 0.021205
8 0.301056 0.250000 0.038732 0.026786
7 0.186620 0.310268 0.093310 0.013393
8 0.126761 0.310268 0.031690 0.022321
7 0.052817 0.332589 0.066901 0.013393
8 0.017606 0.332589 0.035211 0.029018
12 0.147887 0.347098 0.031690 0.026786
9 0.147887 0.421875 0.054577 0.037946
7 0.786972 0.484375 0.063380 0.014509
8 0.744718 0.483259 0.028169 0.022321
7 0.117958 0.517857 0.063380 0.012277
8 0.077465 0.518973 0.028169 0.022321
5 0.797535 0.782366 0.161972 0.022321
