33 0.112676 0.776786 0.225352 0.181920
0 0.500000 0.117188 0.211268 0.169643
74 0.683099 0.252232 0.066901 0.058036
2 0.200704 0.219866 0.214789 0.131696
2 0.797535 0.218750 0.179577 0.133929
37 0.415493 0.399554 0.105634 0.050223
20 0.385563 0.446429 0.063380 0.042411
22 0.820423 0.527902 0.066901 0.042411
115 0.420775 0.694196 0.095070 0.078125
17 0.301056 0.776786 0.091549 0.060268
3 0.200704 0.755580 0.137324 0.120536
1 0.799296 0.742188 0.184859 0.147321
0 0.500000 0.850446 0.214789 0.142857
24 0.257042 0.239955 0.042254 0.035714
10 0.267606 0.107143 0.139085 0.066964
5 0.799296 0.136161 0.135563 0.026786
5 0.200704 0.138393 0.160211 0.031250
10 0.063380 0.176339 0.091549 0.045759
8 0.257042 0.215402 0.028169 0.022321
7 0.714789 0.227679 0.089789 0.013393
10 0.063380 0.209821 0.093310 0.052455
8 0.658451 0.227679 0.026408 0.021205
10 0.936620 0.247768 0.107394 0.049107
9 0.257042 0.281250 0.059859 0.043527
7 0.433099 0.372768 0.065141 0.012277
8 0.390845 0.372768 0.033451 0.022321
7 0.394366 0.419643 0.033451 0.012277
8 0.362676 0.420759 0.035211 0.022321
9 0.415493 0.459821 0.051056 0.037946
10 0.063380 0.450893 0.107394 0.056920
8 0.820423 0.500000 0.029930 0.021205
10 0.063380 0.594866 0.096831 0.053571
8 0.422535 0.649554 0.029930 0.021205
7 0.334507 0.750000 0.093310 0.013393
8 0.274648 0.750000 0.036972 0.023438
5 0.200704 0.770089 0.144366 0.024554
5 0.799296 0.783482 0.156690 0.025670
4 0.205986 0.821429 0.126761 0.015625
10 0.739437 0.926339 0.139085 0.077009
